   0.2366494455E+000
   0.2366494588E+000
   0.2366494788E+000
   0.2366495088E+000
   0.2366495537E+000
   0.2366496212E+000
   0.2366497224E+000
   0.2366498741E+000
   0.2366501018E+000
   0.2366504433E+000
   0.2366509555E+000
   0.2366517238E+000
   0.2366528763E+000
   0.2366546050E+000
   0.2366571981E+000
   0.2366610876E+000
   0.2366669215E+000
   0.2366756721E+000
   0.2366887968E+000
   0.2367084814E+000
   0.2367380031E+000
   0.2367822736E+000
   0.2368486521E+000
   0.2369481590E+000
   0.2370972825E+000
   0.2373206603E+000
   0.2376550375E+000
   0.2381550588E+000
   0.2389016391E+000
   0.2400138220E+000
   0.2409239844E+000
