   0.5177669024E+000
   0.5177669033E+000
   0.5177669047E+000
   0.5177669069E+000
   0.5177669101E+000
   0.5177669149E+000
   0.5177669221E+000
   0.5177669329E+000
   0.5177669491E+000
   0.5177669734E+000
   0.5177670099E+000
   0.5177670645E+000
   0.5177671466E+000
   0.5177672697E+000
   0.5177674543E+000
   0.5177677312E+000
   0.5177681466E+000
   0.5177687697E+000
   0.5177697043E+000
   0.5177711065E+000
   0.5177732098E+000
   0.5177763654E+000
   0.5177810997E+000
   0.5177882037E+000
   0.5177988649E+000
   0.5178148689E+000
   0.5178389018E+000
   0.5178750115E+000
   0.5179293112E+000
   0.5180110615E+000
   0.5180787345E+000
