   0.3788717072E+000
   0.3788716925E+000
   0.3788716706E+000
   0.3788716376E+000
   0.3788715883E+000
   0.3788715142E+000
   0.3788714030E+000
   0.3788712363E+000
   0.3788709863E+000
   0.3788706113E+000
   0.3788700487E+000
   0.3788692048E+000
   0.3788679390E+000
   0.3788660403E+000
   0.3788631924E+000
   0.3788589206E+000
   0.3788525130E+000
   0.3788429023E+000
   0.3788284872E+000
   0.3788068673E+000
   0.3787744433E+000
   0.3787258204E+000
   0.3786529156E+000
   0.3785436248E+000
   0.3783798379E+000
   0.3781344927E+000
   0.3777672266E+000
   0.3772180114E+000
   0.3763979521E+000
   0.3751762463E+000
   0.3741764009E+000
