   0.0000000000E+000
   0.2060791511E-007
   0.5151978658E-007
   0.9788759108E-007
   0.1674392918E-006
   0.2717668291E-006
   0.4282581044E-006
   0.6629949481E-006
   0.1015100058E-005
   0.1543257372E-005
   0.2335492556E-005
   0.3523843558E-005
   0.5306366071E-005
   0.7980140863E-005
   0.1199078285E-004
   0.1800670039E-004
   0.2703047444E-004
   0.4056590547E-004
   0.6086853442E-004
   0.9132131339E-004
   0.1369978622E-003
   0.2055067927E-003
   0.3082569345E-003
   0.4623523416E-003
   0.6934284426E-003
   0.1039892002E-002
   0.1559249112E-002
   0.2337525794E-002
   0.3503239916E-002
   0.5248006884E-002
   0.7856673892E-002
   0.1000000000E-001
