   0.0000000000E+000
   0.2522461456E-010
   0.6306153638E-010
   0.1198169191E-009
   0.2049499931E-009
   0.3326496040E-009
   0.5241990202E-009
   0.8115231438E-009
   0.1242509328E-008
   0.1888988601E-008
   0.2858707505E-008
   0.4313285847E-008
   0.6495153327E-008
   0.9767954474E-008
   0.1467715603E-007
   0.2204095800E-007
   0.3308666013E-007
   0.4965521147E-007
   0.7450803429E-007
   0.1117872591E-006
   0.1677060752E-006
   0.2515842517E-006
   0.3774014093E-006
   0.5661269047E-006
   0.8492146054E-006
   0.1273844936E-005
   0.1910787686E-005
   0.2866195634E-005
   0.4299293655E-005
   0.6448909414E-005
   0.9673262689E-005
   0.1450963430E-004
   0.2176383555E-004
   0.3264433622E-004
   0.4896328487E-004
   0.7343765395E-004
   0.1101400909E-003
   0.1651732495E-003
   0.2359097483E-003
   0.3154556527E-003
   0.4096385802E-003
   0.5237541593E-003
   0.6637123371E-003
   0.8365518649E-003
   0.1050857122E-002
   0.1317197337E-002
   0.1648635175E-002
   0.2061333879E-002
   0.2575287481E-002
   0.3215197258E-002
   0.4011516288E-002
   0.5001680722E-002
   0.6231539344E-002
   0.7756980079E-002
   0.9645730798E-002
   0.1000000000E-001
