   0.8702183899E-001
   0.8702182133E-001
   0.8702179484E-001
   0.8702175511E-001
   0.8702169551E-001
   0.8702160612E-001
   0.8702147204E-001
   0.8702127093E-001
   0.8702096932E-001
   0.8702051698E-001
   0.8701983867E-001
   0.8701882165E-001
   0.8701729712E-001
   0.8701501256E-001
   0.8701159076E-001
   0.8700646933E-001
   0.8699881231E-001
   0.8698738275E-001
   0.8697036222E-001
   0.8694510323E-001
   0.8690780457E-001
   0.8685311547E-001
   0.8677370731E-001
   0.8665990186E-001
   0.8665827554E-001
