   0.1077854857E+000
   0.1077854808E+000
   0.1077854735E+000
   0.1077854624E+000
   0.1077854459E+000
   0.1077854210E+000
   0.1077853837E+000
   0.1077853278E+000
   0.1077852440E+000
   0.1077851182E+000
   0.1077849296E+000
   0.1077846469E+000
   0.1077842231E+000
   0.1077835881E+000
   0.1077826372E+000
   0.1077812142E+000
   0.1077790873E+000
   0.1077759139E+000
   0.1077711913E+000
   0.1077641899E+000
   0.1077538664E+000
   0.1077387624E+000
   0.1077169004E+000
   0.1076857105E+000
   0.1076852660E+000
