   0.3199668113E-001
   0.3199671337E-001
   0.3199676173E-001
   0.3199683426E-001
   0.3199694306E-001
   0.3199710625E-001
   0.3199735103E-001
   0.3199771815E-001
   0.3199826878E-001
   0.3199909456E-001
   0.3200033288E-001
   0.3200218958E-001
   0.3200497287E-001
   0.3200914384E-001
   0.3201539142E-001
   0.3202474292E-001
   0.3203872579E-001
   0.3205960140E-001
   0.3209069641E-001
   0.3213685906E-001
   0.3220506156E-001
   0.3230514168E-001
   0.3245062427E-001
   0.3265947318E-001
   0.3266246057E-001
