   0.9551005286E-001
   0.9551005544E-001
   0.9551005932E-001
   0.9551006514E-001
   0.9551007387E-001
   0.9551008696E-001
   0.9551010659E-001
   0.9551013605E-001
   0.9551018022E-001
   0.9551024647E-001
   0.9551034581E-001
   0.9551049478E-001
   0.9551071810E-001
   0.9551105281E-001
   0.9551155424E-001
   0.9551230499E-001
   0.9551342799E-001
   0.9551510553E-001
   0.9551760642E-001
   0.9552132387E-001
   0.9552682641E-001
   0.9553547770E-001
   0.9554884597E-001
   0.9556813841E-001
   0.9556841523E-001
