   0.0000000000E+000
   0.3220155220E-006
   0.8050353541E-006
   0.1529557338E-005
   0.2616322844E-005
   0.4246431799E-005
   0.6691506806E-005
   0.1035892039E-004
   0.1585959325E-004
   0.2410959594E-004
   0.3648233613E-004
   0.5503635614E-004
   0.8285594439E-004
   0.1245596211E-003
   0.1870574271E-003
   0.2806747237E-003
   0.4208109408E-003
   0.6303682239E-003
   0.9432644044E-003
   0.1409422363E-002
   0.2101663370E-002
   0.3124840268E-002
   0.4627184997E-002
   0.6813052833E-002
   0.9955021284E-002
   0.1000000000E-001
