   0.1110210563E+000
   0.1110210859E+000
   0.1110211302E+000
   0.1110211967E+000
   0.1110212965E+000
   0.1110214461E+000
   0.1110216706E+000
   0.1110220072E+000
   0.1110225123E+000
   0.1110232698E+000
   0.1110244061E+000
   0.1110261106E+000
   0.1110286673E+000
   0.1110325024E+000
   0.1110382552E+000
   0.1110468846E+000
   0.1110598291E+000
   0.1110792470E+000
   0.1111083762E+000
   0.1111520751E+000
   0.1112176352E+000
   0.1113160010E+000
   0.1114636055E+000
   0.1116851318E+000
   0.1119208174E+000
