   0.1160994944E+000
   0.1160994919E+000
   0.1160994881E+000
   0.1160994825E+000
   0.1160994741E+000
   0.1160994614E+000
   0.1160994423E+000
   0.1160994138E+000
   0.1160993712E+000
   0.1160993079E+000
   0.1160992130E+000
   0.1160990708E+000
   0.1160988575E+000
   0.1160985378E+000
   0.1160980589E+000
   0.1160973420E+000
   0.1160962696E+000
   0.1160946679E+000
   0.1160922809E+000
   0.1160887351E+000
   0.1160834946E+000
   0.1160758088E+000
   0.1160646708E+000
   0.1160488344E+000
   0.1160331272E+000
