   0.2671007973E+000
   0.2671008301E+000
   0.2671008794E+000
   0.2671009534E+000
   0.2671010643E+000
   0.2671012307E+000
   0.2671014802E+000
   0.2671018546E+000
   0.2671024161E+000
   0.2671032584E+000
   0.2671045219E+000
   0.2671064171E+000
   0.2671092602E+000
   0.2671135251E+000
   0.2671199232E+000
   0.2671295220E+000
   0.2671439241E+000
   0.2671655356E+000
   0.2671979718E+000
   0.2672466688E+000
   0.2673198096E+000
   0.2674297340E+000
   0.2675950950E+000
   0.2678441870E+000
   0.2681103891E+000
