   0.2281859879E+000
   0.2281860480E+000
   0.2281861381E+000
   0.2281862732E+000
   0.2281864760E+000
   0.2281867801E+000
   0.2281872363E+000
   0.2281879206E+000
   0.2281889471E+000
   0.2281904870E+000
   0.2281927968E+000
   0.2281962615E+000
   0.2282014585E+000
   0.2282092539E+000
   0.2282209467E+000
   0.2282384852E+000
   0.2282647913E+000
   0.2283042470E+000
   0.2283634225E+000
   0.2284521678E+000
   0.2285852448E+000
   0.2287847683E+000
   0.2290838452E+000
   0.2295319874E+000
   0.2300078461E+000
