   0.0000000000E+000
   0.2210513782E-006
   0.5526283001E-006
   0.1049993356E-005
   0.1796040203E-005
   0.2915108817E-005
   0.4593708010E-005
   0.7111598414E-005
   0.1088841515E-004
   0.1655359779E-004
   0.2505127623E-004
   0.3779757897E-004
   0.5691654950E-004
   0.8559391735E-004
   0.1286075215E-003
   0.1931224215E-003
   0.2898823856E-003
   0.4349944733E-003
   0.6525999580E-003
   0.9788673455E-003
   0.1467951928E-002
   0.2200867994E-002
   0.3298647196E-002
   0.4941742323E-002
   0.7398393943E-002
   0.1000000000E-001
