   0.0000000000E+000
   0.9924868678E-009
   0.2481216744E-008
   0.4714310601E-008
   0.8063949232E-008
   0.1308840233E-007
   0.2062507107E-007
   0.3193004965E-007
   0.4888746230E-007
   0.7432345705E-007
   0.1124771697E-006
   0.1697071097E-006
   0.2555506050E-006
   0.3843126645E-006
   0.5774485921E-006
   0.8671363720E-006
   0.1301631799E-005
   0.1953293417E-005
   0.2930602512E-005
   0.4396153948E-005
   0.6593554646E-005
   0.9887574540E-005
   0.1482393314E-004
   0.2221799889E-004
   0.3282209696E-004
   0.4442943260E-004
   0.5802852441E-004
   0.7441315978E-004
   0.9443590741E-004
   0.1190962434E-003
   0.1496019295E-003
   0.1874289266E-003
   0.2343878069E-003
   0.2927003740E-003
   0.3650887457E-003
   0.4548783709E-003
   0.5661157731E-003
   0.7037010592E-003
   0.8735344367E-003
   0.1082675326E-002
   0.1339512502E-002
   0.1653944507E-002
   0.1995808118E-002
   0.2364600940E-002
   0.2773667852E-002
   0.3233823341E-002
   0.3755290849E-002
   0.4348500392E-002
   0.5024522962E-002
   0.5795371505E-002
   0.6674254309E-002
   0.7675819663E-002
   0.8816413163E-002
   0.1000000000E-001
