   0.2358174716E+000
   0.2358174718E+000
   0.2358174722E+000
   0.2358174727E+000
   0.2358174735E+000
   0.2358174747E+000
   0.2358174765E+000
   0.2358174792E+000
   0.2358174832E+000
   0.2358174893E+000
   0.2358174984E+000
   0.2358175121E+000
   0.2358175326E+000
   0.2358175633E+000
   0.2358176094E+000
   0.2358176785E+000
   0.2358177823E+000
   0.2358179379E+000
   0.2358181712E+000
   0.2358185213E+000
   0.2358190464E+000
   0.2358198341E+000
   0.2358210155E+000
   0.2358227877E+000
   0.2358254458E+000
   0.2358294329E+000
   0.2358354131E+000
   0.2358443825E+000
   0.2358578348E+000
   0.2358780090E+000
   0.2359082606E+000
   0.2359536165E+000
   0.2360216017E+000
   0.2361234703E+000
   0.2362760283E+000
   0.2365043162E+000
   0.2368455192E+000
   0.2373545814E+000
   0.2376297716E+000
