   0.1517218166E+000
   0.1517218167E+000
   0.1517218169E+000
   0.1517218171E+000
   0.1517218174E+000
   0.1517218179E+000
   0.1517218187E+000
   0.1517218199E+000
   0.1517218216E+000
   0.1517218242E+000
   0.1517218281E+000
   0.1517218340E+000
   0.1517218428E+000
   0.1517218560E+000
   0.1517218757E+000
   0.1517219054E+000
   0.1517219499E+000
   0.1517220167E+000
   0.1517221168E+000
   0.1517222671E+000
   0.1517224924E+000
   0.1517228304E+000
   0.1517233373E+000
   0.1517240978E+000
   0.1517252384E+000
   0.1517269492E+000
   0.1517295153E+000
   0.1517333641E+000
   0.1517391363E+000
   0.1517477925E+000
   0.1517607721E+000
   0.1517802309E+000
   0.1518093955E+000
   0.1518530892E+000
   0.1519185103E+000
   0.1520163743E+000
   0.1521625964E+000
   0.1523806104E+000
   0.1524983848E+000
