   0.1901278439E+000
   0.1901278441E+000
   0.1901278445E+000
   0.1901278450E+000
   0.1901278457E+000
   0.1901278469E+000
   0.1901278486E+000
   0.1901278512E+000
   0.1901278550E+000
   0.1901278608E+000
   0.1901278695E+000
   0.1901278826E+000
   0.1901279021E+000
   0.1901279314E+000
   0.1901279754E+000
   0.1901280414E+000
   0.1901281403E+000
   0.1901282888E+000
   0.1901285114E+000
   0.1901288454E+000
   0.1901293464E+000
   0.1901300979E+000
   0.1901312251E+000
   0.1901329159E+000
   0.1901354520E+000
   0.1901392560E+000
   0.1901449618E+000
   0.1901535197E+000
   0.1901663551E+000
   0.1901856047E+000
   0.1902144713E+000
   0.1902577538E+000
   0.1903226384E+000
   0.1904198772E+000
   0.1905655376E+000
   0.1907835847E+000
   0.1911096622E+000
   0.1915965600E+000
   0.1918599691E+000
