   0.1103994141E+000
   0.1103994145E+000
   0.1103994150E+000
   0.1103994159E+000
   0.1103994172E+000
   0.1103994192E+000
   0.1103994222E+000
   0.1103994266E+000
   0.1103994333E+000
   0.1103994433E+000
   0.1103994584E+000
   0.1103994809E+000
   0.1103995147E+000
   0.1103995654E+000
   0.1103996414E+000
   0.1103997555E+000
   0.1103999266E+000
   0.1104001833E+000
   0.1104005683E+000
   0.1104011458E+000
   0.1104020121E+000
   0.1104033115E+000
   0.1104052605E+000
   0.1104081840E+000
   0.1104125692E+000
   0.1104191466E+000
   0.1104290122E+000
   0.1104438091E+000
   0.1104660012E+000
   0.1104992822E+000
   0.1105491874E+000
   0.1106240090E+000
   0.1107361594E+000
   0.1109042013E+000
   0.1111558517E+000
   0.1115324025E+000
   0.1120951593E+000
   0.1129346764E+000
   0.1133884570E+000
