   0.0000000000E+000
   0.8679124793E-009
   0.2169781196E-008
   0.4122584267E-008
   0.7051788862E-008
   0.1144559573E-007
   0.1803630598E-007
   0.2792237123E-007
   0.4275146883E-007
   0.6499511461E-007
   0.9836058190E-007
   0.1484087797E-006
   0.2234810693E-006
   0.3360894880E-006
   0.5050020802E-006
   0.7583708884E-006
   0.1138423920E-005
   0.1708503061E-005
   0.2563620860E-005
   0.3846295500E-005
   0.5770302834E-005
   0.8656303425E-005
   0.1298528089E-004
   0.1947869438E-004
   0.2921869604E-004
   0.4382843175E-004
   0.6574243506E-004
   0.9861208960E-004
   0.1479135333E-003
   0.2218588643E-003
   0.3327614871E-003
   0.4990808442E-003
   0.7484821282E-003
   0.1122409269E-002
   0.1682907242E-002
   0.2522772314E-002
   0.3780591650E-002
   0.5662889580E-002
   0.8476433628E-002
   0.1000000000E-001
