   0.8702183899E-001
   0.8702182133E-001
   0.8702179484E-001
   0.8702175511E-001
   0.8702169551E-001
   0.8702160612E-001
   0.8702147204E-001
   0.8702127093E-001
   0.8702096932E-001
   0.8702051698E-001
   0.8701983867E-001
   0.8701882165E-001
   0.8701729712E-001
   0.8701501256E-001
   0.8701159076E-001
   0.8700646933E-001
   0.8699881231E-001
   0.8698738275E-001
   0.8697036222E-001
   0.8694510323E-001
   0.8690780457E-001
   0.8685311547E-001
   0.8677370731E-001
   0.8665990186E-001
   0.8649949193E-001
   0.8627788356E-001
   0.8597857622E-001
   0.8563755222E-001
   0.8526763249E-001
   0.8485289992E-001
   0.8438182931E-001
   0.8384446183E-001
   0.8323156599E-001
   0.8253435080E-001
   0.8174436775E-001
   0.8085350767E-001
   0.7985404386E-001
   0.7873872968E-001
   0.7750099198E-001
   0.7613534566E-001
   0.7628623612E-001
   0.7831144286E-001
   0.8015939535E-001
   0.8175419671E-001
   0.8302829170E-001
   0.8393313312E-001
   0.8444980190E-001
   0.8460051102E-001
   0.8445776636E-001
   0.8414893891E-001
   0.8385494197E-001
   0.8380132207E-001
   0.8416831453E-001
   0.8505125393E-001
   0.8653688859E-001
   0.8869656739E-001
   0.9157544382E-001
   0.9518287208E-001
   0.9243655019E-001
   0.8887996087E-001
   0.8554206478E-001
   0.8237163412E-001
   0.7931082813E-001
   0.7630548689E-001
   0.7331685857E-001
   0.7510392437E-001
   0.7742665157E-001
   0.7874693137E-001
   0.7923945386E-001
   0.7914262723E-001
   0.7874845927E-001
   0.7838683878E-001
   0.7840383022E-001
   0.7913436268E-001
   0.8066253398E-001
   0.8301108385E-001
   0.8619293843E-001
   0.9018904670E-001
   0.8884681887E-001
   0.8536044626E-001
   0.8214190594E-001
   0.7911846972E-001
   0.7621597136E-001
   0.7337007414E-001
   0.7254702255E-001
   0.7571978208E-001
   0.7776666344E-001
   0.7882109361E-001
   0.7908435338E-001
   0.7881860640E-001
   0.7833502835E-001
   0.7797630930E-001
   0.7809328810E-001
   0.7901633226E-001
   0.8102323985E-001
   0.8406684661E-001
   0.8795120512E-001
   0.8951800928E-001
   0.8585751208E-001
   0.8253689192E-001
   0.7946301101E-001
   0.7654819190E-001
   0.7371654632E-001
   0.7154570699E-001
   0.7508975389E-001
   0.7747293752E-001
   0.7880972986E-001
   0.7928285324E-001
   0.7915736528E-001
   0.7871644211E-001
   0.7828583045E-001
   0.7821729653E-001
   0.7885133606E-001
   0.8048590640E-001
   0.8334367900E-001
   0.8754183649E-001
   0.8970035189E-001
   0.8577702810E-001
   0.8232724742E-001
   0.7918609551E-001
   0.7623158291E-001
   0.7337237121E-001
   0.7220406649E-001
   0.7558838086E-001
   0.7781366017E-001
   0.7900986486E-001
   0.7939454428E-001
   0.7920570905E-001
   0.7873929037E-001
   0.7833558529E-001
   0.7834675537E-001
   0.7910908549E-001
   0.8091132892E-001
   0.8396207256E-001
   0.8836034559E-001
   0.8867490751E-001
   0.8432901197E-001
   0.8074126354E-001
   0.7755215224E-001
   0.7456997191E-001
   0.7168234807E-001
   0.7444139022E-001
   0.7712290837E-001
   0.7870063783E-001
   0.7935592101E-001
   0.7935522748E-001
   0.7895583192E-001
   0.7848895739E-001
   0.7830589240E-001
   0.7875256369E-001
   0.8013926550E-001
   0.8270806160E-001
   0.8660166973E-001
   0.9050801988E-001
   0.8590915351E-001
   0.8174700324E-001
   0.7796580186E-001
   0.7469887820E-001
   0.7165545118E-001
   0.7465586854E-001
   0.7730360211E-001
   0.7880982638E-001
   0.7939262019E-001
   0.7933608223E-001
   0.7891080344E-001
   0.7845446336E-001
   0.7832042295E-001
   0.7885269544E-001
   0.8035579586E-001
   0.8306234753E-001
   0.8710251664E-001
   0.8998353513E-001
   0.8543586506E-001
   0.8131387229E-001
   0.7748688359E-001
   0.7380678669E-001
   0.7248497741E-001
   0.7608370925E-001
   0.7822116949E-001
   0.7922806023E-001
   0.7942334696E-001
   0.7911583937E-001
   0.7862777206E-001
   0.7831437285E-001
   0.7852892891E-001
   0.7959653123E-001
   0.8178319656E-001
   0.8526444756E-001
   0.9009832786E-001
   0.8726395212E-001
   0.8297860363E-001
   0.7904715861E-001
   0.7532294641E-001
   0.7167013591E-001
   0.7541528107E-001
   0.7806606110E-001
   0.7921288834E-001
   0.7941977481E-001
   0.7909406418E-001
   0.7859897437E-001
   0.7830629071E-001
   0.7857325243E-001
   0.7972199654E-001
   0.8201132532E-001
   0.8560671818E-001
   0.9055445965E-001
   0.8688700471E-001
   0.8263505716E-001
   0.7872629136E-001
   0.7501264028E-001
   0.7136121713E-001
   0.7572640687E-001
   0.7825399450E-001
