   0.9551005286E-001
   0.9551005544E-001
   0.9551005932E-001
   0.9551006514E-001
   0.9551007387E-001
   0.9551008696E-001
   0.9551010659E-001
   0.9551013605E-001
   0.9551018022E-001
   0.9551024647E-001
   0.9551034581E-001
   0.9551049478E-001
   0.9551071810E-001
   0.9551105281E-001
   0.9551155424E-001
   0.9551230499E-001
   0.9551342799E-001
   0.9551510553E-001
   0.9551760642E-001
   0.9552132387E-001
   0.9552682641E-001
   0.9553547770E-001
   0.9554884597E-001
   0.9556813841E-001
   0.9559559304E-001
   0.9563401135E-001
   0.9568676308E-001
   0.9574800599E-001
   0.9581570445E-001
   0.9589301609E-001
   0.9600701422E-001
   0.9623741014E-001
   0.9650414345E-001
   0.9680378564E-001
   0.9713676376E-001
   0.9750143061E-001
   0.9789317613E-001
   0.9834729394E-001
   0.9890660237E-001
   0.9965830674E-001
   0.1007086684E+000
   0.1020094083E+000
   0.1033683948E+000
   0.1049661673E+000
   0.1068766407E+000
   0.1093379797E+000
   0.1112940548E+000
   0.1124789338E+000
   0.1127984608E+000
   0.1122665778E+000
   0.1108159097E+000
   0.1083963838E+000
   0.1057239555E+000
   0.1029426556E+000
   0.9961156784E-001
   0.9705852584E-001
   0.9585012951E-001
   0.9588118635E-001
   0.9581758737E-001
   0.9577941250E-001
   0.9605346184E-001
   0.9655488578E-001
   0.9728118105E-001
   0.9918404704E-001
   0.1015611244E+000
   0.1041034337E+000
   0.1067106666E+000
   0.1097732283E+000
   0.1115484209E+000
   0.1128331050E+000
   0.1128984767E+000
   0.1114273095E+000
   0.1085685126E+000
   0.1053972629E+000
   0.1018099663E+000
   0.9852422045E-001
   0.9626931287E-001
   0.9585742478E-001
   0.9618909198E-001
   0.9614702554E-001
   0.9642906599E-001
   0.9694064165E-001
   0.9773935103E-001
   0.9982263978E-001
   0.1024168051E+000
   0.1053178910E+000
   0.1084366737E+000
   0.1112247986E+000
   0.1126644924E+000
   0.1132010452E+000
   0.1129794776E+000
   0.1110692235E+000
   0.1079055550E+000
   0.1047257008E+000
   0.1004367005E+000
   0.9738927830E-001
   0.9563467779E-001
   0.9632844904E-001
   0.9614500173E-001
   0.9632830947E-001
   0.9678219874E-001
   0.9744009947E-001
   0.9905051469E-001
   0.1014643188E+000
   0.1044150293E+000
   0.1075285957E+000
   0.1104272857E+000
   0.1123641071E+000
   0.1130953889E+000
   0.1132408955E+000
   0.1119043298E+000
   0.1090794867E+000
   0.1058708914E+000
   0.1019065550E+000
   0.9820122597E-001
   0.9586255309E-001
   0.9635914818E-001
   0.9616731415E-001
   0.9637877843E-001
   0.9686307242E-001
   0.9760323142E-001
   0.9936281642E-001
   0.1018606991E+000
   0.1048348298E+000
   0.1079350267E+000
   0.1107978911E+000
   0.1125126145E+000
   0.1131852969E+000
   0.1131595310E+000
   0.1115432004E+000
   0.1085458849E+000
   0.1053439498E+000
   0.1012167209E+000
   0.9772855620E-001
   0.9562042320E-001
   0.9624085574E-001
   0.9619008921E-001
   0.9657384616E-001
   0.9717302377E-001
   0.9852462519E-001
   0.1007269470E+000
   0.1036203690E+000
   0.1068169724E+000
   0.1097766903E+000
   0.1120090032E+000
   0.1128657570E+000
   0.1132816653E+000
   0.1123584333E+000
   0.1097952665E+000
   0.1065911785E+000
   0.1028702281E+000
   0.9886459420E-001
   0.9622771647E-001
   0.9644204442E-001
   0.9616874744E-001
   0.9646027191E-001
   0.9712051525E-001
   0.9849886137E-001
   0.1008307137E+000
   0.1038443052E+000
   0.1070919827E+000
   0.1100478462E+000
   0.1121882439E+000
   0.1129844057E+000
   0.1132721532E+000
   0.1121523252E+000
   0.1094581909E+000
   0.1062467062E+000
   0.1024048690E+000
   0.9854190296E-001
   0.9605139100E-001
   0.9638037255E-001
   0.9617386404E-001
   0.9651745997E-001
   0.9721749038E-001
   0.9906772053E-001
   0.1020352390E+000
   0.1053606179E+000
   0.1086567686E+000
   0.1113954950E+000
   0.1127028945E+000
   0.1132738430E+000
   0.1128532205E+000
   0.1106792500E+000
   0.1075088621E+000
   0.1041349403E+000
   0.9974397040E-001
   0.9672846280E-001
   0.9606227833E-001
   0.9618786643E-001
   0.9632189093E-001
   0.9690623362E-001
   0.9808157189E-001
   0.1008201999E+000
   0.1046094026E+000
   0.1083246343E+000
   0.1113446214E+000
   0.1127144346E+000
   0.1132742789E+000
   0.1127751535E+000
   0.1104984976E+000
   0.1072987206E+000
   0.1038240028E+000
   0.9951945035E-001
   0.9659513775E-001
   0.9626762880E-001
   0.9617662967E-001
   0.9635552863E-001
   0.9696751054E-001
   0.9828941247E-001
   0.1011226468E+000
   0.1049212859E+000
   0.1087284628E+000
