0.09889131625282094
0.11061303480084181
0.1028568639677486
0.09620530040281627
0.10065108354296781
0.11059493473756264
0.11328370781914912
0.10858310845867045
0.10141488743106546
0.09617681731603693
0.09622431992107013
0.09638669093131226
0.0971798518428949
0.09921994320880435
0.10262094481066536
0.10643009923602299
0.10980158621273982
0.11213210413287994
0.11292633894533996
0.11328513603361005
0.11264046014357774
0.11076325532831303
0.10833700826649721
0.10608523336268691
0.10351273224202867
0.10060122690377266
0.09849700859787343
0.0966939962691823
0.09577135501312549
0.09637792551119294
0.09628193031695477
0.09617267940489548
0.09620506329501266
0.09635003671882139
0.09657927214361217
0.09686613517158722
0.09717960427305687
0.09766042470940309
0.09846942993605227
0.09942930500953913
0.10053125582976162
0.10175036588158497
0.10306562197564743
0.10441633132145955
0.10578502531044508
0.10711182971342698
0.10827393252393533
0.10949972338995084
0.1105190381050777
0.11141192755504914
0.11207256935362594
0.11250946046158841
0.11273158593737763
0.11295537695664062
0.11319764828575701
0.11327743260723552
0.11328259424146486
0.11316363403063837
0.1128707392365403
0.11241451666691196
0.11180554212771872
0.11105398631729567
0.11029021293513218
0.1094554087884996
0.1085211120056043
0.10764262066940529
0.10689763588848436
0.10608872618942902
0.10522212612096758
0.10430366820458607
0.10333864446773769
0.10233203389592971
0.10128838505922555
0.10021189511300282
0.09943142503855162
0.09879498210017579
0.09814204357107116
0.09747467022161276
0.09679471193502079
0.09645657825199726
0.09612815289949372
0.09580502282735544
0.09554003619440399
0.09595017443997528
0.09641929282211006
0.09643021065599294
0.09633568653460667
0.09626352582328607
0.09621232036990757
0.09618088954376205
0.09616800400272484
0.09617239580645842
0.09619276778059088
0.09622780197919836
0.0962761673647354
0.09633652679792079
0.09640754343072959
0.09648788805342216
0.09657780092987271
0.09667481151148412
0.0967774328213135
0.09688440130947382
0.09699449002272764
0.09710650082915957
0.09721926671810611
0.09736428711911774
0.09754972126823241
0.09778923173341861
0.09803338037166888
0.09837518323608406
0.098703590897903
0.09901792981905547
0.09938680757040957
0.0997933694574844
0.10018455857444722
0.10055842815201074
0.10098112808046103
0.10142792089202293
0.10187897775059214
0.10236261989236642
0.10282011252094077
0.10325134872175061
0.10375474505501725
0.10424012855774785
0.10469541977790342
0.10514385832319083
0.10568129687584805
0.10618947409085255
0.1066637202548355
0.10710428719394194
0.10751446564447005
0.10790982206167456
0.10835150523354925
0.10880889636856612
0.109235047801115
0.10963070973989289
0.10999412806297038
0.11035269333056753
0.11070080345457509
0.11102878856663415
0.11132706350395194
0.11159598787573767
0.11183593120252715
0.11204727268485636
0.1122303999362832
0.11238570791907047
0.11251359862281043
0.11261447996483694
0.11268876539734389
0.11273687274119001
0.11276362361829176
0.11287853173136544
0.11300626511340961
0.11310530309839978
0.11317618102493636
0.11322649233562468
0.11326529302261869
0.11327694601589854
0.1132619939154155
0.11327938250096976
0.11328138046538994
0.1132600173204947
0.11321587254693036
0.11314952989491184
0.1130613329984334
0.11295177590150222
0.11282134689894233
0.11267052812828189
0.11249979557267836
0.11230961900447786
0.11210046166247757
0.1118727804836135
0.11162702565023036
0.11136364081692471
0.11108306305511315
0.11079679020563094
0.1105391428283734
0.11026746961270716
0.10998218360590664
0.10968368985184472
0.10937238580641266
0.10904866099794483
0.10871289725637381
0.10836546860379785
0.10800674151054636
0.10773609641810566
0.1074828288543929
0.10722086751186051
0.10695051287648552
0.10667205812253461
0.10638578900783545
0.10609198426166556
0.10579091540976733
0.10548284695869715
0.10516803645731577
0.10484673972085395
0.10451921769488176
0.10418568580154461
0.10384637515937793
0.10350151037003769
0.10315130986874728
0.1027959859109922
0.10243574467251593
0.10207078891609628
0.10170131994663151
0.10132751726858687
0.10094956411624742
0.10056763805075075
0.10018191142295309
0.09981482034781736
0.09959527307131467
0.09937326490629016
0.09914890811707898
0.09892231033645775
0.09869357532250944
0.09846280258789478
0.09823010502620454
0.09799556245431655
0.09775925695613098
0.09752127280917229
0.09728169058629693
0.09704058748246067
0.09679803728632914
0.09667341469847525
0.09655521054279997
0.09643759283953908
0.09632058678874013
0.09620421480793462
0.09608851236667024
0.0959734816931982
0.09585913671889906
0.09574548987857141
0.09563255134855095
0.0955203289979951
0.09560864277798688
0.0957695566263018
0.09593235732857984
0.09609700086745392
0.09626344288203574
0.09643163484000138
0.09649954348958467
0.09645829722705629
0.09641999890108817
0.0963846037534194
0.0963520656184985
0.09632239676190586
0.09629553297674905
0.09627137802757901
0.09624988124264712
0.09623099105310352
0.09621465475311272
0.09620081910346101
0.09618942989139331
0.09618043226576344
0.09617377064405036
0.09616938886870985
0.09616723016992396
0.09616723742556742
0.09616935289446917
0.09617351849564962
0.09617967580262658
0.0961877660601028
0.09619773020441767
0.09620950913190672
0.09622304325175553
0.09623827304152364
0.09625513886056966
0.09627358096369906
0.09629353949197196
0.09631495479419414
0.09633776695345514
0.09636191644990921
0.09638734363745925
0.09641398907538737
0.09644179345102794
0.0964706975981772
0.09650069873788965
0.09653224268424458
0.09656473207634485
0.09659810925433235
0.09663231673266272
0.09666729738193001
0.09670300195829074
0.0967393674710423
0.09677633672500505
0.09681385416474154
0.09685186443933004
0.09689031285154812
0.09692914506008923
0.09696830716126817
0.09700774576261961
0.0970474078651395
0.0970872411660708
0.0971271936521302
0.09716721446311702
0.09720725221916578
0.09724725661126486
0.09728949676471967
0.09735653400123094
0.09742299001818965
0.09748882306617337
0.09755399183674432
0.0976397385020708
0.09772545222938599
0.09781014240914085
0.09789377168915944
0.09797630341936797
0.0980863567683341
0.09820843073248992
0.09832886129433287
0.09844761709173175
0.09856466732154699
0.09867998157331265
0.0987935303082747
0.09890528443435383
0.0990152153131439
0.09912329515919964
0.0992614299461427
0.0994098436006496
0.09955589631103767
0.0996995649926869
0.09984082717681499
0.09997966080903643
0.10011828061637301
0.10025440922183762
0.10038805329412862
0.10051917578362618
0.10064789733208601
0.1007969997424378
0.1009615733400348
0.10112317247158699
0.10128178679105382
0.10143740658527904
0.10159002268261677
0.10174459226074953
0.10192165102373273
0.10209543302090435
0.10226593187117008
0.10243314151140182
0.10259705654506304
0.10275767189893942
0.10291498307078821
0.10306898606350183
0.10321967721040849
0.10338637715430272
0.10356975018068625
0.10374932406716623
0.10392510083105759
0.10409708310965282
0.10426527397763351
0.10442967648731245
0.10459029486283486
0.1047471329387086
0.10490019539346927
0.10505648386439619
0.1052401557913285
0.10543428193827123
0.10562409470561515
0.10580960385702853
0.10599081904938043
0.10616775021239937
0.10634040823884558
0.1065088039097863
0.1066729483006437
0.10683285328420261
0.10698853085978104
0.10713999291438868
0.10728725214145196
0.10743032166636145
0.10757539805135424
0.10771762835632594
0.10785583391087196
0.10799002886981206
0.10814361561405582
0.1083146952190293
0.10848162484582181
0.1086444148749714
0.10880307597512207
0.10895761902896185
0.10910818656421585
0.10925575868886611
0.10939923877532287
0.10953863931631651
0.10967397198533255
0.10980524928238969
0.10993248388414312
0.11005779559264535
0.11018774793085659
0.11031365061301793
0.11043551666263403
0.1105602754521059
0.11068432260057397
0.11080458363157981
0.11092107388013121
0.11103380896262709
0.11114280439639224
0.11124807642494938
0.11134964077294253
0.11144751418278409
0.1115417125171435
0.11163225289027334
0.11171915149267204
0.11180242567356383
0.11188209227617496
0.11195816826991695
0.11203067100483548
0.11209961804904599
0.11216502682169517
0.11222691498650794
0.11228530021328294
0.11234020037924038
0.11239163338843762
0.11243961767095517
0.11248417080440277
0.11252531149428245
0.11256305791893079
0.11259742855099995
0.11262844180016571
0.11265611642129121
0.11268047081683397
0.11270152367965372
0.11271929407289104
0.11273380058876394
0.1127450621574528
0.11275309803482993
0.11276484591609623
0.11280106129227303
0.11284272504981863
0.1128897960256826
0.11293755565531345
0.11298166494857444
0.11302214796783971
0.11305902851410778
0.11309233049423528
0.11312207795799446
0.11314829476352142
0.11317100456362436
0.11319023149394046
0.11320599921637066
0.11322530695954232
0.11324232952371086
0.11325588935170217
0.11326601082350031
0.11327271815838667
0.11327603583480483
0.11327598797379272
0.11327259878153847
0.11326589228601804
0.11325943737047932
0.1132698199358863
0.11327716622934916
0.11328149952234268
0.11328284292329226
0.11328121950369617
0.11327665225387755
0.11326916401855099
0.11325877788823727
0.11324551701748724
0.11322940337676353
0.11321046063725246
0.11318878726633783
0.1131643275065622
0.11313710357639946
0.11310713774706475
0.11307445212990476
0.11303906877947706
0.11300100954203514
0.11296029631069107
0.11291695084754169
0.11287099474527634
0.11282244963662083
0.11277133687333629
0.11271767793015132
0.11266149393425998
0.11260280613853658
0.11254163552842066
0.11247800312674489
0.11241192977254029
0.11234343623015082
0.11227254308113747
0.11219927100208829
0.11212364036411009
0.11204567146711016
0.11196538462715742
0.11188279997962786
0.11179793747375913
0.11171081715294887
0.11162145872925598
0.11152988200053691
0.11143610661047829
0.11134015189426627
0.11124203744159218
0.11114178236455624
0.11103940601178604
0.11093492733622956
0.11083157733486126
0.11074251959828643
0.11065165458884924
0.1105590011616707
0.11046457803189787
0.11036840366883657
0.11027049663570997
0.110170875237506
0.1100695577380467
0.10996656215810667
0.10986190651397487
0.10975560862867804
0.10964768618951272
0.10953815686328436
0.10942703805414701
0.10931434716623387
0.10920010145867973
0.1090843178821924
0.10896701352059124
0.1088482053028655
0.10872790983389227
0.10860614381337019
0.10848292371363442
0.10835826590726425
0.1082321866359376
0.10810470200341465
0.10797582807885489
0.1078739154861127
0.10778687080575558
0.10769868479934017
0.10760937131475196
0.10751894432931071
0.10742741736871178
0.10733480413898643
0.1072411180261624
0.10714637241224859
0.10705058051205886
0.10695375540985162
0.10685591014191803
0.10675705755961967
0.10665721044227278
0.10655638141766614
0.10645458299742742
0.10635182767289846
0.1062481276581346
0.10614349523356299
0.10603794244657504
0.10593148122889798
0.10582412346786295
0.10571588098008204
0.10560676531468428
0.10549678799231552
0.10538596056023958
0.10527429420502163
0.10516180017560384
0.10504848954618604
0.10493437339708082
0.10481946699928071
0.10470378172255332
0.10458732315517173
0.10447010193968521
0.10435212851703109
0.10423341324448404
0.10411396637186252
0.10399379812159915
0.10387291848625385
0.10375133752106085
0.10362906499072329
0.10350611075913224
0.10338248447943824
0.10325819566996577
0.1031332538363594
0.10300766837033999
0.10288144858537418
0.10275460357724138
0.10262714251384812
0.10249907438289957
0.10237040809516267
0.10224115242735426
0.10211131611897747
0.1019809078210326
0.1018499361207724
0.10171841160609166
0.10158634240620366
0.10145373483560402
0.10132059711216988
0.1011869372948381
0.10105276341616398
0.10091808335706969
0.10078290501241867
0.10064723608653388
0.10051108428124632
0.10037445713291744
0.10023736222074012
0.100099806914917
0.0999617985346464
0.09983177823998936
0.09975424410594645
0.09967638957880541
0.09959821993576835
0.099519740307764
0.09944095576128764
0.09936187128070041
0.09928249187592098
0.09920282232914177
0.09912286745348123
0.09904263205753798
0.09896212073316867
0.09888133810974228
0.09880028867820805
0.09871897698493265
0.0986374074107408
0.09855558426906838
0.09847351185990216
0.09839119441556103
0.09830864416256875
0.09822585722808252
0.09814283754253125
0.0980595890493509
0.09797611563245302
0.09789242115230033
0.09780850949347525
0.09772438431713315
0.09764004933980908
0.09755550818831994
0.0974707644468446
0.09738582159267763
0.09730068313342688
0.09721535244886437
0.09712983295077378
0.09704412788865449
0.09695824048348589
0.09687217402379103
0.09678647912121563
0.09674428933378953
0.09670216754765637
0.09666011522307473
0.09661813360794386
0.0965762240059979
0.09653438765160724
0.09649262573315483
0.09645093943599681
0.09640932974933719
0.09636779786390191
0.09632634469035624
0.09628497124396937
0.09624367843157926
0.09620246713989596
0.09616134269053406
0.09612030277662698
0.09607934680860686
0.09603847546712153
0.09599768945741206
0.09595698941454499
0.09591637594675557
0.0958758496689309
0.09583541106149648
0.09579506065025775
0.09575479892226586
0.09571462624871528
0.09567454306907935
0.09563454972505879
0.09559464654660366
0.09555483380818225
0.0955219344249948
0.09554878293572766
0.09557571230687142
0.09562647664334815
0.09568343022228185
0.09574062423902228
0.09579805676767301
0.09585572590387235
0.09591362963422542
0.09597176601853404
0.09603013298858036
0.09608872853481713
0.09614755061879855
0.09620659710870143
0.09626586639726994
0.09632535604583939
0.0963850638208748
0.09644498751832865
0.09650512498649567
0.09650842860728322
0.09649323163392622
0.09647841052120892
0.09646396327568772
0.09644988800002952
0.09643618269045466
0.09642284537349137
0.09640987398400643
0.09639726656304796
0.09638502097213415
0.09637313516916675
0.09636160707884886
0.09635043455093308
0.09633964294621329
0.09632921268264438
0.09631913112890628
0.09630939622864575
0.09630000564570136
0.09629095724838956
0.09628224876852733
0.09627387793230185
0.09626584248989511
0.09625814014984811
0.09625076857879603
0.09624372551790525
0.09623700855179694
0.09623061543918131
0.0962245437440738
0.09621879110530586
0.09621335511451494
0.0962082334557084
0.09620342363095646
0.09619892324560318
0.09619472988685532
0.09619084109919303
0.0961872543915451
0.09618396733989741
0.09618097742930048
0.09617828219616859
0.09617587913327788
0.09617376574382885
0.09617193949339026
0.09617039786479377
0.09616913831010716
0.09616815831886794
0.09616745531028925
0.09616702674095567
0.09616687005003333
0.09616698265803517
0.0961673619777591
0.09616800543965677
0.09616891044009851
0.09617007437823642
0.09617149466400711
0.09617316867141006
0.09617509379860747
0.0961772674150911
0.09617968691826556
0.09618234964117499
0.09618525299788176
0.09618839431002903
0.09619177096983866
0.09619538030147831
0.09619921968139335
0.09620328645212911
0.0962075779559814
0.09621209154249745
0.09621682455166018
0.09622177431940337
0.0962269381941336
0.09623231346413721
0.09623789755084267
0.09624368772216398
0.09624968132959141
0.09625587568728464
0.09626226816576249
0.09626885605009795
0.09627563667631642
0.09628260741160653
0.096289765551989
0.09629710843476866
0.09630463339658898
0.09631233775519545
0.09632021886119127
0.09632827402404644
0.09633650058124214
0.09634489587559232
0.09635345726548265
0.09636218204476371
0.09637106759403206
0.09638011122025675
0.09638931029565308
0.09639866216586852
0.09640816416322273
0.09641781364052482
0.096427607972102
0.09643754449827448
0.09644762056142418
0.09645783357869028
0.09646818086864599
0.09647865982407043
0.09648926782221387
0.09650004606629077
0.09651112042617752
0.09652231868080087
0.09653363822163334
0.0965450764662163
0.09655663082546943
0.09656829872115591
0.09658007758573667
0.09659196484416613
0.09660395793856984
0.09661605429351691
0.09662825139373185
0.0966405466543475
0.0966529375326727
0.0966654215186799
0.09667799605394915
0.09669065861781534
0.09670340780852117
0.09671624191702087
0.09672915649495503
0.09674214903714848
0.09675521703920786
0.09676835801277188
0.09678156949615795
0.0967948489704957
0.09680819400225844
0.09682160211732672
0.09683507084364112
0.09684859777383835
0.09686218040535333
0.0968758163561927
0.09688950318759043
0.09690323845008886
0.0969170197339234
0.09693084467535408
0.096944710826779
0.09695861580225326
0.09697255726660445
0.09698653277783811
0.09700054000358878
0.09701457657269909
0.09702864015232748
0.0970427283629753
0.09705683886870897
0.09707096938244128
0.09708511755102844
0.09709928105894157
0.09711345760806245
0.09712764491576481
0.09714184066770386
0.09715604261570525
0.09717024845997671
0.09718445600966698
0.09719866308702947
0.09721286728734232
0.09722706640952948
0.09724125821905714
0.09725547916338412
0.09727019572689213
0.0972849050537932
0.09730757469131542
0.09733137313181152
0.0973551003809752
0.09737875457459771
0.09740233380367821
0.09742583623202798
0.09744926001982404
0.097472603256627
0.09749586415324533
0.09751904087796927
0.09754213156238785
0.09756801416526623
0.09759882971997903
0.09762952343427524
0.09766009360715747
0.09769053855306437
0.09772085654773548
0.09775104591941573
0.09778110502005005
0.09781103214466635
0.09784082564513343
0.09787048389847228
0.09790000525232437
0.09792938804377135
0.09795863068852481
0.09798773157012344
0.0980239884738277
0.09806777788924194
0.09811136504921392
0.09815474853337755
0.0981979268799023
0.0982408986701304
0.09828366249172686
0.09832621696681607
0.09836856064533842
0.09841069219211356
0.09845261022210304
0.0984943133312073
0.09853580019596532
0.09857706947241189
0.098618119777109
0.0986589498219402
0.09869955825158813
0.0987399437911259
0.09878010510733516
0.09882004092155276
0.09885974994715302
0.09889923087810953
0.09893848248707812
0.09897750350359319
0.09901629269179234
0.09905484878001981
0.09909317056022536
0.09913125681803542
0.09917561580493486
0.09922901742247524
0.09928212546632179
0.09933493883977926
0.09938745647542685
0.09943967732224947
0.09949160035643778
0.09954322452651547
0.09959454881217676
0.09964557217301534
0.09969629366297121
0.09974671222704477
0.09979682689533359
0.09984663669974776
0.09989614063884072
0.09994533778736439
0.09999428714840022
0.10004366376208214
0.10009272790395991
0.10014147871478887
0.10018991526638109
0.10023803665401049
0.10028585568498762
0.10033335823005204
0.10038054286107445
0.10042740872870749
0.10047395494065627
0.10052018071099396
0.10056608516476855
0.10061166748607546
0.1006573994055599
0.1007039287599562
0.1007607438136053
0.10081970620610328
0.10087829526386459
0.10093651055635021
0.100994351565919
0.10105181783463357
0.10110890889425916
0.10116562430680054
0.10122196362879789
0.10127792639360902
0.10133351218008042
0.10138872059356718
0.10144355118373108
0.10149800360475296
0.10155207736518908
0.10160577217849763
0.10165908758310066
0.10171202326904878
0.10177467548540292
0.10183767705502948
0.1019002664995057
0.1019624435368787
0.10202420784671147
0.10208555915009355
0.10214649717490652
0.10220702160703513
0.10226713222927301
0.10232682875683606
0.10238611091212738
0.10244497851584215
0.10250343127331502
0.1025614689621272
0.10261909139557428
0.1026762983243002
0.10273308956585565
0.10278946491480999
0.10284542419383358
0.10290096718526903
0.10295609373482623
0.10301080368635035
0.10306509686114776
0.10311897310671551
0.10317243226486514
0.10322547423217693
0.10327809883649576
0.1033397080417168
0.10340554535010506
0.10347090418782263
0.1035357846108786
0.10360018663929477
0.10366411044858624
0.10372755608831172
0.10379052368147933
0.10385301331608991
0.10391502507190213
0.10397655915851756
0.10403761560571463
0.10409819455891693
0.10415829620964438
0.10421792068243946
0.10427706814036136
0.10433573870573348
0.10439393254901908
0.1044516498740238
0.10450889080199383
0.10456565559734317
0.10462194439650553
0.10467775738467687
0.10473309481592319
0.10478795684709542
0.10484234373666275
0.10489625560609281
0.10494969282953705
0.1050026555445641
0.10506337072749623
0.10512712022497472
0.10519048890896023
0.10526024919270864
0.10532946542825292
0.10539813809948692
0.10546626743060973
0.10553385398902844
0.10560089815542875
0.10566740030462896
0.10573336095185219
0.10579878048102163
0.10586365939365049
0.1059279980120244
0.1059917968526072
0.1060550564335908
0.10611777720380224
0.10617995955458576
0.10624160408313868
0.1063027112028084
0.10636328134972207
0.10642331510450642
0.10648281297940117
0.10654177539230629
0.1066002029555535
0.10665809605448821
0.1067154553058421
0.10677228128323411
0.10682857445056364
0.10688433524654062
0.10693956444266606
0.10699426240557393
0.10704842970143191
0.10710206692420401
0.1071551746828288
0.1072077534859277
0.1072598038995592
0.10731132654082662
0.10736232194860931
0.1074127908051395
0.1074632352861286
0.10751526594775655
0.10756678736339752
0.10761780019502001
0.10766830516351858
0.10771830270567206
0.10776779361061764
0.10781677840617604
0.10786525784959398
0.10791323250566627
0.1079607029916479
0.1080076701376516
0.10805430298995712
0.10811623556263815
0.1081776443652243
0.10823852965002018
0.10829889189335921
0.10835873156197025
0.10841804923562691
0.10847684517021947
0.1085351199214388
0.10859287389661111
0.10865010775560473
0.10870682179430283
0.10876301646845962
0.10881869243050314
0.10887385009116479
0.10892848993353305
0.10898261250139225
0.1090362182250972
0.10908930764186117
0.1091421933316254
0.10919468908641168
0.10924666903897273
0.10929813389911916
0.1093490839107996
0.10939951985084534
0.10944944208361135
0.10949885125378098
0.10954774790413851
0.10959613256593666
0.10964400580143349
0.1096913680899282
0.10973822010266704
0.10978456231878003
0.10983039535096811
0.1098757197744056
0.1099205361681545
0.10996484510358265
0.11000864714598681
0.1100536612238348
0.11010027600706457
0.11014637985994519
0.11019197338021834
0.11023705699331628
0.11028163155773706
0.11032569750762351
0.11036925542781856
0.11041230589737404
0.11045484955551078
0.11049896462304724
0.11054406120055535
0.11058867886640211
0.11063281849686296
0.11067648060797569
0.11071966594333733
0.1107623752452399
0.11080460910804524
0.11084636825454276
0.11088765344462043
0.11092846528164275
0.11096880445398735
0.11100867179505043
0.11104806783564025
0.11108699335033403
0.11112544920078295
0.11116343584213739
0.11120095408163441
0.11123800477410883
0.11127458842554987
0.11131070593902966
0.11134635792850316
0.11138154514963729
0.11141626836372302
0.11145052827737441
0.11148432561933434
0.11151766119561334
0.11155053559965966
0.11158294974307452
0.11161490428177279
0.11164639994595162
0.11167743757038423
0.11170801776040727
0.11173814146715784
0.1117678093002155
0.1117970221016266
0.1118257805408343
0.11185408544336614
0.11188193761380726
0.11190933769913095
0.11193628660524335
0.1119627850364865
0.11198883374051342
0.11201443352552966
0.1120395851506925
0.11206428950521594
0.11208854720024568
0.11211235916054013
0.1121357260042491
0.11215864868913705
0.11218112793263539
0.11220316459291381
0.11222475931805886
0.11224591306811062
0.11226662650748734
0.11228690045859048
0.11230673574427938
0.11232613317141837
0.11234509356545967
0.11236361770905623
0.11238170638175095
0.11239936043083325
0.11241658065039284
0.11243336781702012
0.11244972284578658
0.11246564643612397
0.11248113943786127
0.11249620270515287
0.11251083694764136
0.11252504309083233
0.11253882194289355
0.11255217427664332
0.11256510100596301
0.1125776028491634
0.11258968070136399
0.11260133539335196
0.11261256767092485
0.11262337843440767
0.11263376849311589
0.11264373871373218
0.11265328981192868
0.11266242274361168
0.11267113841166083
0.11267943744821451
0.11268732075688857
0.11269478925664883
0.1127018437295051
0.11270848506871818
0.11271471400313776
0.11272053145914329
0.11272593822222839
0.11273093528941093
0.1127355232962365
0.11273970314648156
0.1127434757851418
0.1127468420047697
0.11274980259380735
0.11275235848170037
0.1127545104467062
0.11275625941761169
0.11276464248699075
0.11277789353431694
0.11279070153793672
0.11280306738967705
0.11281527534637659
0.11283209225409392
0.11284845186853837
0.1128643551072114
0.11288159604860344
0.11289917006662954
0.11291628203285
0.11293293311029867
0.11294912436780506
0.1129648567991834
0.11298013159794494
0.11299494977910995
0.11300931239535458
0.11302322048594333
0.11303667519186741
0.11304967753093753
0.113062228574459
0.1130743294700862
0.11308598114732833
0.1130971847668652
0.11310794143255788
0.11311825208173311
0.11312811794441215
0.11313753990610727
0.11314651916944952
0.11315505678507784
0.11316315371605891
0.11317081113854593
0.11317803011084528
0.11318481159887257
0.11319115676585013
0.11319706662203272
0.11320254225577855
0.11320758473318288
0.11321497631813773
0.11322205255173286
0.11322868923080678
0.1132348875444328
0.1132406485688797
0.11324597330010298
0.11325086286481309
0.1132553184516505
0.11325934101313305
0.11326293173916728
0.11326609170542151
0.11326882189196144
0.11327112352659009
0.11327299756900681
0.11327444521929393
0.113275467480918
0.11327606549915538
0.11327624031598715
0.11327599293359893
0.11327532459601218
0.11327423626611612
0.11327272904750596
0.1132708040393061
0.1132684622155656
0.1132657048243633
0.11326253281586762
0.11325895093787777
0.11326001330851115
0.11326397660900665
0.11326755602095914
0.11327075248950284
0.11327356709746227
0.11327600092760694
0.11327805491781406
0.11327973014367129
0.11328102768952708
0.1132819485535654
0.11328249371338865
0.11328266432243844
0.1132824612606528
0.11328188569439923
0.11328093856397006
0.11327962090775176
0.11327793377389286
0.11327587813381992
0.1132734551072666
0.11327066558239143
0.11326751069303395
0.11326399144961351
0.1132601087567197
0.1132558637684827
0.1132512574038183
0.11324629065370352
0.1132409646617527
0.11323528029276464
0.11322923864041302
0.11322284068072669
0.1132160874660808
0.11320898020536413
0.11320152467560847
0.11319373956152488
0.11318560309671656
0.11317711617905078
0.11316827982054514
0.11315909506379074
0.1131495627940064
0.1131396841328982
0.11312946002644353
0.11311889142265293
0.11310797929450934
0.11309672474019275
0.11308512865560369
0.1130731920573942
0.11306091589234699
0.1130483011567723
0.11303534883319455
0.11302205997932832
0.11300843542929986
0.11299447622112188
0.11298018339359574
0.11296555778605519
0.11295060049941869
0.11293531240512752
0.11291969454511779
0.11290374785862152
0.11288747328683309
0.11287087179359685
0.11285394430975937
0.11283669190316564
0.11281911545656106
0.11280121591670646
0.11278299428993947
0.11276445148476101
0.1127455884487975
0.11272640620007816
0.11270690563455728
0.1126870876590973
0.11266695326830371
0.11264650343584647
0.11262573907886074
0.11260466107151676
0.1125832704447223
0.11256156814503773
0.11253955501666829
0.11251723202362375
0.11249460022318818
0.11247166032122925
0.11244841346042815
0.11242486041270235
0.11240100216947467
0.11237683968171104
0.11235237386137102
0.11232760561146003
0.11230253587862772
0.1122771654621231
0.11225149548669858
0.11222552667644217
0.11219926006273287
0.11217269657223566
0.1121458369907502
0.11211868229200304
0.11209123343780289
0.11206349123633465
0.11203545668265213
0.11200713056909617
0.11197851396109791
0.11194960761873667
0.11192041239231182
0.11189092935324857
0.11186115933041321
0.11183110318998947
0.11180076175220066
0.11177013605703165
0.11173922682416702
0.11170803513941223
0.11167656171398582
0.11164480747867156
0.11161277332988047
0.11158046016943203
0.11154786884871233
0.11151500015935754
0.11148185515493825
0.11144843463520883
0.11141473932257567
0.1113807702820914
0.11134652829396717
0.11131201426513185
0.11127722894525888
0.11124217339994394
0.1112068482701947
0.11117125455057397
0.11113539307746635
0.11109926470091505
0.11106287021718604
0.11102621054918273
0.1109892865779073
0.11095209897905269
0.11091464881646894
0.1108769367979573
0.11084020075192266
0.11080887514316255
0.11077732011923329
0.11074553672533818
0.11071352574343225
0.11068128791248949
0.11064882425765102
0.11061613541442539
0.11058322238735716
0.11055008591446738
0.110516726912454
0.11048314610312378
0.11044934441103403
0.11041532268011828
0.1103810815926129
0.11034662213699045
0.11031194503301048
0.11027705111783394
0.11024194123003038
0.11020661621952652
0.11017107680509008
0.11013532388554342
0.11009935821426582
0.1100631806260243
0.11002679189273543
0.10999019292267358
0.10995338439958291
0.10991636715403806
0.10987914200173454
0.10984170970928259
0.1098040711506102
0.10976622704182341
0.1097281782275592
0.10968992537860135
0.10965146942867017
0.1096128111149278
0.10957395115876675
0.10953489040035026
0.10949562959800904
0.10945616959262433
0.10941651101399323
0.10937665478936237
0.10933660158505584
0.10929635218016658
0.10925590741492727
0.10921526800465704
0.10917443468949652
0.1091334082894604
0.10909218951418913
0.10905077908765709
0.10900917789563884
0.10896738652000139
0.1089254058864017
0.10888323663394674
0.1088408795150271
0.10879833534448032
0.10875560472883633
0.10871268853456212
0.10866958748892457
0.10862630233708535
0.10858283373946756
0.10853918249113707
0.10849534931209372
0.1084513348908674
0.1084071399910943
0.10836276538886801
0.10831821176287527
0.10827347977129782
0.10822857025783399
0.10818348384934316
0.10813822127044802
0.10809278330980453
0.10804717058435145
0.10800138383287185
0.10795542386183096
0.10791588895628197
0.10788533692575686
0.1078546391762547
0.10782379637942058
0.1077928091487107
0.10776167806893182
0.10773040385201693
0.10769898706905434
0.10766742833108063
0.10763572828657675
0.10760388751993172
0.1075719066421759
0.10753978632669778
0.10750752713939382
0.10747512969072477
0.10744259460148615
0.10740992245116841
0.10737711386682389
0.10734416944705041
0.10731108977775185
0.10727787548809367
0.10724452714945445
0.1072110453473806
0.1071774307344336
0.1071436838269299
0.10710980523348144
0.10707579559904361
0.10704165539145853
0.10700738533032646
0.1069729859254166
0.10693845771547579
0.10690380134252814
0.1068690173985743
0.1068341063874737
0.10679906891586743
0.10676390558798253
0.10672861692549004
0.10669320350272911
0.10665766588059558
0.10662200467123487
0.10658622039070362
0.10655031361783275
0.10651428484758685
0.1064781347271334
0.10644186379238849
0.10640547252159908
0.10636896157738192
0.10633233146650077
0.106295582666362
0.10625871579022701
0.10622173139085946
0.10618462993587116
0.10614741203814564
0.10611007826690479
0.10607262905696029
0.10603506500906187
0.10599738665575163
0.10595959447761488
0.1059216890407778
0.10588367086739287
0.10584554050475478
0.10580729849977662
0.10576894528712961
0.10573048143405722
0.10569190749037807
0.10565322390538172
0.10561443124553971
0.10557553003334946
0.10553652075881081
0.10549740391677462
0.1054581800148476
0.10541884959018555
0.1053794131484571
0.10533987117336202
0.10530022417649329
0.10526047264688787
0.10522061709481702
0.10518065804718627
0.10514059591143553
0.10510043130188869
0.10506016455771633
0.10501979631279502
0.1049793269942741
0.104938757041591
0.10489808875917771
0.10485732251499584
0.10481645712979053
0.10477549311431222
0.10473443086005957
0.10469327093692446
0.10465201378436227
0.10461065984665074
0.10456920966208139
0.10452766366622422
0.1044860222765696
0.10444428604724373
0.1044024554271081
0.10436053082203932
0.10431851276081587
0.10427640163303264
0.10423419797635507
0.1041919022069942
0.1041495147646751
0.10410703614194136
0.10406446677260561
0.10402180706230825
0.10397905756999588
0.10393621861566145
0.10389329074839418
0.1038502743752404
0.10380716995014519
0.10376397788127124
0.10372069861536846
0.10367733257690542
0.1036338802753087
0.10359034209056868
0.10354671846506858
0.10350300984452927
0.10345921662802986
0.10341533924220443
0.10337137812352602
0.10332733374447191
0.10328320648022137
0.10323899678765
0.10319470502766565
0.1031503317086837
0.10310587714169987
0.10306134184779628
0.10301672620005488
0.10297203058920415
0.10292725544078704
0.1028824011598888
0.10283746816943158
0.10279245688924807
0.10274736770152078
0.10270220100745947
0.10265695722663758
0.10261163675201813
0.10256624003009153
0.1025207673468296
0.10247521921781305
0.1024295959585061
0.10238389803359609
0.10233812577386076
0.10229227959373072
0.10224635989058693
0.10220036705414587
0.10215430145373025
0.10210816350454188
0.10206195353208318
0.10201567199426079
0.1019693192222195
0.10192289558150186
0.10187640146179654
0.10182983784505037
0.10178320545834567
0.10173650372119906
0.10168973303078768
0.10164289375624529
0.10159598625663824
0.10154901089119779
0.10150196805368239
0.10145485812851805
0.10140768137408382
0.10136043828728919
0.10131312917945375
0.10126575436866546
0.10121831425339503
0.10117080917835077
0.10112323952939922
0.10107560559877658
0.1010279078161365
0.1009801465003148
0.10093232198226545
0.1008844345950442
0.10083648479035072
0.10078847278183502
0.10074039901137916
0.10069226372457138
0.10064406740203229
0.10059581024893709
0.10054749271794251
0.1004991150468264
0.1004506776404157
0.1004021808306378
0.10035362493031309
0.10030501025014586
0.10025633716336166
0.10020760598961562
0.10015881709083081
0.10010997073786936
0.10006106725302122
0.10001210703552138
0.09996309034242308
0.09991401747475259
0.09986488888471308
0.09982744230976813
0.099799963263869
0.09977244348117562
0.09974488322780625
0.09971728272337807
0.0996896421987668
0.09966196187220022
0.09963424201039116
0.09960648283193031
0.09957868454815308
0.09955084739494709
0.09952297161525345
0.09949505742511444
0.09946710502471719
0.09943911466011857
0.09941108659035107
0.09938302093308063
0.09935491803796351
0.09932677802686952
0.0992986011582311
0.09927038765904057
0.09924213771833419
0.09921385156288834
0.09918552939213476
0.0991571714614828
0.09912877793081196
0.09910034903813708
0.09907188498937793
0.09904338598620872
0.09901485224552609
0.09898628398854639
0.0989576813820734
0.09892904467196259
0.09890037403149815
0.09887166965692862
0.09884293179011726
0.09881416059921246
0.09878535627735992
0.09875651905197864
0.09872764910119883
0.09869874663048425
0.09866981180730712
0.09864084485285934
0.09861184597201897
0.09858281532752632
0.09855375312935215
0.09852465952990695
0.09849553482160076
0.09846637906760278
0.09843719251561493
0.0984079759428828
0.0983787312665966
0.09834945632824368
0.09832015136098946
0.09829081648457047
0.09826145189346448
0.0982320578078942
0.09820263434501876
0.09817318172490737
0.09814370011424686
0.09811418972252009
0.09808465066958645
0.09805508316104843
0.0980254873586536
0.09799586344116909
0.09796621160331333
0.097936531982415
0.09790682476004572
0.09787709010795777
0.09784732819822424
0.0978175392120134
0.09778772327661182
0.09775788056231097
0.09772801128227285
0.09769811555138044
0.09766819355853858
0.09763824542312045
0.09760827140570373
0.09757827156079511
0.09754824607065406
0.09751819515314036
0.09748811892370074
0.09745801751610371
0.09742789111084464
0.09739773988781138
0.09736756395929164
0.09733736348416634
0.09730713865158279
0.097276889595293
0.0972466164303709
0.09721631932484201
0.09718599848707958
0.0971556539702528
0.09712528600153279
0.09709489470130947
0.09706448018703193
0.09703404262866878
0.09700358218586123
0.09697309896020453
0.09694259315499533
0.09691206481609235
0.09688151416491994
0.09685094135483405
0.09682034645400071
0.09678972963906761
0.09677346583651632
0.09675849618991161
0.09674353504834936
0.09672858247473116
0.09671363852133098
0.09669870326141955
0.09668377676614526
0.09666885908500765
0.09665395026107831
0.09663905037791172
0.09662415946650921
0.09660927761816902
0.09659440488024457
0.09657954126568907
0.09656468688158243
0.09654984175194375
0.0965350059311126
0.09652017948583176
0.09650536248171204
0.09649055492385365
0.09647575689362704
0.0964609684492793
0.09644618961370051
0.0964314204612304
0.09641666100973788
0.0964019113265488
0.09638717142979768
0.0963724414275748
0.09635772131018333
0.09634301113785973
0.0963283109381639
0.09631362079713855
0.09629894071495515
0.0962842707364373
0.09626961092680347
0.09625496130672341
0.09624032189443113
0.0962256927973198
0.09621107399909117
0.09619646649825311
0.09618187048246188
0.096167284910996
0.09615270980665067
0.09613814514429046
0.09612359106114106
0.09610904750459355
0.09609451454033527
0.09607999221436483
0.09606548052654498
0.09605097951999825
0.09603648924845049
0.09602200970589088
0.0960075409428633
0.09599308298273676
0.09597863588900563
0.09596419961842317
0.09594977424177045
0.09593535979641739
0.09592095626224445
0.09590656372569002
0.09589218215373031
0.0958778116149747
0.09586345210199054
0.0958491036403767
0.0958347662702768
0.09582044000099864
0.09580612485276037
0.09579182086924025
0.09577752803013995
0.09576324639313105
0.09574897594784654
0.09573471674091708
0.09572046874832207
0.0957062320393574
0.09569200660003939
0.09567779245968196
0.0956635896003083
0.09564939807152349
0.0956352178843974
0.09562104904702105
0.09560689157326968
0.09559274548917515
0.09557861077881066
0.09556448747229895
0.09555037556260375
0.09553627511000762
0.09552218606517726
0.09552676133492842
0.09553628377530622
0.09554581641134657
0.09555535918352141
0.09556491206731907
0.09557447495656525
0.09558716006840119
0.09560728084341938
0.0956274322606725
0.09564761414489502
0.09566782645428891
0.09568806911338101
0.09570834200422676
0.09572864506552237
0.09574897821542258
0.09576934133916287
0.09578973437664125
0.09581015724013714
0.09583060980801894
0.09585109205911284
0.09587160384864535
0.09589214513466894
0.09591271573507583
0.09593331566534427
0.09595394478904287
0.09597460302180658
0.09599529028153034
0.0960160064534128
0.09603675148873374
0.09605752524329078
0.09607832768220734
0.09609915864795705
0.09612001810842638
0.09614090596818337
0.09616182207825143
0.09618276639407732
0.09620373880365107
0.09622473921553351
0.09624576755147723
0.09626682369365264
0.09628790755481538
0.09630901904270427
0.096330158087548
0.09635132474683954
0.0963725187456083
0.09639373999784458
0.09641498835751704
0.0964362638027778
0.09645756617133334
0.0964788954366697
0.0965002513935487
0.09651960261124973
0.09651407023653572
0.0965085855039612
0.09650314831216436
0.09649775861176102
0.09649241629359934
0.09648712127423795
0.09648187346054116
0.09647667281926026
0.09647151916270653
0.09646641249799753
0.09646135270165301
0.09645633969622527
0.0964513733573195
0.09644645363533208
0.09644158042294683
0.09643675366316508
0.09643197319188401
0.09642723901480223
0.09642255097114916
0.0964179090326559
0.09641331302304271
0.09640876292679752
0.09640425863465903
0.09639980003150289
0.0963953870142208
0.0963910195490148
0.09638669749715541
0.09638242076811862
0.09637818927794616
0.09637400296029207
0.09636986167772318
0.09636576533952874
0.09636171388274593
0.09635770720176595
0.09635374517687822
0.09634982994231812
0.09634597044780516
0.09634215528509599
0.09633838436265325
0.0963346575934979
0.09633097489603445
0.09632733613616727
0.09632374123678798
0.09632019010406405
0.09631668264382742
0.09631321872815188
0.0963097983072498
0.0963064212340592
0.09630308743598527
0.09629979682750846
0.09629654926966535
0.0962933446730028
0.0962901829643419
0.09628706400663811
0.0962839877538686
0.09628095403878872
0.09627796279620147
0.0962750139504361
0.0962721073373111
0.09626924286772866
0.09626642048115383
0.09626364005142168
0.09626090148968583
0.09625820466611312
0.09625554951427467
0.09625293587887523
0.09625036370710258
0.09624783287946119
0.09624534324875383
0.09624289480674618
0.09624048734680872
0.09623812080591908
0.09623579509963077
0.09623351009955866
0.0962312657064963
0.09622906180371611
0.0962268983021309
0.09622477511560804
0.09622269211094157
0.09622064913664947
0.09621864613566768
0.09621668303900184
0.096214759674034
0.09621287598443846
0.09621103180824048
0.0962092270548865
0.09620746164985312
0.0962057354754303
0.09620404837210407
0.09620240032599266
0.09620079112111618
0.09619922072025604
0.09619768898205838
0.09619619582815957
0.09619474114288329
0.09619332478025015
0.0961919466532936
0.09619060667290096
0.09618930470439475
0.09618804065837759
0.09618681437932153
0.09618562578193936
0.09618447482070966
0.09618336126918939
0.09618228508417745
0.09618124615959144
0.09618024436697639
0.09617927956554854
0.09617835171439823
0.0961774606289367
0.09617660625522152
0.0961757884392242
0.09617500710125299
0.09617426209159555
0.09617355335430841
0.09617288071053191
0.09617224407245609
0.09617164334646724
0.09617107842198215
0.09617054916026502
0.09617005545771576
0.096169597188364
0.0961691742688726
0.09616878656000175
0.0961684339838731
0.09616811634683964
0.0961678336188049
0.09616758565702031
0.09616737233533501
0.09616719355366457
0.09616704918915402
0.09616693912736955
0.09616686328896848
0.09616682147223851
0.09616681368148403
0.09616683969532785
0.09616689944724548
0.09616699281629948
0.09616711966309158
0.09616727991744707
0.09616747342887708
0.09616770010172102
0.09616795981819795
0.09616825244660818
0.09616857788317941
0.09616893600415499
0.09616932669617534
0.09616974987428734
0.09617020539569938
0.0961706931233402
0.09617121292711427
0.09617176476647325
0.09617234847433487
0.09617296391556311
0.09617361102896435
0.09617428964022827
0.09617499968841665
0.09617574100258473
0.09617651350489058
0.09617731707337528
0.09617815156256787
0.09617901685750513
0.09617991287655649
0.09618083946647683
0.09618179654847772
0.0961827839607124
0.09618380162042589
0.09618484938357601
0.09618592716048385
0.09618703482449899
0.0961881722258835
0.09618933927756008
0.09619053584448797
0.09619176185416003
0.0961930171162975
0.09619430157292282
0.09619561506427687
0.09619695750437172
0.09619832878897196
0.09619972872018101
0.09620115725422
0.09620261424005348
0.09620409958716762
0.09620561315456676
0.09620715481420178
0.09620872444549938
0.09621032199300819
0.09621194725673646
0.09621360013133352
0.09621528054371975
0.0962169883457961
0.09621872344822328
0.09622048566994501
0.09622227492496203
0.09622409110908291
0.09622593412037399
0.09622780376966376
0.09622969998468141
0.09623162262942897
0.09623357164880851
0.09623554679641226
0.0962375480673828
0.0962395753299747
0.09624162841374741
0.09624370723115433
0.09624581162002425
0.09624794152816064
0.0962500968091526
0.0962522773343238
0.09625448296718662
0.09625671363191579
0.09625896917927182
0.09626124952129689
0.09626355449884123
0.0962658839959379
0.09626823794305257
0.09627061615736482
0.096273018558747
0.09627544498899088
0.09627789538818692
0.09628036959215681
0.09628286749936371
0.09628538900505706
0.09628793393393355
0.09629050226604977
0.09629309376177067
0.09629570833900473
0.09629834591623375
0.09630100640319962
0.0963036896256309
0.09630639544715043
0.09630912378808179
0.09631187452559845
0.09631464749266092
0.09631744264765756
0.09632025981229275
0.09632309888461359
0.09632595976441598
0.0963288422870637
0.0963317463930382
0.09633467191826764
0.09633761873378037
0.09634058679706561
0.09634357592533963
0.09634658601984497
0.0963496168851508
0.09635266851171126
0.09635574077695683
0.09635883345711375
0.0963619465576745
0.09636507992308475
0.09636823337470064
0.09637140678308778
0.09637460015722663
0.09637781326399962
0.09638104604966986
0.09638429833791518
0.09638757007648059
0.09639086108776825
0.09639417126414704
0.0963975005343365
0.09640084867894456
0.09640421574678106
0.09640760145157583
0.09641100574436576
0.09641442852688882
0.09641786961705129
0.09642132898776481
0.09642480644697271
0.0964283019108905
0.09643181523464482
0.09643534634024035
0.09643889508524854
0.09644246133213355
0.09644604500121767
0.09644964592065798
0.09645326408297898
0.09645689924651352
0.09646055135869698
0.09646422026221084
0.09646790592094509
0.096471608147753
0.09647532679387014
0.09647906185557076
0.09648281308711885
0.09648658044901758
0.09649036379623309
0.09649416304088557
0.09649798216728997
0.09650188905607184
0.09650581178186142
0.09650975025848482
0.09651370438573616
0.09651767405116726
0.09652165907857484
0.09652565939528962
0.09652967489049953
0.0965337054805661
0.09653775098859214
0.09654181130278525
0.09654588631003778
0.09654997595726232
0.0965540800567043
0.09655819855411227
0.09656233124866796
0.09656647810052352
0.09657063896131005
0.09657481375624015
0.09657900235228477
0.09658320457139041
0.09658742038076999
0.09659164963291499
0.09659589219649257
0.0966001480213523
0.09660441689756084
0.09660869880001079
0.0966129935645801
0.0966173011001034
0.09662162125555195
0.09662595391299293
0.09663029908747356
0.09663465645681639
0.09663902609240747
0.09664340781617355
0.09664780146755932
0.09665220695655602
0.0966566241673869
0.09666105306259679
0.09666549348146944
0.09666994521002235
0.0966744082504699
0.09667888253960459
0.09668336780435867
0.09668786404446994
0.09669237111381614
0.09669688892802897
0.09670141838865824
0.09670595832334355
0.09671050871698023
0.09671506934648708
0.0967196401414286
0.09672422099920204
0.09672881176212696
0.09673341234921191
0.09673802266527687
0.09674264254453117
0.09674727196689997
0.09675191072271838
0.09675655877793443
0.09676121595528567
0.09676588215688928
0.09677055733782766
0.09677524134113046
0.09677993402946578
0.09678463535520578
0.09678934511339825
0.09679406326571346
0.09679878967826241
0.09680352428332996
0.09680826693802663
0.09681301753002873
0.0968177759531189
0.09682254206686539
0.09682731582548743
0.09683209706860932
0.0968368857114374
0.09684168163417081
0.09684648470994146
0.09685129486822647
0.09685611195828275
0.09686093594619587
0.09686576660513689
0.09687060391399856
0.09687544778858481
0.09688029803095381
0.09688515459075056
0.09689001734967947
0.09689488615755237
0.09689976098246965
0.0969046416927433
0.09690952813005552
0.09691442025941265
0.09691931794042376
0.09692422100840503
0.09692912941219155
0.09693404310024492
0.09693896188256551
0.09694388567347326
0.09694881435305625
0.09695374785135036
0.09695868606814824
0.09696362887936556
0.09696857611579464
0.09697352777121863
0.0969784836794443
0.09698344371685132
0.0969884078534623
0.09699337592432457
0.09699834787672863
0.09700332352914677
0.09700830278261106
0.09701328565851422
0.09701827186887052
0.09702326147486837
0.09702825424496668
0.09703325016555665
0.0970382490343573
0.09704325086557383
0.0970482554552128
0.09705326273795131
0.0970582726158136
0.09706328499577704
0.09706829979825324
0.09707331679601779
0.09707833597897332
0.09708335726883217
0.09708838053588546
0.09709340565113725
0.09709843248780349
0.09710346103367785
0.09710849108975443
0.09711352262538499
0.09711855551621426
0.09712358966362547
0.09712862495520032
0.09713366129343808
0.09713869856144984
0.09714373668734022
0.09714877551697891
0.0971538150235559
0.09715885502178583
0.09716389547877091
0.09716893628789593
0.09717397735250367
0.09717901849971029
0.09718405967611479
0.09718910080862221
0.09719414174945307
0.09719918242638345
0.09720422273990187
0.09720926259862037
0.09721430186492061
0.09721934045549985
0.09722437832877061
0.09722941538447044
0.09723445141149495
0.09723948644283571
0.09724452024543606
0.09724955284764518
0.09725458951578739
0.09725981212314984
0.09726503396679104
0.09727025502228592
0.09727547510847762
0.09728069425596025
0.09728591226953066
0.09729383576632829
0.09730230213041169
0.09731075984167127
0.0973192088305429
0.09732764888579454
0.09733608004469253
0.09734450226506544
0.0973529153376831
0.09736131919741112
0.09736971383525839
0.09737809922634413
0.09738647508997342
0.09739484143716876
0.09740319813890536
0.0974115452701513
0.0974198825839776
0.09742821011745793
0.0974365275882411
0.09744483515591836
0.0974531326037188
0.09746141990643763
0.09746969698297697
0.09747796358705578
0.09748621985336262
0.09749446559430086
0.09750270083903112
0.09751092530664346
0.09751913908035231
0.09752734197102246
0.09753553400744121
0.09754371506172187
0.09755188502859653
0.09756115362630363
0.09757211092908823
0.09758305308769047
0.09759397993447894
0.0976048915671547
0.09761578772928589
0.09762666850817814
0.09763753372698293
0.09764838338681693
0.09765921730051715
0.0976700354683549
0.09768083778598183
0.09769162424326025
0.09770239464384171
0.09771314909107431
0.09772388730179375
0.09773460930693749
0.09774531501124148
0.0977560043764873
0.09776667734099964
0.09777733379123323
0.09778797358504368
0.09779859677863877
0.09780920317774434
0.09781979279777553
0.09783036558901011
0.09784092136351079
0.09785146015995645
0.09786198178071041
0.09787248621528086
0.09788297345007306
0.0978934433664547
0.09790389585629726
0.09791433095309168
0.09792474845719806
0.09793514832390297
0.09794553055364211
0.0979558950094986
0.09796624159834263
0.0979765702920077
0.09798688108057572
0.09799717375536834
0.09800992027103914
0.09802550329406949
0.09804106116476743
0.09805659357469626
0.09807210063438503
0.09808758219950466
0.09810303819265151
0.0981184686108126
0.09813387333334733
0.09814925233301482
0.09816460552322728
0.09817993283057437
0.09819523422710542
0.09821050963296932
0.09822575896071176
0.09824098218283152
0.09825617925521038
0.09827135007481164
0.09828649454099087
0.09830161266013124
0.09831670438955263
0.098331769626803
0.09834680822126145
0.09836182020381348
0.09837680559745539
0.09839176420385597
0.09840669599134709
0.09842160095094606
0.0984364789362603
0.0984513299623029
0.09846615394838884
0.09848095078572539
0.09849572044475657
0.09851046293054286
0.0985251780974705
0.09853986590991995
0.09855452633431419
0.09856915924997749
0.09858376464481536
0.09859834240593204
0.09861289262232986
0.09862741503393016
0.0986419097152714
0.09865637660120234
0.09867081553668942
0.09868522655901002
0.09869960955998744
0.09871396449557594
0.09872829131116145
0.09874258996834476
0.0987568604341781
0.09877110247444346
0.0987853162485011
0.09879950160561933
0.09881365846877463
0.09882778681768922
0.0988418865962958
0.0988559577374513
0.09887000017938871
0.09888401387489816
0.09889799872566808
0.09891195473552152
0.09892588181351629
0.09893977993190417
0.09895364895043185
0.09896748894051664
0.09898129975734561
0.098995081352822
0.09900883372901988
0.09902255680154147
0.09903625047641682
0.09904991472647873
0.09906354952064704
0.09907715473744658
0.09909073041793157
0.09910427646144829
0.09911779275393612
0.09913127935383119
0.09914473607823054
0.09916005256169218
0.09917906389710343
0.09919803837538088
0.09921697600409175
0.09923587671487605
0.09925474042875641
0.09927356708518374
0.099292356679639
0.09931110913803945
0.09932982444933726
0.0993485025590364
0.09936714339178426
0.09938574690014222
0.09940431309294122
0.09942284184277546
0.09944133314473842
0.09945978690065066
0.09947820317188709
0.09949658183054089
0.0995149228752911
0.0995332262482896
0.09955149185042146
0.09956971968502695
0.0995879097477019
0.09960606189941837
0.099624176149287
0.0996422524197881
0.09966029073723641
0.09967829096189702
0.09969625311239028
0.09971417713214752
0.09973206300562297
0.09974991060009367
0.09976772002508956
0.09978549100437856
0.09980322371635134
0.09982091804041937
0.09983857390619712
0.09985619124753396
0.09987377011840035
0.09989131036352782
0.09990881204198389
0.09992627505478271
0.09994369937336026
0.09996108496552222
0.0999784317238147
0.09999576448438759
0.10001331629184913
0.10003082880239159
0.10004830209076992
0.10006573604983102
0.10008313051951793
0.10010048561876884
0.10011780130739327
0.1001350773991096
0.10015231399108225
0.10016951099531819
0.10018666828445452
0.1002037860528094
0.10022086399594701
0.10023790659180681
0.10025491008610439
0.10027187372103612
0.10028879752955258
0.10030568137974252
0.10032252530507325
0.10033932920119777
0.10035609302398073
0.10037281682975399
0.10038950052240829
0.10040614403872075
0.10042274734902268
0.10043931049906406
0.10045583334496114
0.10047231589495484
0.10048875804770063
0.10050515986877383
0.10052152126358006
0.10053784222059112
0.10055412266524316
0.1005703625977622
0.10058656199613715
0.10060272074797956
0.10061883885853881
0.1006349162960292
0.10065121646834313
0.10066777531897018
0.10068429543064299
0.10070077679550461
0.10071850605127865
0.10073956366465645
0.10076057441121569
0.10078153818165606
0.10080245500690377
0.10082332485183297
0.1008441476325789
0.10086492351285088
0.10088565218518554
0.10090633394238864
0.10092696851496288
0.1009475560659121
0.10096809640971544
0.10098858963204793
0.1010090357141994
0.10102943456759576
0.10104978616506805
0.10107009059735918
0.10109034777056337
0.10111055765886827
0.10113072027464282
0.1011508354731538
0.10117090347121671
0.1011909240951023
0.10121089723799954
0.10123082306679637
0.10125070150073699
0.10127053253577206
0.10129031599511085
0.10131005203844673
0.1013297406691264
0.10134938170563985
0.10136897520279123
0.10138852119750714
0.10140801963771466
0.101427470482766
0.10144687373275088
0.10146622936814838
0.10148553737051959
0.10150479765226322
0.10152401039982648
0.10154317534681398
0.1015622926035323
0.1015813621969054
0.10160038397540158
0.10161935804818109
0.10163828437113304
0.10165716282916219
0.10167599350305712
0.10169477640353008
0.10171351141292953
0.10173556794215369
0.10175805901695782
0.1017804982616197
0.10180288567669633
0.1018252211894456
0.1018475048919365
0.10186973664927128
0.10189191650513546
0.10191404445243228
0.10193612053615796
0.10195814458290937
0.10198011671533669
0.10200203688754003
0.10202390511126117
0.10204572127639344
0.10206748546860166
0.10208919759968738
0.10211085770522088
0.10213246581963953
0.10215402186079
0.10217552581111651
0.10219697765310344
0.10221837743974968
0.10223972510089899
0.10226102067353453
0.10228226408531924
0.10230345537975477
0.10232459452513397
0.10234568152368727
0.1023667162918479
0.10238769893018723
0.10240862933831302
0.10242950757824354
0.10245033356395884
0.10247110735244055
0.10249182889104393
0.10251249817645423
0.10253311520733568
0.10255367997593967
0.10257419247448858
0.10259465268416465
0.10261506063547825
0.10263541625265275
0.10265571953781247
0.1026759704783321
0.10269616910770478
0.10271631544604885
0.1027364093406123
0.10275645096214822
0.1027764401068092
0.10279637698223462
0.10281626145638534
0.10283609346272912
0.10285587311804778
0.10287560038000539
0.10289527524703143
0.10291489762424866
0.10293446762498559
0.10295398517146948
0.10297345024428332
0.10299286286627438
0.10301222301566224
0.10303153072937157
0.10305078591834746
0.10306998868191392
0.10308913891181666
0.10310823669832736
0.10312728193873434
0.10314627468052125
0.10316521487236162
0.1031841026141181
0.10320293779908567
0.10322172041000265
0.10324045052587007
0.1032591280483591
0.10327775308873921
0.10329656760798098
0.10332009288934704
0.1033435580325344
0.10336696279165644
0.1033903074141653
0.10341359170953872
0.10343681585293825
0.10345997972640521
0.10348308340030063
0.10350612672386801
0.10352910998651545
0.10355203287937258
0.10357489569001418
0.10359769822450995
0.10362044051909908
0.10364312261147078
0.10366574459631286
0.10368830631723017
0.10371080780240709
0.10373324913066323
0.10375563031894212
0.10377795125354379
0.10380021204815632
0.10382241275129941
0.10384455315775491
0.10386663349531551
0.10388865367948705
0.10391061367567532
0.10393251353443302
0.1039543532416433
0.10397613282418557
0.10399785224422245
0.10401951162384428
0.10404111083985566
0.10406264996018666
0.10408412900526455
0.10410554790676775
0.10412690678351307
0.1041482055671818
0.10416944411369729
0.10419062277303708
0.10421174133206844
0.10423279971421541
0.10425379822281765
0.10427473663897353
0.1042956149099007
0.10431643327400514
0.10433719161406131
0.104357889805726
0.10437852813345878
0.10439910637184165
0.104419624703841
0.10444008301351798
0.10446048132484971
0.1044808196847346
0.104501098138445
0.10452131651521575
0.1045414750576571
0.10456157359556992
0.10458161231292529
0.10460159098594737
0.10462150981022189
0.1046413687959581
0.10466116780942364
0.10468090701958135
0.10470058628820594
0.10472020568440159
0.10473976528870677
0.10475926494606909
0.10477870489747951
0.10479808499207491
0.10481740518183798
0.10483666565768868
0.10485586633480266
0.10487500713629785
0.10489408827695651
0.10491310962237606
0.10493207113952102
0.10495097302739854
0.10496981508054488
0.10498859740905883
0.10500732014125103
0.10502769812426344
0.10505045702483064
0.10507315050808859
0.10509579282314291
0.10511837835441032
0.10514089825382957
0.10516335278916746
0.10518574174946424
0.1052101744905011
0.10523493449412746
0.10525962561702114
0.10528424848688354
0.1053088029020075
0.1053332888692904
0.10535770625370543
0.1053820552154355
0.10540633588193407
0.10543054827391098
0.10545469204039451
0.10547876757037022
0.1055027749253974
0.10552671371408266
0.10555058443910946
0.1055743867393782
0.1055981208212997
0.10562178665573295
0.10564538433132586
0.10566891376275621
0.10569237513769429
0.10571576825639331
0.10573909317043349
0.1057623500701367
0.10578553876930234
0.10580865952448566
0.10583171211491411
0.10585469678214243
0.10587761330555835
0.10590046196764916
0.10592324251185645
0.1059459551888821
0.10596859983317737
0.10599117670545237
0.10601368567027379
0.10603612671951278
0.10605849972504948
0.10608080526450402
0.10610304279712952
0.10612521244812041
0.10614731453965434
0.10616934858041435
0.10619131513556726
0.10621321386682538
0.10623504515519114
0.10625680844714712
0.10627850426364167
0.10630013258867858
0.10632169307198022
0.10634318606513653
0.10636461168525611
0.10638596946095505
0.10640725991184266
0.10642848290477117
0.10644963835583932
0.10647072647765793
0.10649174709968123
0.10651270036908145
0.10653358620577763
0.10655440468264667
0.10657515577350171
0.1065958397940676
0.10661645641434435
0.10663700560882078
0.10665748787796776
0.10667790270624987
0.10669825044630026
0.10671853098220506
0.10673874427555648
0.10675889062948576
0.10677896971614732
0.1067989818958994
0.10681892709593263
0.10683880500061475
0.10685861616864616
0.10687836024287446
0.10689803741678568
0.10691764755300145
0.10693719084818336
0.10695666732067652
0.10697607696283558
0.10699541984308104
0.10701469566939412
0.10703390483202974
0.10705304736462126
0.10707212304769043
0.10709113215782953
0.10711007441288509
0.10712895012934652
0.10714775905321068
0.10716650171875783
0.10718517755543612
0.10720378675908258
0.10722232960913068
0.10724080604575968
0.10725921574657947
0.10727755931712035
0.10729583614742422
0.10731404684268744
0.10733219108287002
0.10735026881288465
0.10736828052326568
0.10738622573507314
0.10740410478315358
0.10742191756990284
0.10743966400054049
0.1074575671963991
0.10747610634503836
0.10749458129176112
0.10751299189941638
0.10753133871830821
0.10754962125793059
0.10756783983406096
0.10758599415790837
0.10760408476529128
0.1076221113346419
0.10764007383485558
0.1076579725306814
0.10767580742291741
0.10769357833134398
0.10771128538678904
0.10772892856940922
0.10774650815357133
0.10776402384351134
0.10778147601716026
0.10779886450922989
0.10781618908219864
0.10783345023723236
0.10785064773774207
0.1078677816228496
0.10788485207123744
0.1079018589852067
0.10791880225272502
0.10793568222353388
0.10795249878079836
0.10796925188906009
0.10798594162397646
0.10800256808388796
0.10801913125679743
0.1080356309852645
0.10805206767537731
0.10807349585690593
0.10809547246883357
0.10811738336369858
0.108139228349017
0.1081610072379139
0.10818272021608005
0.10820436750239122
0.10822594872820383
0.10824746402872332
0.10826891371660928
0.10829029747085528
0.10831161538833553
0.10833286763311219
0.10835405406614537
0.10837517460764412
0.10839622974234016
0.1084172190082671
0.10843814247259144
0.10845900046778113
0.10847979292048446
0.10850051966769558
0.10852118066412558
0.10854177623926771
0.10856230623270566
0.10858277080965903
0.1086031698056997
0.10862350318241304
0.10864377123881397
0.10866397387378067
0.10868411099408821
0.10870418293329037
0.10872418932445822