   0.1077854857E+000
   0.1077854808E+000
   0.1077854735E+000
   0.1077854624E+000
   0.1077854459E+000
   0.1077854210E+000
   0.1077853837E+000
   0.1077853278E+000
   0.1077852440E+000
   0.1077851182E+000
   0.1077849296E+000
   0.1077846469E+000
   0.1077842231E+000
   0.1077835881E+000
   0.1077826372E+000
   0.1077812142E+000
   0.1077790873E+000
   0.1077759139E+000
   0.1077711913E+000
   0.1077641899E+000
   0.1077538664E+000
   0.1077387624E+000
   0.1077169004E+000
   0.1076857105E+000
   0.1076420299E+000
   0.1075822219E+000
   0.1075024190E+000
   0.1074128292E+000
   0.1073172112E+000
   0.1072118734E+000
   0.1070945026E+000
   0.1069633827E+000
   0.1068171260E+000
   0.1066545002E+000
   0.1064742214E+000
   0.1062746417E+000
   0.1060532883E+000
   0.1058061919E+000
   0.1055269874E+000
   0.1052058300E+000
   0.1048281088E+000
   0.1043732723E+000
   0.1038140820E+000
   0.1031165802E+000
   0.1064377820E+000
   0.1095620353E+000
   0.1120906948E+000
   0.1139005002E+000
   0.1149032017E+000
   0.1150597491E+000
   0.1143924494E+000
   0.1129921874E+000
   0.1112342831E+000
   0.1092918424E+000
   0.1073029340E+000
   0.1053970480E+000
   0.1036941685E+000
   0.1023008089E+000
   0.1012329622E+000
   0.1004356817E+000
   0.9990274161E-001
   0.9959367266E-001
   0.9943483480E-001
   0.9932700380E-001
   0.9915586806E-001
   0.9880426619E-001
   0.1029040302E+000
   0.1074529635E+000
   0.1105266171E+000
   0.1121556108E+000
   0.1124464199E+000
   0.1115806781E+000
   0.1098087798E+000
   0.1074364848E+000
   0.1050483224E+000
   0.1028350048E+000
   0.1009276741E+000
   0.9943134929E-001
   0.9837033564E-001
   0.9764273477E-001
   0.9722380468E-001
   0.9705551539E-001
   0.9704670176E-001
   0.9708267266E-001
   0.9703729189E-001
   0.9874041216E-001
   0.1044139010E+000
   0.1086018536E+000
   0.1112867099E+000
   0.1125250555E+000
   0.1124497024E+000
   0.1112672614E+000
   0.1092497326E+000
   0.1067189024E+000
   0.1040230053E+000
   0.1016495997E+000
   0.9981443047E-001
   0.9852577387E-001
   0.9764097055E-001
   0.9710159123E-001
   0.9685044532E-001
   0.9679922920E-001
   0.9683552387E-001
   0.9683318037E-001
   0.9683940968E-001
   0.1029687272E+000
   0.1076251139E+000
   0.1107710887E+000
   0.1124413822E+000
   0.1127463491E+000
   0.1118712375E+000
   0.1100698583E+000
   0.1076513383E+000
   0.1049591760E+000
   0.1023427912E+000
   0.1001231456E+000
   0.9862791888E-001
   0.9768116394E-001
   0.9713580074E-001
   0.9689705946E-001
   0.9685592446E-001
   0.9688908824E-001
   0.9686573012E-001
   0.9788040175E-001
   0.1038120863E+000
   0.1082513512E+000
   0.1111751524E+000
   0.1126317945E+000
   0.1127444410E+000
   0.1117100311E+000
   0.1097922231E+000
   0.1073071569E+000
   0.1046014108E+000
   0.1020225533E+000
   0.9988412093E-001
   0.9840417750E-001
   0.9746524694E-001
   0.9703134022E-001
   0.9690005683E-001
   0.9691332725E-001
   0.9692571004E-001
   0.9680056854E-001
   0.1017179468E+000
   0.1067571296E+000
   0.1102633117E+000
   0.1122657461E+000
   0.1128642578E+000
   0.1122314246E+000
   0.1106087559E+000
   0.1082957554E+000
   0.1056311004E+000
   0.1029659893E+000
   0.1006309697E+000
   0.9889494899E-001
   0.9774983099E-001
   0.9712025828E-001
   0.9691214353E-001
   0.9692005240E-001
   0.9693260059E-001
   0.9679418888E-001
   0.1022053935E+000
   0.1071682557E+000
   0.1105514771E+000
   0.1124136486E+000
   0.1128746704E+000
   0.1121214989E+000
   0.1104060384E+000
   0.1080347929E+000
   0.1053499902E+000
   0.1027025901E+000
   0.1004187962E+000
   0.9875348905E-001
   0.9766354146E-001
   0.9708475811E-001
   0.9690975094E-001
   0.9693395441E-001
   0.9690491666E-001
   0.9900130736E-001
   0.1049979374E+000
   0.1092153817E+000
   0.1117824418E+000
   0.1128410445E+000
   0.1125759142E+000
   0.1112262272E+000
   0.1090843734E+000
   0.1064837319E+000
   0.1037766502E+000
   0.1013042988E+000
   0.9936124612E-001
   0.9805041671E-001
   0.9726673493E-001
   0.9694480657E-001
   0.9691627305E-001
   0.9693650147E-001
   0.9739401503E-001
   0.1044931924E+000
   0.1091305100E+000
   0.1118143824E+000
   0.1128562185E+000
   0.1125244565E+000
   0.1111016413E+000
   0.1089027259E+000
   0.1062719732E+000
   0.1035653093E+000
   0.1011222835E+000
   0.9923175531E-001
   0.9796523872E-001
   0.9722369911E-001
   0.9693399204E-001
   0.9691966470E-001
   0.9693141725E-001
   0.9812858638E-001
   0.1051061854E+000
