0.04130345036869525
0.0393218705241266
0.03990410407972188
0.04206876425675652
0.03589502163733511
0.0394310262368717
0.03940121477932503
0.03912839022234642
0.04036617722083526
0.04331575157341571
0.04399565628847494
0.04114156877570677
0.038805948304392504
0.036770461520330255
0.03659274504189378
0.038395689025283765
0.03933146200770073
0.039674170910235444
0.0396598603511756
0.039472364125207354
0.039263214592223684
0.03914293562391834
0.03918592003773534
0.039436344912525303
0.03991423670039691
0.04062116245566245
0.041545265958889896
0.04266553516844489
0.04395528935554262
0.04538493346840629
0.044446514613123184
0.04331960766006947
0.04228620925934401
0.04133248825503297
0.04044555687124147
0.03961386933411336
0.038827441423948984
0.03807793820708572
0.037358663101537404
0.036664477378325226
0.03599167679409346
0.036055932377084626
0.03690317592673138
0.03761055832200519
0.03819061360132617
0.03865592915348408
0.03901895925834807
0.03929187181346196
0.03948642698666118
0.039613878661165405
0.03969031688002351
0.03972058622242064
0.03971332770685228
0.03967726455452317
0.039620437397166766
0.039550183030274445
0.039473107136644696
0.039395178007745967
0.03932171399472522
0.03925741086368475
0.03920637221495877
0.03917214070441145
0.039157732521556264
0.03916567138983353
0.03919802439135243
0.03925643484270217
0.039342158756679194
0.039456096777041275
0.03959882702663347
0.039770636777112324
0.03997155148822002
0.04020136313367404
0.040459657647431965
0.040745839560081785
0.041059155591023216
0.04139871710020264
0.041763519876668084
0.04215246339440219
0.04256436814219856
0.04299799159989407
0.043452042474725755
0.04392519433738857
0.044416097201642975
0.044923388759802126
0.04544570358144637
0.045205244432382684
0.04476964085109033
0.04434805994238973
0.043939874248031474
0.04354444923119258
0.04316114860565797
0.042789339204046976
0.04242839554281976
0.04207770316097251
0.04173666209788646
0.04140468945204322
0.04108122175817468
0.04076571706200295
0.04045765608996283
0.04015654378534231
0.039861910236902685
0.039573311088334936
0.039290328208871635
0.03901256988474547
0.03873967078384129
0.03847129185377568
0.038207120002351
0.03794686784617476
0.03769027299050959
0.03743709749573384
0.03718712709824049
0.036940170853189826
0.03669605972802244
0.036454646177766836
0.036215802938457636
0.035979422475326
0.03574541572945586
0.03581819960134059
0.036149696237666055
0.03646217698939651
0.036756186220006676
0.03703227502089791
0.03729099938930548
0.037532919230090084
0.03775859654985245
0.037968594847649445
0.038163477546435634
0.03834380695171962
0.03851014354170578
0.038663044805662516
0.03880306433130434
0.03893075124336277
0.039046649226467854
0.03915129603959326
0.03924522276913825
0.0393289532041482
0.03940300358042556
0.03946788161284558
0.03952408670512412
0.03957210896211024
0.03961242922277765
0.03964657484282886
0.03967510750966364
0.0396972486220194
0.039713440362337774
0.03972411431084073
0.0397296912948794
0.039730581182291023
0.039727182884307426
0.039719884297535896
0.03970906210862248
0.03969508199577938
0.03967829845911991
0.03965905491593564
0.03963768358612933
0.03961450589681741
0.03958983225788064
0.03956396196735344
0.03953718387053001
0.03950977602280989
0.0394820057827983
0.039454130285979494
0.0394263962520597
0.03939904028829567
0.039372288972865745
0.03934635897974717
0.039321457565463354
0.03929778209643828
0.03927552104582844
0.0392548685156615
0.03923598584600792
0.03921902850604098
0.03920414924677427
0.03919149275752397
0.039181194829582836
0.03917338367529179
0.039168179824820376
0.039165695575136175
0.03916603647409387
0.03916930056290789
0.03917557860433737
0.03918495486799051
0.03919750695267683
0.039213305657431745
0.03923241600711867
0.039254896487009645
0.03928080021585838
0.03931017410122204
0.03934305994072733
0.03937949395144738
0.03941950719803355
0.039463126066432985
0.03951037183335718
0.039561261528111534
0.03961580715906735
0.039674016922062315
0.03973589486904131
0.039801441087599886
0.039870651460755094
0.03994351865513213
0.04002003216045077
0.04010017707697231
0.04018393653184146
0.040271289771084975
0.04036221323198368
0.04045668102574496
0.040554664081755516
0.04065613128962691
0.04076104899133015
0.040869380948415204
0.04098108927755425
0.04109613364162907
0.041214472313563635
0.041336061247581095
0.04146085490721878
0.041588806452493146
0.04171986683297987
0.04185398666699056
0.04199111425365432
0.04213119742372742
0.04227418252539927
0.04242001500965698
0.04256863952208988
0.04271999961534399
0.04287403822516863
0.04303069762915822
0.04318991910965338
0.04335164421810015
0.043515813310716994
0.043682366370289036
0.04385124356666203
0.044022384058373144
0.0441957275412408
0.044371212873675875
0.0445487791875295
0.044728365469797755
0.044909910701194454
0.045093353765913974
0.045278633886396
0.045465690326323006
0.04548752869300294
0.04532806277315612
0.04517046006871006
0.045014693358189306
0.04486073555692739
0.04470855907067893
0.04455813596265081
0.044409438329661655
0.04426243833869393
0.044117107156117795
0.04397341704587549
0.043831339087071056
0.04369084525438392
0.04355190675010773
0.0434144952788233
0.04327858254134021
0.04314414016695889
0.04301113993350774
0.0428795539467415
0.04274935399842251
0.04262051265238918
0.042493002095729426
0.04236679512656477
0.04224186436670488
0.04211818319457836
0.04199572461937815
0.04187446252161034
0.041754370754293994
0.04163542341774335
0.04151759512874755
0.041400860486764036
0.04128519513278467
0.04117057383014641
0.04105697289167798
0.040944368522605724
0.040832737027844755
0.04072205542636128
0.04061230129476974
0.04050345197484418
0.04039548567674634
0.040288380950502675
0.04018211661397244
0.04007667193014186
0.039972026559649196
0.03986816084010003
0.03976505504597825
0.03966269019477977
0.03956104762344237
0.03946010931781807
0.03935985709790064
0.039260273664085
0.03916134224034263
0.039063046071028174
0.03896536913408162
0.038868295651595774
0.03877181030552717
0.038675898332923155
0.03858054507640346
0.03848573644871762
0.03839145897507884
0.03829769927617335
0.03820444479973804
0.038111682619816276
0.03801940100951516
0.03792758802447218
0.037836232797038086
0.03774532418735455
0.037654851799547154
0.03756480545756463
0.037475175616170836
0.03738595246651646
0.037297127369491825
0.03720869162470867
0.037120636776177995
0.03703295538003488
0.036945639199101175
0.036858681324493096
0.036772074952418014
0.03668581323243296
0.03659989024056718
0.036514299795280945
0.03642903637107116
0.03634409485840275
0.03625947018611098
0.03617515743727837
0.03609115255936908
0.03600745135737631
0.03592404999507277
0.03584094497520395
0.03575813311448068
0.035675611370407784
0.0357073521139676
0.03582948281216254
0.0359491534835884
0.03606638790407028
0.036181210113025324
0.03629364411854213
0.03640371431418649
0.036511444804565564
0.03661686047952152
0.03671998546785276
0.036820844763419056
0.03691946299951743
0.03701586497485733
0.037110075593341924
0.03720211998233881
0.0372920229489332
0.03737980952782192
0.03746550498659232
0.03754913412493188
0.037630722411128
0.03771029488819211
0.03778787668222544
0.03786349317581511
0.037937169388776885
0.03800893033660545
0.0380788013662357
0.038146807584752564
0.038212974234937934
0.03827732600586958
0.03833988830753849
0.03840068615500301
0.03845974430440494
0.03851708789688066
0.03857274147589166
0.03862672999035226
0.03867907812748081
0.03872981073396802
0.038778952169836185
0.03882652696899676
0.03887255964041197
0.03891707458231078
0.03896009568477945
0.03900164753769716
0.039041753871541615
0.039080438906928014
0.03911772615261164
0.03915363970657838
0.03918820301898789
0.039221439594664995
0.03925337278637591
0.03928402605380287
0.03931342234396099
0.039341584726728114
0.0393685362519162
0.039394299471288294
0.03941889717062744
0.039442351906421244
0.039464685670685694
0.03948592111479473
0.03950608012493078
0.039525184715964876
0.03954325652332694
0.03956031715337402
0.039576388344715566
0.03959149123669953
0.03960564676510479
0.039618876583191485
0.03963120107446322
0.039642751249574115
0.0396541295160805
0.03966465488899374
0.03967434753664808
0.03968322788842431
0.03969131546723782
0.03969863048140494
0.03970519228914389
0.039711020500003066
0.03971613446917553
0.03972055334974377
0.039724295882016133
0.039727380948845405
0.03972982718073898
0.03973165309296366
0.039732876938527784
0.03973351659345321
0.039733590225879405
0.0397331156975049
0.03973211020659048
0.03973059130424023
0.03972857630840497
0.03972608213454698
0.03972312592124019
0.03971972389345415
0.03971589285610122
0.0397116491855972
0.03970700895834056
0.03970198811362462
0.039696602548558356
0.03969086780240668
0.039684799382870395
0.03967841256852815
0.03967172261132724
0.039664744241698684
0.03965749228360818
0.03964998127183632
0.039642225739079516
0.039634239785888155
0.03962603733871364
0.039617632701755716
0.03960903920924375
0.03960027054004376
0.03959134013335974
0.039582261082662565
0.039573046519068546
0.03956370906973276
0.03955426160165997
0.03954471669172359
0.03953508644648923
0.0395253832139815
0.03951561914742847
0.039505805768276
0.039495955028903754
0.03948607839863004
0.03947618707152858
0.03946629224530232
0.03945640512111401
0.03944653653188534
0.03943669716548566
0.039426897403659
0.03941714790158025
0.03940745867058417
0.03939783981253645
0.03938830137520113
0.03937885306847299
0.03936950443812752
0.039360264847991946
0.039351143655321635
0.039342150101072
0.039333293199012125
0.039324581661057616
0.0393160241762792
0.03930762930854051
0.03929940558319427
0.03929136120584468
0.03928350422480094
0.03927584250563126
0.03926838416891507
0.03926113657339683
0.03925410753193614
0.0392473041074177
0.039240733865607766
0.03923440395180471
0.03922832112250295
0.03922249217862058
0.03921692435955383
0.03921162358717395
0.039206598469823446
0.03920186029516479
0.03919740844904514
0.039193249120257595
0.039189388060330343
0.039185831163326044
0.039182584105846525
0.03917965265738385
0.039177042022968685
0.03917475752389758
0.039172804422102435
0.03917118782317003
0.039169912551915514
0.03916898331968254
0.03916840529516398
0.03916818256343567
0.03916831999047934
0.03916882183654613
0.03916969232438024
0.03917093552560659
0.039172555607068046
0.039174556542565984
0.03917694191861321
0.03917971569312448
0.03918288127658645
0.03918644233928477
0.03919040219593512
0.039194764105699456
0.03919953141534589
0.03920470686906067
0.039210293998066234
0.03921629526366818
0.03922271377399925
0.039229551943390846
0.03923681238287458
0.03924449798068054
0.03925261074926747
0.039261153184798774
0.03927012753631988
0.03927953604334849
0.03928938043972147
0.03929966298605302
0.03931038570458283
0.039321549982912665
0.03933315772934764
0.03934521066796708
0.03935771040321855
0.03937065812703491
0.039384055248560076
0.03939790339996901
0.03941220344142198
0.03942695686769848
0.039442164385769314
0.03945782732892881
0.039473946486212205
0.039490522581511416
0.03950755664165101
0.0395250490579698
0.039543000865390504
0.03956141231674835
0.03958028395743086
0.03959961639515655
0.03961940985117285
0.039639664627722046
0.039660380857027236
0.0396815588889283
0.03970319873702182
0.039725300595953465
0.039747864085029054
0.039770889602615135
0.039794376500239585
0.03981832494100485
0.039842734624082284
0.039867605126209314
0.039892935923513145
0.03991872701254145
0.03994497758780606
0.03997168725442999
0.039998855382332145
0.040026481392478955
0.04005456446154569
0.04008310397399827
0.04011209895119123
0.040141548733858674
0.040171452379946335
0.04020180901184277
0.040232617473634866
0.04026387702749723
0.04029558645940571
0.04032774440976145
0.04036035014993908
0.040393402061669414
0.04042689913855393
0.040460840143544216
0.04049522366703694
0.04053004822991176
0.04056531259028854
0.04060101522240363
0.04063715463270507
0.04067372951887154
0.04071073797148206
0.04074817863321612
0.040786049803142724
0.04082434992083159
0.04086307722203856
0.04090222995681468
0.04094180626246598
0.04098180469056401
0.04102222306494854
0.04106305973799324
0.04110431262300983
0.04114598003452278
0.041188060051401985
0.04123055066098028
0.0412734497200674
0.04131675535794602
0.0413604654048559
0.041404577933448
0.04144909088265688
0.04149400204417473
0.04153930926829612
0.041585010352371145
0.04163110309491271
0.041677585448017807
0.04172445492290754
0.04177170973511885
0.041819347079830774
0.041867364949979134
0.04191576098565085
0.04196453280413695
0.04201367814360157
0.042063194415765115
0.04211307953805364
0.042163331090495734
0.04221394640067738
0.04226492343146321
0.04231625923096742
0.042367951736652865
0.042419998257466646
0.04247239651322841
0.04252514371206975
0.042578237472858806
0.042631675358973095
0.04268545468328992
0.04273957318794863
0.0427940278561932
0.04284881654190594
0.042903936231207904
0.04295938468554294
0.04301515917982122
0.043071257066631626
0.04312767574315378
0.043184412530441
0.04324146491817162
0.043298830152594024
0.0433565056969947
0.04341448868181858
0.04347277666014578
0.04353136679351294
0.04359025635384583
0.04364944290667792
0.043708923511948564
0.043768695799923756
0.04382875661572045
0.04388910360597014
0.04394973408866647
0.044010645026212616
0.04407183396375097
0.04413329826150475
0.0441950349319112
0.04425704136509915
0.04431931485983504
0.044381852822932034
0.04444465232445392
0.04450771063586949
0.044571025079710266
0.04463459315932805
0.0446984118177524
0.04476247855953651
0.04482679037900045
0.044891344891629985
0.044956139249109676
0.04502117058982786
0.045086436189924944
0.045151933674738125
0.045217659947399735
0.04528361247544095
0.045349788387977014
0.045416185281883896
0.04548280002314548
0.04554963027292644
0.04552331328377841
0.045466373030981326
0.0454096701084036
0.045353203446535706
0.04529697169419485
0.04524097392653011
0.04518520895835127
0.04512967526379711
0.045074371772516886
0.0450192973726024
0.04496445067726241
0.04490983043666802
0.0448554357817921
0.04480126518105771
0.04474731724967398
0.04469359112953005
0.04464008524700527
0.044586798638513156
0.04453372980397588
0.044480877518841916
0.04442824063179693
0.04437581793313229
0.04432360796875684
0.044271609741859765
0.044219821598371636
0.044168242738547844
0.04411687145033235
0.04406570687994469
0.04401474748314744
0.04396399203066315
0.0439134393389532
0.043863088010399294
0.043812936941680425
0.04376298476834676
0.04371323003100832
0.043663671811256494
0.04361430868858883
0.043565139385666675
0.043516162630779454
0.04346737710043064
0.04341878158485688
0.04337037484677256
0.04332215552872038
0.04327412245272195
0.04322627435799864
0.04317860993761439
0.04313112797043364
0.04308382711931616
0.043036706210055786
0.04298976398198072
0.04294299917178909
0.0428964105647321
0.042849996819671526
0.04280375675386851
0.0427576891659692
0.04271179273904536
0.04266606629818655
0.04262050858137594
0.04257511842182229
0.04252989444065822
0.04248483558385309
0.042439940562523
0.042395208139723944
0.04235063713994839
0.04230622632729077
0.04226197456751228
0.042217880551941776
0.042173943151397844
0.04213016114474565
0.04208653338672525
0.04204305866400616
0.0419997358453939
0.04195656361385713
0.041913540939367715
0.04187066663210983
0.04182793951584041
0.04178535840085821
0.04174292218895317
0.04170062966252436
0.04165847978983672
0.04161647129381905
0.041574603181513674
0.04153287422285431
0.04149128338371672
0.04144982942142718
0.04140851132084494
0.04136732797992361
0.041326278304072185
0.0412853611210454
0.04124457540094122
0.04120392003186469
0.0411633939447967
0.04112299612040477
0.04108272541755588
0.04104258079338315
0.04100256117437097
0.04096266557359137
0.04092289289747737
0.040883242102008735
0.04084371213340172
0.04080430206578987
0.040765010804274436
0.04072583731647719
0.0406867806415065
0.04064783974385824
0.040609013679341985
0.040570301367202743
0.04053170191005743
0.040493214279946996
0.040454837540946975
0.04041657070381769
0.04037841282489201
0.04034036290314246
0.040302420049623554
0.040264583322701504
0.04022685177240859
0.04018922447268908
0.040151700504947
0.040114278963639845
0.040076958921162954
0.04003973945881765
0.04000261978085281
0.039965598869654895
0.039928675925234434
0.03989185003025354
0.03985512037378101
0.03981848604549426
0.039781946189206205
0.03974549996763424
0.03970914654244937
0.03967288510235796
0.039636714788623434
0.039600634801886594
0.03956464425360936
0.03952874241478861
0.03949292845685707
0.03945720158517994
0.039421561081168774
0.03938600602593438
0.039350535720867316
0.03931514938732237
0.03927984625737865
0.039244625606282287
0.03920948667098123
0.03917442865693771
0.03913945087891503
0.03910455258365867
0.039069733097978517
0.03903499169214426
0.039000327605368354
0.03896574016644951
0.03893122869607157
0.038896792487706666
0.03886243082051041
0.0388281431257102
0.038793928620243785
0.03875978665721135
0.03872571662929642
0.038691717919277994
0.03865778976670002
0.038623931648773424
0.038590142871260835
0.038556422775929335
0.038522770866458673
0.0384891863855557
0.038455668846863855
0.038422217603513206
0.03838883206184245
0.03835551164880646
0.03832225576556214
0.03828906387215187
0.03825593534771752
0.03822286966496334
0.03818986628674362
0.03815692470256021
0.03812404425256474
0.038091224527557914
0.0380584649003233
0.03802576488691281
0.037993123981170523
0.037960541670599694
0.037928017451890575
0.03789555083158774
0.03786314130255436
0.03783078839594775
0.037798491587552704
0.03776625047860385
0.03773406455579233
0.03770193337767295
0.03766985648463192
0.03763783338435526
0.037605863687642266
0.037573947002392874
0.03754208275984608
0.03751027061570899
0.03747851017571359
0.037446801002742586
0.03741514263002793
0.03738353474435399
0.037351976945545984
0.03732046878411688
0.0372890098711155
0.03725759990989569
0.03722623845953621
0.03719492516784304
0.03716365962844677
0.037132441573917756
0.03710127061223943
0.037070146400295025
0.03703906857826089
0.037008036847104214
0.03697705080106909
0.036946110203028175
0.03691521473580254
0.03688436402019862
0.036853557816368704
0.036822795746981045
0.036792077567332056
0.03676140299313276
0.03673077167543905
0.03670018343196928
0.036669637908184116
0.03663913487445679
0.036608674009189886
0.03657825506773486
0.036547877879539024
0.036517542126832926
0.03648724749635634
0.03645699390522273
0.03642678100692637
0.036396608566950116
0.03636647640297846
0.03633638424029354
0.03630633198268589
0.036276319267197904
0.036246345976752116
0.036216411875319966
0.03618651674685205
0.03615666046982179
0.03612684282882284
0.03609706361730643
0.036067322610799125
0.036037619733221234
0.03600795476898584
0.03597832754478569
0.03594873795556559
0.03591918571387893
0.03588967080505774
0.035860193023510976
0.03583075220706663
0.035801348285669506
0.03577198100708734
0.03574265038796161
0.0357133561528846
0.03568409829360943
0.035654876673678386
0.035661726920495455
0.03570567784043732
0.03574931599590613
0.035792642420663066
0.0358356581666559
0.03587836439650346
0.035920761990916004
0.035962852208691706
0.03600463598560866
0.036046114482571716
0.03608728868116969
0.03612815968971407
0.036168728618808245
0.036208996573884066
0.03624896453025435
0.03628863362174927
0.03632800494146244
0.03636707960125215
0.036405858636373856
0.03644434321029091
0.03648253432596913
0.03652043306771873
0.036558040678024865
0.03659535809440072
0.036632386510481486
0.03666912697907257
0.036705580606843445
0.0367417484983844
0.03677763179367066
0.03681323154558353
0.036848548861992625
0.03688358492044705
0.03691834074758128
0.036952817449208634
0.036987016247284045
0.037020938114974644
0.03705458430441799
0.03708795580992329
0.037121053801103185
0.037153879380866964
0.037186433651653014
0.03721871778760287
0.037250732839022214
0.03728247993313957
0.037313960285568396
0.037345174885550655
0.037376124901391035
0.03740681146853521
0.03743723570266896
0.03746739874078031
0.03749730167713986
0.03752694561754998
0.03755633173667391
0.03758546114744396
0.03761433496094646
0.03764295429901066
0.03767132029464544
0.037699434059934624
0.037727296727791716
0.03775490943748551
0.03778227327541849
0.03780938937905982
0.037836258908454934
0.037862882923089
0.03788926264912822
0.03791539910510593
0.03794129346201375
0.037966946856376964
0.03799236037311049
0.0380175352177699
0.03804247236033023
0.03806717309505755
0.038091638472059215
0.03811586955194368
0.03813986756838207
0.03816363359557379
0.038187168686661416
0.03821047407527032
0.038233550813358275
0.03825640001258133
0.038279022868224384
0.03830142042773096
0.038323593811649605
0.038345544172270755
0.0383672725929922
0.03838878017670475
0.03841006810031544
0.038431137438491254
0.038451989310794625
0.03847262481518945
0.038493045071584485
0.038513251189023705
0.038533244256597834
0.038553025450916864
0.038572595861068384
0.038591956507481956
0.038611108562445935
0.03863005311310794
0.03864879134453174
0.038667324219204255
0.03868565294462843
0.03870377857900593
0.038721702218978124
0.038739424978388184
0.0387569479065371
0.03877427216320848
0.03879139883676866
0.03880832896156819
0.03882506366800927
0.038841604060270124
0.03885795119353428
0.03887410617098874
0.03889007006762742
0.03890584402953461
0.03892142905555893
0.038936826236571194
0.038952036712089085
0.03896706151840597
0.038981901759395844
0.038996558466476164
0.039011032708978384
0.039025325644897926
0.03903943825573574
0.03905337161072958
0.03906712683933619
0.039080704988519836
0.03909410709426637
0.0391073342251838
0.03912038741765174
0.03913326779595547
0.03914597641846853
0.039158514230366315
0.0391708824333002
0.03918308196153043
0.039195113882355796
0.039206979337534746
0.039218679250560384
0.03923021473051041
0.039241586865856645
0.03925279653365022
0.03926384495935167
0.03927473304937764
0.03928546193485323
0.03929603255289122
0.03930644599593934
0.03931670327777651
0.03932680544347436
0.03933675347566337
0.039346548478087356
0.03935619130048219
0.03936568313206663
0.03937502494294471
0.03938421770531539
0.03939326250658047
0.0394021602474649
0.03941091200093006
0.03941951880116373
0.039427981581130936
0.03943630145422754
0.03944447926342099
0.03945251611444817
0.039460412947364146
0.03946817077119221
0.039475790620735425
0.03948327345143361
0.039490620229940716
0.03949783195097375
0.0395049095216084
0.03951185411440836
0.039518666536358445
0.0395253478015539
0.03953189887732678
0.03953832074921576
0.03954461441985751
0.03955078080144539
0.03955682083257891
0.03956273550308096
0.0395685257907629
0.03957419267171426
0.03957973702922755
0.03958515984965643
0.03959046206630483
0.0395956446094207
0.03960070846580014
0.039605654603679145
0.03961048386069533
0.03961519718399643
0.03961979560819909
0.03962427996459174
0.03962865122987752
0.039632910320644095
0.03963705811865092
0.03964109562439219
0.03964502370035936
0.03964910375680912
0.039653100403408074
0.03965698913173719
0.039660770959416704
0.03966444667107426
0.03966801726718325
0.03967148364992165
0.03967484664162665
0.03967810724778645
0.03968126625345897
0.039684324633659576
0.03968728324477353
0.039690142952528734
0.03969290464397635
0.039695569267893735
0.03969813766408275
0.0397006106685109
0.03970298918868385
0.03970527412318762
0.03970746631010914
0.03970956656656515
0.039711575864019535
0.039713494952909885
0.03971532482389405
0.03971706618940704
0.03971871999984064
0.03972028703592445
0.03972176820396726
0.039723164305520205
0.03972447622120707
0.03972570474615131
0.03972685070048896
0.03972791504345678
0.039728898455184486
0.03972980186015401
0.0397306259561974
0.039731371828344915
0.03973204005538113
0.03973263137623227
0.03973314692394088
0.03973358735555047
0.03973395327327735
0.03973424579801638
0.03973446570618605
0.03973461349636494
0.039734690312970125
0.0397346967046523
0.039734633704499527
0.039734501851714794
0.03973430208084568
0.03973403512022906
0.039733701704709454
0.03973330281759316
0.039732838979543154
0.039732311087820014
0.03973171986758628
0.03973106620254553
0.03973035069099272
0.039729574317009735
0.03972873750138262
0.039727841360637256
0.039726886462269115
0.03972587341071862
0.03972480332682814
0.039723676689825876
0.03972249418317412
0.03972125677343186
0.039719965112767375
0.039718619912088055
0.03971722179571002
0.03971577159064168
0.03971427011501799
0.03971271794522141
0.03971111588812911
0.03970946453123089
0.039707764866922846
0.03970601721937249
0.03970422263207925
0.03970238158874273
0.03970049497380279
0.03969856336438935
0.03969658745065432
0.03969456808191241
0.0396925057358751
0.03969040119567769
0.039688255144807
0.03968606826607151
0.039683841334055586
0.03968157485170455
0.03967926964966949
0.0396769263422408
0.039674545412037826
0.03967212784733345
0.03966967414729354
0.03966718493647861
0.039664661055934664
0.039662102827881324
0.039659511301816434
0.039656886825239226
0.039654230191935876
0.039651541956908606
0.03964882282572568
0.03964607355612586
0.039643294484081194
0.039640486463856386
0.039637650125281705
0.03963478606195658
0.0396318946609142
0.03962897700231042
0.0396260333636574
0.03962306451228144
0.03962007096261885
0.03961705340811812
0.039614012424019074
0.039610948626185
0.039607862538097525
0.03960475485912153
0.03960162618385038
0.039598477141323224
0.039595308247691786
0.039592120047950145
0.03958891326662711
0.039585688314196
0.03958244597605801
0.03957918669967237
0.0395759110897108
0.039572619599453115
0.03956931308949796
0.03956599193670945
0.039562656628368886
0.0395593077816297
0.03955594616742141
0.03955257200270016
0.039549186141437244
0.03954578891173156
0.03954238096718106
0.03953896295702979
0.03953553513268263
0.03953209830213466
0.039528652984033116
0.03952519969744278
0.03952173867404018
0.03951827091557504
0.03951479659290007
0.039511316460755126
0.039507830991012544
0.03950434051098752
0.039500845886429534
0.039497347315125504
0.03949384536701613
0.03949034067884799
0.03948683374330865
0.03948332497156945
0.039479814804957734
0.039476304142633374
0.03947279286831807
0.0394692818951525
0.0394657716588823
0.0394622626563572
0.03945875524396048
0.03945524992326343
0.03945174732800576
0.03944824784336521
0.03944475188614809
0.03944126004586409
0.03943777268736752
0.039434290340371464
0.039430813532424024
0.03942734265921201
0.03942387805568916
0.03942042033783072
0.039416970010739114
0.039413527366253566
0.039410092926965366
0.039406667320282446
0.03940325062837737
0.03939984352695783
0.03939644647786717
0.03939305978487918
0.03938968385647914
0.039386319370626345
0.03938296667565102
0.03937962613016742
0.03937629810633287
0.03937298299009278
0.03936968151233567
0.039366393787774366
0.039363120252583116
0.03935986158589014
0.03935661786420752
0.03935338976739555
0.039350177376119316
0.039346981479021444
0.03934380226011084
0.039340640141238024
0.03933749557919848
0.03933436891793579
0.03933126051014921
0.03932817087475668
0.03932510033562212
0.039322049177158154
0.03931901789627156
0.039316006854419355
0.039313016400681855
0.03931004705561969
0.03930709901326197
0.03930417261204137
0.03930126832998933
0.03929838660676156
0.03929552776385661
0.039292691973506426
0.039289879750954534
0.03928709156448845
0.03928432760658772
0.03928158833939992
0.03927887384127419
0.039276184866209186
0.03927352161633506
0.03927088427240887
0.03926827316187918
0.03926568893355142
0.03926313164234825
0.03926060178272657
0.03925809966950586
0.039255625486232675
0.03925317972345329
0.03925076277272828
0.03924837460970046
0.039246015961279725
0.03924368694623788
0.03924138797124279
0.039239119139075414
0.039236881040976904
0.03923467373264449
0.039232497769311904
0.03923035330884656
0.039228240674708655
0.03922616010404929
0.03922411213762271
0.03922209678803414
0.0392201146398155
0.03921816703420489
0.03921625463287828
0.03921437620552661
0.039212531996634235
0.0392107223357974
0.03920894743390076
0.039207207520680736
0.039205502991437435
0.03920383411300164
0.03920220110731048
0.0392006043035981
0.03919904398878854
0.03919752037154416
0.03919603369260006
0.03919458430072901
0.039193172361269485
0.039191798267368516
0.03919046219953584
0.03918916450634215
0.03918790523162204
0.039186684727417355
0.03918550342557614
0.03918436126130459
0.03918325881660199
0.03918219612766396
0.03918117340955656
0.039180190970013094
0.03917924918331334
0.03917834806355437
0.03917748794154626
0.03917666901437078
0.0391758916554131
0.03917515587547164
0.039174462105557716
0.039173810402489774
0.03917320111389773
0.03917263436301171
0.03917211060783132
0.03917162975708066
0.0391711921369009
0.03917079804611214
0.039170447597102066
0.03917014101832149
0.039169878532590255
0.03916966042885808
0.03916948686945512
0.03916935790761385
0.0391692739235438
0.03916923514229847
0.03916924156418956
0.039169293566639785
0.03916939121692622
0.039169534985848166
0.03916972459938326
0.03916996056071841
0.03917024302624733
0.03917057229342736
0.03917094823489884
0.03917137126177034
0.039171841423060835
0.03917235899111109
0.039172924290674524
0.03917353717827359
0.03917419803552491
0.039174906936989155
0.039175664078957395
0.039176469818585594
0.039177324038708196
0.039178227025474965
0.03917917884813369
0.03918017988277736
0.03918123014639404
0.03918232985963851
0.039183479081706475
0.03918467800931184
0.03918592680645485
0.03918722569544045
0.0391885746648428
0.03918997404620357
0.03919142390270646
0.03919292421122992
0.03919447542466644
0.039196077606983876
0.03919773078184163
0.039199435127660436
0.03920119081498815
0.03920299796518274
0.03920485664936269
0.03920676708248688
0.03920872947642407
0.03921074378291473
0.03921281018120978
0.03921492893965676
0.03921709992766182
0.03921932347130064
0.039221599562211884
0.03922392845172285
0.03922631029145877
0.039228745039547604
0.039231232808865514
0.03923377381638368
0.039236368183502957
0.03923901590991023
0.039241717247179196
0.039244472208841426
0.03924728098147036
0.03925014354484608
0.03925306018084062
0.03925603068376086
0.03925905561867818
0.03926213454631242
0.03926526804836992
0.03926845603290726
0.039271698504635195
0.039274995630680404
0.03927834756027847
0.039281754234708956
0.03928521599232301
0.039288732617351406
0.03929230439470712
0.039295931489091995
0.03929961365802315
0.03930335131941823
0.039307144406704415
0.03931099303562643
0.03931489724883889
0.03931885723909043
0.03932287284611224
0.03932694442022218
0.03933107176604971
0.039335255152226065
0.039339494650282227
0.0393437902249267
0.03934814208639095
0.039352550119323926
0.03935701449866447
0.03936153522683667
0.03936611231806756
0.03937074613963195
0.03937543647168242
0.03938018340596535
0.039384987094531934
0.03938984750845354
0.03939476470599649
0.03939973875538278
0.03940476973951421
0.039409857755730665
0.039415002687709484
0.03942020481032068
0.03942546403114039
0.039430780271999026
0.03943615389063533
0.03944158476335282
0.039447072855277036
0.03945261836099999
0.03945822124828829
0.039463881628328985
0.03946959928260136
0.039475374583656395
0.03948120744291507
0.039487097730001426
0.03949304580895999
0.03949905145568609
0.039505114851879554
0.039511235855958136
0.0395174146907122
0.03952365123614823
0.03952994555406914
0.03953629775838062
0.039542707684384816
0.03954917563446572
0.0395557014315553
0.03956228519081059
0.03956892688161294
0.03957562649065818
0.03958238403559874
0.03958919967793231
0.03959607326188631
0.03960300488292137
0.03960999461366464
0.03961704225898362
0.03962414818224485
0.03963131212238713
0.039638534171003235
0.039645814196115924
0.039653152384598815
0.03966054878867253
0.039668003136747815
0.0396755158543153
0.03968308663229405
0.03969071540215582
0.03969840247730825
0.03970614763802598
0.039713951067714026
0.03972181248696875
0.03972973198891287
0.03973770972994004
0.03974574569394603
0.03975383973299284
0.03976199187069705
0.039770202163806424
0.0397784706168888
0.03978679708201352
0.03979518166321271
0.0398036244788037
0.0398121253109959
0.039820684088400934
0.03982930104261906
0.039837976042072794
0.039846708930238374
0.03985549986644316
0.039864348992997144
0.039873255858011346
0.039882220906240586
0.03989124378138849
0.03990032454580108
0.03990946328753717
0.039918659834056236
0.03992791425863517
0.03993722658363633
0.03994659672083624
0.039956024615347564
0.03996551023074942
0.039975053706085416
0.03998465479525725
0.03999431365477522
0.040004030035574886
0.040013804166337236
0.04002363574517478
0.04003352506036403
0.04004347177501243
0.0400534759461074
0.04006353776440451
0.04007365690776349
0.04008383341211072
0.040094067227697844
0.04010435852120773
0.04011470694309175
0.04012511272819782
0.040135575685924414
0.0401460957853539
0.0401566730050953
0.04016730736862949
0.040177998661582226
0.04018874698310459
0.040199552424680665
0.040210414583909435
0.040221333659773796
0.040232309580898816
0.04024334217905761
0.04025443166495315
0.04026557774018074
0.04027678037842306
0.040288039753672136
0.04029935555732766
0.040310727796403406
0.040322156537354846
0.04033364168831759
0.04034518304906127
0.04035678080947301
0.04036843471537841
0.040380144857608026
0.04039191093136489
0.04040373320120986
0.04041561140611499
0.04042754560728695
0.04043953570588905
0.04045158156023876
0.040463683128321076
0.040475840472348035
0.040488053394359146
0.04050032194277605
0.04051264599187314
0.040525025611158026
0.04053746039715139
0.04054995061457308
0.040562496164415464
0.0405750968138984
0.04058775267139398
0.04060046350797377
0.04061322936896123
0.040626050165195854
0.04063892591259147
0.04065185637489462
0.04066484153533285
0.040677881474192316
0.04069097592513504
0.04070412489783692
0.04071732825476602
0.040730586039329345
0.04074389818019898
0.0407572644905924
0.040770684887013006
0.04078415957575307
0.04079768808304788
0.04081127058470039
0.04082490693760962
0.0408385970694157
0.04085234096684244
0.04086613839032252
0.040879989456704305
0.04089389394251609
0.040907851837891585
0.0409218630194281
0.04093592744558796
0.04095004507835316
0.040964215734668394
0.04097843926782354
0.04099271588885368
0.04100704527828937
0.04102142745209822
0.041035862299791954
0.04105034962147299
0.041064889579276856
0.041079481844291874
0.041094126446462605
0.041108823254025935
0.041123572235930904
0.04113837347049613
0.041153226527932796
0.04116813139380809
0.04118308823902354
0.041198096738955324
0.04121315679850378
0.04122826852113025
0.04124343165546508
0.04125864619381656
0.04127391189634005
0.041289228752011006
0.04130459682602858
0.04132001581185015
0.04133548590754633
0.041351006609726106
0.041366578102430454
0.04138220020652268
0.041397872930587234
0.04141359590070013
0.04142936939700238
0.04144519314981837
0.0414610670373591
0.041476990926782455
0.041492964898524505
0.04150898868800322
0.0415250622352854
0.04154118544739124
0.04155735829096827
0.04157358054817707
0.04158985226294986
0.041606173272714216
0.04162254358016747
0.04163896276418495
0.04165543110800447
0.04167194830779078
0.04168851425370534
0.0417051288342377
0.04172179211720919
0.04173850389818362
0.041755263980235505
0.04177207254458116
0.0417889291351559
0.041805833874323135
0.04182278647108811
0.041839787163903505
0.041856835539650576
0.04187393151888381
0.04189107510343646
0.04190826627639946
0.041925504687804115
0.04194279036839555
0.04196012316160479
0.041977503052243605
0.04199492992242398
0.04201240360907435
0.042029924105783975
0.04204749117213732
0.04206510466577906
0.042082764772339035
0.042100471045019544
0.04211822357660036
0.042136022091447164
0.042153866725541125
0.042171757126740025
0.04218969332326621
0.042207675265071694
0.04222570274120399
0.04224377559326866
0.04226189373672015
0.04228005720314662
0.042298265660853825
0.04231651930995973
0.042334817712436947
0.04235316094392695
0.04237154884838067
0.04238998123908933
0.042408458166600056
0.042426979432195755
0.04244554487078306
0.04246415445598091
0.04248280803987497
0.04250150560208218
0.04252024675553345
0.042539031729372706
0.042557860231161676
0.04257673207820649
0.04259564736527135
0.04261460586768776
0.042633607472009664
0.042652652027135564
0.04267173941086421
0.04269086957267354
0.042710042472517196
0.042729257748063784
0.04274851549745445
0.04276781566217358
0.04278715794487801
0.042806542306914115
0.0428259684900701
0.04284543664139044
0.04286494652566577
0.04288449796733851
0.04290409093225994
0.04292372534736685
0.0429434008837553
0.04296311763087495
0.0429828754222731
0.04300267414777738
0.04302251362566391
0.043042393872618115
0.04306231460286878
0.04308227559626599
0.04310227724065408
0.04312231889179697
0.043142400732213856
0.043162522332080844
0.04318268400271739
0.043202885388437744
0.04322312631689338
0.04324340676179236
0.043263726666376616
0.04328408586113514
0.043304484050464165
0.04332492132455926
0.043345397627913375
0.04336591258168687
0.04338646615763554
0.043407058473673064
0.043427689120518254
0.04344835802230815
0.04346906523548898
0.04348981042040168
0.043510593654538895
0.04353141458596896
0.04355227326945795
0.04357316962806239
0.04359410357075192
0.043615074549581204
0.04363608304381191
0.04365712854792498
0.043678210909072535
0.043699330328868184
0.0437204865117404
0.043741679273699645
0.043762908495120566
0.043784174278324595
0.043805476114383304
0.043826814196062686
0.04384818828355092
0.043869598316220185
0.0438910441800398
0.043912525695615816
0.043934042673937586
0.043955595145197236
0.0439771828456108
0.04399880580277011
0.04402046375265933
0.04404215673014131
0.044063884458268525
0.044085646944354795
0.04410744401799288
0.044129275422834485
0.04415114134177734
0.044173041296820904
0.04419497546339629
0.04421694350334841
0.04423894553992498
0.04426098117406193
0.04428305033985514
0.044305153156821424
0.04432728923619925
0.04434945863793899
0.04437166104180621
0.04439389654210145
0.044416164902912295
0.04443846602393317
0.0444607997201711
0.04448316596899289
0.04450556460500591
0.04452799534975564
0.044550458449815596
0.04457295348220519
0.04459548053033511
0.04461803922736515
0.04464062955434645
0.044663251451387005
0.04468590477893042
0.04470858952927817
0.04473130529584314
0.04475405202875726
0.0447768298531845
0.04479963833270654
0.04482247762281778
0.044845347490156645
0.04486824779010426
0.044891178242348576
0.04491413904421577
0.044937129942504296
0.04496015064592785
0.044983201344527976
0.045006281572542
0.04502939148687808
0.04505253090983053
0.045075699616931794
0.04509889765998114
0.045122124572528344
0.04514538073238209
0.04516866561321216
0.045191979248034246
0.045215321489223644
0.045238692242038206
0.04526209126708295
0.045285518662495416
0.04530897422975626
0.04533245768783317
0.045355969100559106
0.045379508257141175
0.0454030750143559
0.045426669391613377
0.0454502911042041
0.0454739402141122
0.045497616432334964
0.04552131964204441
0.04554504980971906
0.04556548436291985
0.04554519184831032
0.04552492949203668
0.04550469728146264
0.04548449489818154
0.04546432246075644
0.04544417997876493
0.04542406740378896
0.04540398454310982
0.04538393128010381
0.0453639078478932
0.04534391394241132
0.0453239496684155
0.045304014898877566
0.04528410957942003
0.04526423368246173
0.04524438705058169
0.04522456980743919
0.045204781750937895
0.04518502284545883
0.04516529314724454
0.045145592517093124
0.045125920856008306
0.045106278325829655
0.045086664541102675
0.04506707968132795
0.04504752360157281
0.045027996366912834
0.04500849770777994
0.04498902785890581
0.04496958649749194
0.04495017365868905
0.04493078924560069
0.044911433311464105
0.04489210583026274
0.044872806570789604
0.044853535535353144
0.044834292855881225
0.0448150782047977
0.04479589160993284
0.04477673318174957
0.04475760265559501
0.04473850013635789
0.044719425416163826
0.044700378562921
0.04468135932457959
0.044662368008170014
0.04464340417317998
0.04462446805100379
0.04460555946919246
0.04458667819699208
0.044567824528245197
0.04454899825005033
0.04453019914361161
0.044511427357288844
0.04449268267934974
0.04447396531179967
0.04445527492199661
0.044436611701790356
0.04441797529854704
0.044399365945169376
0.044380783412712115
0.04436222767614637
0.04434369870347109
0.04432519640657215
0.044306720652298834
0.04428827164827407
0.044269849151483846
0.044251453072110286
0.04423308339722296
0.04421474000096872
0.04419642300557968
0.04417813238340083
0.04415986774478873
0.04414162927204609
0.04412341688158902
0.044105230638890436
0.04408707014182691
0.044068935729168646
0.04405082707320121
0.044032744276234666
0.04401468721768822
0.043996655707296606
0.04397864988429359
0.043960669676706275
0.04394271493337063
0.04392478557435915
0.04390688172467422
0.04388900314578207
0.043871149880024406
0.04385332186788768
0.04383551899704135
0.04381774113285682
0.04379998854339997
0.04378226076548504
0.043764557933894825
0.043746880031423116
0.04372922699604997
0.043711598619301656
0.04369399508362913
0.04367641617237599
0.04365886178114519
0.04364133210419526
0.043623826753228394
0.043606345824590054
0.04358888933909611
0.043571457078137074
0.04355404917585394
0.04353666554625082
0.04351930589340692
0.04350197045861281
0.04348465891105364
0.04346737148189359
0.043450107881727665
0.04343286822346053
0.04341565227710125
0.04339846002879657
0.04338129161885058
0.043364146808660825
0.04334702562751628
0.04332992779761563
0.04331285355433805
0.04329580270331618
0.04327877520922258
0.04326177112437452
0.0432447901478177
0.04322783231108963
0.04321089768769445
0.04319398609340858
0.04317709766760786
0.043160231979004746
0.04314338927142273
0.043126569422688284
0.04310977238196231
0.04309299815237199
0.04307624644039895
0.04305951747794289
0.04304281113838969
0.04302612714806343
0.043009465606732536
0.04299282667625072
0.04297620992239845
0.0429596154320986
0.04294304326539536
0.04292649321237519
0.04290996526363733
0.04289345942668179
0.042876975618321884
0.04286051380969963
0.04284407371119426
0.042827655569089865
0.042811259257291304
0.042794884578522145
0.042778531715879135
0.04276220028702244
0.04274589061040115
0.04272960242804585
0.04271333565774583
0.042697090237394965
0.042680866164505636
0.04266466339674667
0.04264848186589889
0.042632321542078334
0.04261618233609226
0.042600064286466635
0.04258396716695907
0.042567890956403634
0.04255183566626874
0.04253580125541947
0.04251978759456051
0.042503794838125754
0.04248782258749169
0.04247187108982918
0.04245594014457516
0.04244002968041037
0.042424139805044295
0.042408270240180644
0.04239242108640804
0.042376592085901166
0.04236078354328714
0.04234499509856079
0.04232922687194076
0.042313478755747744
0.04229775058473522
0.0422820424095248
0.04226635421112351
0.04225068587500274
0.04223503744369241
0.04221940867779765
0.042203799561842496
0.0421882102148239
0.04217264051767522
0.04215709026461614
0.04214155972508139
0.04212604843607587
0.042110556631420146
0.04209508412931798
0.04207963087777695
0.042064197058759405
0.04204878229007208
0.04203338672105136
0.0420180100450323
0.042002652647335506
0.04198731399551998
0.04197199448420287
0.0419566937577655
0.041941411871812564
0.041926148726040634
0.04191090432796186
0.04189567851546889
0.04188047142246553
0.04186528283785269
0.04185011268592963
0.04183496111839659
0.0418198278498092
0.04180471310632944
0.041789616509050075
0.04177453817029094
0.041759478004895594
0.041744436091894675
0.041729412370920684
0.04171440649098231
0.041699418664985284
0.04168444879351225
0.0416694968418301
0.04165456277787332
0.041639646403170257
0.04162474778220612
0.041609866917011074
0.04159500371291312
0.041580158007935554
0.04156532987768181
0.04155051922304769
0.04153572610587966
0.04152095029832414
0.0415061917404805
0.041491450527120916
0.04147672670859108
0.041462019855348864
0.0414473302748026
0.04143265787960131
0.04141800224605213
0.04140336389554486
0.04138874240207731
0.04137413775689298
0.04135954995581554
0.04134497890020694
0.04133042462601278
0.04131588709548222
0.0413013661865802
0.04128686184578268
0.04127237415460437
0.0412579027854842
0.0412434481337101
0.041229009650511496
0.04121458764016962
0.041200181837911694
0.04118579250021851
0.04117141918531196
0.04115706209963521
0.0411427211442912
0.04112839626974069
0.041114087359147546
0.041099794524860477
0.041085517599289134
0.041071256504126484
0.041057011273906346
0.04104278181919361
0.041028568008334515
0.04101436992030547
0.04100018763595001
0.040986020761804534
0.040971869514729586
0.04095773390656839
0.040943613562884916
0.040929508721379654
0.04091541930149928
0.04090134507494077
0.040887286116980524
0.04087324250899201
0.040859213995870114
0.04084520071150161
0.04083120239166845
0.040817219109737256
0.04080325094118745
0.04078929770839798
0.04077535928931401
0.04076143582938481
0.0407475271684271
0.04073363327101193
0.04071975407680294
0.04070588949571725
0.04069203963690016
0.04067820438254698
0.04066438375247595
0.04065057740838201
0.04063678561970069
0.040623008392664854
0.0406092454325679
0.04059549667832634
0.040581762406683
0.040568042273272605
0.04055433625401016
0.04054064459031033
0.04052696672821827
0.040513303235490954
0.04049965360131373
0.04048601807528683
0.04047239629822431
0.04045878854371329
0.04044519454726469
0.040431614374433204
0.040418048070517625
0.04040449543115403
0.04039095653617776
0.04037743115669918
0.04036391938296758
0.040350421186032534
0.04033693641357495
0.04032346526928346
0.04031000741708069
0.040296562927085576
0.040283131907711996
0.04026971397620786
0.04025630959022978
0.04024291824416764
0.04022953997842846
0.04021617499524242
0.04020282312640146
0.040189484289865206
0.04017615841126445
0.04016284543739572
0.040149545449751495
0.040136258406603294
0.0401229841315202
0.040109722594707554
0.04009647403404462
0.04008323799473331
0.04007001474500276
0.040056804082733925
0.040043606096504494
0.04003042060579867
0.04001724766253701
0.040004087229455386
0.03999093923552577
0.03997780366003611
0.0399646804146486
0.03995156942092762
0.039938470886039745
0.039925384425896375
0.0399123102669676
0.03989924834102438
0.039886198425375316
0.039873160591478087
0.03986013496102494
0.0398471212228799
0.039834119516218056
0.03982112970184333
0.03980815176281841
0.03979518579192737
0.03978223166965607
0.03976928919601457
0.03975635856213201
0.03974343960270378
0.03973053234289766
0.03971763677172802
0.03970475271075514
0.039691880199791564
0.039679019368663575
0.039666169888291476
0.03965333183079058
0.039640505222003554
0.03962769010175439
0.03961488615570096
0.03960209355075325
0.03958931226281603
0.03957654219685657
0.039563783320348746
0.039551035758591487
0.03953829914264761
0.039525573578134
0.03951285918789252
0.03950015577586135
0.03948746339726576
0.039474781881603166
0.03946211133292818
0.03944945161742649
0.039436802721621436
0.039424164696300286
0.03941153749669705
0.03939892093522574
0.03938631514769687
0.03937371991775127
0.039361135446390236
0.03934856144770556
0.03933599808485839
0.039323445238277265
0.03931090289996056
0.03929837109117892
0.039285849638662905
0.03927333852947571
0.039260837873755935
0.03924834750347823
0.03923586744711954
0.03922339768897418
0.039210938113517016
0.03919848864609624
0.039186049502160834
0.03917362039355931
0.03916120141512892
0.03914879253892298
0.03913639365094215
0.03912400471602901
0.0391116258712867
0.03909925676590218
0.03908689764277367
0.039074548464586786
0.0390622090741953
0.03904987952781185
0.03903755963781278
0.03902524960304713
0.03901294928860026
0.039000658613900584
0.0389883775525572
0.03897610622800946
0.03896384447984212
0.03895159207122656
0.03893934948177767
0.03892711613541024
0.03891489244684913
0.03890267807266825
0.03889047309792889
0.038878277536858775
0.038866091322070945
0.03885391437494041
0.038841746813727325
0.038829588420066515
0.038817439317757926
0.03880529938316018
0.03879316857903494
0.0387810468107863
0.038768934215669404
0.038756830811942485
0.038744736307301526
0.038732651009005914
0.038720574490494104
0.038708507038294496
0.03869644846691206
0.03868439886323301
0.03867235802030573
0.038660326195246605
0.03864830296438141
0.03863628867622567
0.038624283093397244
0.038612286328732114
0.03860029808461198
0.03858831866476971
0.03857634781949858
0.038564385666412945
0.038552431992570184
0.03854048701462916
0.0385285505297501
0.038516622494561295
0.03850470295731485
0.0384927919121692
0.03848088938849785
0.038468995068529466
0.03845710922964121
0.03844523183822446
0.038433362617175205
0.038421501710421004
0.03840964911741871
0.038397804756245275
0.03838596860354213
0.03837414061829815
0.03836232082504202
0.03835050917196608
0.03833870571240833
0.03832691019696897
0.038315122852700625
0.038303343464375465
0.03829157216874645
0.03827980881846675
0.03826805334781061
0.03825630587895401
0.0382445664608083
0.03823283473459682
0.038221110970535134
0.038209395071181027
0.03819768678139195
0.03818598644241197
0.03817429385152403
0.03816260902465719
0.03815093190286806
0.03813926253217045
0.0381276007082297
0.0381159466156675
0.038104300110802444
0.03809266123165246
0.038081029767879256
0.03806940607510945
0.038057789744736004
0.03804618100411915
0.03803457967901513
0.03802298585210054
0.0380113995665358
0.03799982054097478
0.037988248873687264
0.037976684774907864
0.03796512790895578
0.03795357822601443
0.037942036090050625
0.03793050107381567
0.03791897327103516
0.03790745281956158
0.03789593948817904
0.037884433454197786
0.037872934417138564
0.037861442676280006
0.03784995808218518
0.037838480405930915
0.037827010002131234
0.03781554652822416
0.037804090211716934
0.037792640793696694
0.03778119838860548
0.03776976312935756
0.03775833461295642
0.03774691312905642
0.03773549857527656
0.037724090768669664
0.037712689975394884
0.03770129594015591
0.037689908955571144
0.03767852849059796
0.03766715495693565
0.037655788200677415
0.037644428178098086
0.03763307493912749
0.037621728350212186
0.03761038846148443
0.03759905524420982
0.03758772859245013
0.037576408817632724
0.037565095396771137
0.037553788821609674
0.037542488611559344
0.03753119509657832
0.03751990799036561
0.03750862749930594
0.037497353480097716
0.037486085909929134
0.03747482490916727
0.037463570337346694
0.03745232205387857
0.03744108034038764
0.03742984496416177
0.03741861591725666
0.03740739331668094
0.03739617698081926
0.03738496689341905
0.03737376328866632
0.037362565817338114
0.03735137475278991
0.037340189771096204
0.03732901115699145
0.03731783867853532
0.037306672443046966
0.037295512488857145
0.03728435861514691
0.03727321086262806
0.037262069245048136
0.03725093374876186
0.03723980441484408
0.03722868102324799
0.037217563774508224
0.03720645251475625
0.037195347434403024
0.037184248185427586
0.03717315512343735
0.03716206794876462
0.03715098677631659
0.03713991147820344
0.03712884225946919
0.037117778923609825
0.03710672144339039
0.03709566983582742
0.03708462423259366
0.037073584259511
0.037062550250820635
0.03705152220716252
0.03704049977603081
0.03702948339239774
0.03701847259968225
0.03700746750385207
0.03699646831848967
0.03698547481142167
0.03697448704266455
0.036963505019966925
0.03695252870164766
0.03694155798022062
0.03693059306146018
0.03691963372373747
0.03690868008295207
0.03689773205159719
0.036886789592348965
0.0368758527278129
0.03686492146385658
0.03685399588842518
0.03684307575511861
0.036832161147076194
0.03682125217918574
0.036810348632456295
0.03679945060201688
0.036788558064430654
0.036777671159798866
0.03676678946514788
0.036755913454848584
0.03674504289056321
0.036734177555876456
0.036723317853614636
0.03671246334399173
0.036701614403551075
0.036690770882363305
0.036679932605261506
0.036669099686248444
0.03665827207874482
0.036647449995517986
0.03663663309025003
0.036625821534324386
0.03661501520304653
0.0366042142893098
0.03659341851914518
0.036582628123791705
0.036571842951254
0.036561063022743194
0.036550288244886486
0.036539518700387005
0.036528754408431445
0.036517995404156185
0.0365072414318597
0.036496492663941636
0.036485749092509706
0.03647501066966768
0.036464277477498294
0.03645354925191975
0.03644282621151659
0.036432108375766964
0.03642139568982522
0.03641068784799146
0.03639998520997047
0.03638928764734614
0.0363785951129539
0.036367907650532855
0.03635722522057059
0.0363465479237109
0.03633587554757009
0.036325208216027145
0.036314545885746646
0.036303888623198034
0.03629323621643086
0.036282588774137065
0.03627194642444569
0.03626130895975322
0.036250676433174346
0.03624004886348011
0.03622942618654811
0.0362188084753948
0.03620819560701266
0.036197587753652304
0.03618698472499589
0.03617638660058277
0.03616579329253673
0.0361552049783708
0.03614462142597687
0.0361340427673678
0.03612346888789163
0.036112899908792725
0.03610233576648612
0.03609177639970984
0.036081221935025345
0.03607067218414542
0.03606012722100098
0.036049587098616734
0.03603905178890323
0.03602852119576228
0.03601799533826898
0.036007474386453256
0.03599695796407573
0.03598644650750282
0.03597593970706623
0.035965437544114756
0.03595494023314257
0.035944447583023065
0.035933959654312994
0.03592347640006081
0.03591299779899704
0.03590252400833351
0.03589205468044516
0.035881590269739534
0.03587113047937997
0.035860675294819594
0.03585022482681548
0.03583977893150437
0.03582933774818563
0.03581890113289661
0.03580846917764444
0.03579804191682462
0.035787619252623505
0.03577720116211729
0.035766787561634664
0.035756378684899934
0.035745974472768276
0.03573557480907137
0.035725179726177475
0.03571478916398033
0.03570440320420373
0.035694021844202534
0.035683645140912074
0.03567327277223149
0.03566290511613445
0.03565254193739546
0.035642183410196544
0.03565358374681202
0.035669235937886214
0.03568484855670454
0.03570042179782187
0.035715955541597115
0.0357314499408704
0.035746905240169616
0.03576232107360433
0.03577769788200108
0.035793035445609335
0.035808333843358985
0.03582359321622439
0.0358388136040554
0.03585399493146596
0.03586913744303854
0.03588424102522466
0.03589930592246808
0.035914331951645874
0.03592931920269803
0.03594426769890009
0.035959177716964275
0.035974049103781915
0.03598888182926508
0.03600367631582045
0.036018432160329204
0.03603314965160174
0.036047828834617004
0.03606246957878531
0.03607707229799412
0.03609163670933934
0.036106162958205144
0.036120650997371245
0.0361351011025706
0.0361495131583677
0.03616388734204241
0.03617822352901962
0.03619252181632402
0.03620678226766987
0.0362210050484309
0.036235190069395455
0.036249337384078914
0.03626344712718642
0.03627751933926261
0.036291553790134524
0.03630555097231878
0.036319510627457655
0.03633343299787603
0.03634731799648787
0.036361165683605194
0.03637497608277012
0.03638874937700137
0.036402485550525304
0.03641618459813195
0.036429846679253905
0.0364434716244078
0.03645705971087777
0.03647061087452037
0.03648412514925918
0.0364976027256256
0.03651104347537513
0.036524447547590794
0.03653781495384892
0.03655114580636543
0.036564440106857866
0.036577697809569265
0.03659091909167116
0.03660410402201065
0.03661725254817579
0.03663036476056796
0.03664344076318522
0.03665648061321196
0.036669484169341356
0.03668245162021685
0.03669538307943021
0.036708278525619545
0.036721138025386
0.036733961497941454
0.03674674927666841
0.03675950108547205
0.036772217154841406
0.03678489752405901
0.03679754231568357
0.03681015141081283
0.0368227249310311
0.03683526301018638
0.03684776549529767
0.03686023265214921
0.03687266442947492
0.036885060859834715
0.0368974219935573
0.03690974795122768
0.03692203863252034
0.03693429438822347
0.03694651486965097
0.03695870044564895
0.03697085110063281
0.03698296674715923
0.03699504741560804
0.037007093382963006
0.037019104545590945
0.03703108096723839
0.03704302276851841
0.03705493004979997
0.03706680255244342
0.03707864053349787
0.03709044416951259
0.03710221333006682
0.03711394805625263
0.03712564855270438
0.037137314690633014
0.037148946733137234
0.037160544499864945
0.037172107990913764
0.037183637666243066
0.03719513306296868
0.037206594620850554
0.03721802240005684
0.03722941610067753
0.03724077592644461
0.03725210210051234
0.03726339449814856
0.03727465329282415
0.03728587839966073
0.03729706987318941
0.037308227831531995
0.037319352366732984
0.03733044357485894
0.03734150119150676
0.037352525689845734
0.03736351682536249
0.03737447455868403
0.037385399355446124
0.03739629093780426
0.037407149391110214
0.03741797489952717
0.0374287674030652
0.03743952693505914
0.03745025358683077
0.03746094755753556
0.037471608690524925
0.03748223705824758
0.03749283272355467
0.03750339574016228
0.03751392630945406
0.03752442427162719
0.03753488973848743
0.037545322819254934
0.03755572339555415
0.03756609179212636
0.03757642789711124
0.03758673181016092
0.037597003442498736
0.03760724311863876
0.037617450476751906
0.03762762601154863
0.03763776954565457
0.03764788109022501
0.03765796081520255
0.03766800870064529
0.037678024803720116
0.037688009127111656
0.03769796184940345
0.037707882879553845
0.037717772405945496
0.037727630460158874
0.037737457020952846
0.03774725211317762
0.037757015857670564
0.037766748242900806
0.03777644940690393
0.03778611929873065
0.03779575804594859
0.03780536569885403
0.037814942332659585
0.03782448785520475
0.03783400242554848
0.037843486061146785
0.03785293878687551
0.03786236080378663
0.037871752121930426
0.03788111251746551
0.037890442377902026
0.037899741470023784
0.03790901018385669
0.03791824832626479
0.037927455996698466
0.03793663316868636
0.0379457801259558
0.03795489669745059
0.037963982815719596
0.03797303901825576
0.03798206491359162
0.03799106070945573
0.0380000264790029
0.038008962087445405
0.038017867882822444
0.038026743763738255
0.038035589664822414
0.03804440589066489
0.0380531922710747
0.03806194886931823
0.03807067600718692
0.03807937339208212
0.038088041147856314
0.038096679627909386
0.03810528843452159
0.038113867829525166
0.038122417882608686
0.03813093873181931
0.038139430307159675
0.03814789254129163
0.03815632571903981
0.03816472962221761
0.03817310472960718
0.038181450534577145
0.03818976762419199
0.038198055737806054
0.038206314889611036
0.03821454534919946
0.03822274695291509
0.03823091994534872
0.03823906421816043
0.03824717990175244
0.03825526688817444
0.0382633255360011
0.03827135564608145
0.038279357378748095
0.038287330791391065
0.038295275772089445
0.038303192590040704
0.03831108109823635
0.03831894149296373
0.03832677383387707
0.03833457807943383
0.038342354178313255
0.03835010247826234
0.03835782283591233
0.03836551535188705
0.03837317990875825
0.038380816847999426
0.038388425991042245
0.03839600749146559
0.03840356141923811
0.03841108776219823
0.03841858663218511
0.03842605804576009
0.0384335019390361
0.03844091849548373
0.0384483078134334
0.038455669707136535
0.03846300456516796
0.0384703121764819
0.03847759259780734
0.03848484606701482
0.03849207248713509
0.03849927194349308
0.03850644435470046
0.03851359012582629
0.03852070900507761
0.03852780095251539
0.03853486628563248
0.03854190496283986
0.038548917106438055
0.03855590249009769
0.03856286149272667
0.038569794034695626
0.038576700085066126
0.03858357972725614
0.03859043302972426
0.03859726009824937
0.038604061001529286
0.03861083573435418
0.03861758424847275
0.03862430657902311
0.03863100313401507
0.0386376735539454
0.038644318131222634
0.03865093682286562
0.038657529576634445
0.03866409659409358
0.038670637863852775
0.03867715354887389
0.038683643458290146
0.03869010786794822
0.03869654679388119
0.03870296005171519
0.03870934797700044
0.03871571060098528
0.038722047738643836
0.03872835959322045
0.038734646319911165
0.0387409077709622
0.03874714415085908
0.038753355333298885
0.038759541500498006
0.038765702638827476
0.03877183884400144
0.03877795033306591
0.03878403680043125
0.03879009844720162
0.03879613538520134
0.038802147519714995
0.03880813506383614
0.03881409802438633
0.038820036375145424
0.038825950276143655
0.038831839693862426
0.0388377048221705
0.038843545438223756
0.038849361735109236
0.038855153838899495
0.038860921571779866
0.038866665302170804
0.03887238483624152
0.03887808023567176
0.03888375177426523
0.03888939917565008
0.03889502267653581
0.0389006224061176
0.038906198179133815
0.0389117503033545
0.03891727865278095
0.038922783246018326
0.038928264224372816
0.03893372153569967
0.038939155405676516
0.038944565734769496
0.03894995273108744
0.038955316205812836
0.03896065650241949
0.038965973303988134
0.03897126684090527
0.0389765373298946
0.03898178451280456
0.03898700866441082
0.038992209773111776
0.0389973878477699
0.03900254292886392
0.039007675132625395
0.03901278449735185
0.039017871068988
0.039022934691877495
0.039027975679869285
0.039032994055268715
0.039037989685532695
0.039042962798890954
0.039047913433297
0.03905284155063411
0.03905774709784028
0.03906263042655568
0.0390674913067705
0.03907232999100242
0.039077146305466666
0.03908194042439226
0.0390867125012916
0.0390914625018837
0.039096190267385485
0.03910089612639635
0.039105579982532376
0.0391102419343268
0.039114882126228184
0.039119500348272315
0.039124096869796954
0.03912867158148858
0.03913322462833288
0.03913775617039518