   0.7913950189E-011     0.3770739160E-011
   0.2231207566E-010     0.1062737572E-010
   0.6289162574E-010     0.2995192114E-010
   0.1772626360E-009     0.8441373630E-010
   0.4996489207E-009     0.2378619508E-009
   0.1409151664E-008     0.6696200219E-009
   0.3987137933E-008     0.1882725273E-008
   0.1133946386E-007     0.5352716888E-008
   0.3230163381E-007     0.1515694847E-007
   0.9182139242E-007     0.4301390701E-007
   0.2604764254E-006     0.1217406455E-006
   0.7352804277E-006     0.3412911997E-006
   0.2046493478E-005     0.9312226640E-006
   0.5472739202E-005     0.2347215649E-005
   0.1307205115E-004     0.4630693706E-005
   0.2283750638E-004     0.3201195058E-005
   0.1773131857E-004    -0.8258045246E-005
   0.2376316827E-005    -0.4144087744E-005
   0.3009034934E-007    -0.7432000159E-007
   0.3324522660E-010    -0.9298306957E-010
