   0.9999998390E+000     0.1000000000E+001     0.2000000322E+001     0.6000001932E+001     0.2400001159E+002     0.1200000773E+003
   0.9999995975E+000     0.1000000000E+001     0.2000000805E+001     0.6000004830E+001     0.2400002898E+002     0.1200001932E+003
   0.9999992352E+000     0.1000000000E+001     0.2000001530E+001     0.6000009177E+001     0.2400005506E+002     0.1200003671E+003
   0.9999986918E+000     0.1000000000E+001     0.2000002616E+001     0.6000015698E+001     0.2400009419E+002     0.1200006279E+003
   0.9999978768E+000     0.1000000000E+001     0.2000004246E+001     0.6000025479E+001     0.2400015287E+002     0.1200010191E+003
   0.9999966543E+000     0.1000000000E+001     0.2000006692E+001     0.6000040149E+001     0.2400024090E+002     0.1200016060E+003
   0.9999948206E+000     0.1000000000E+001     0.2000010359E+001     0.6000062154E+001     0.2400037292E+002     0.1200024862E+003
   0.9999920703E+000     0.1000000000E+001     0.2000015860E+001     0.6000095158E+001     0.2400057095E+002     0.1200038063E+003
   0.9999879453E+000     0.1000000000E+001     0.2000024110E+001     0.6000144658E+001     0.2400086796E+002     0.1200057864E+003
   0.9999817592E+000     0.1000000000E+001     0.2000036482E+001     0.6000218896E+001     0.2400131339E+002     0.1200087560E+003
   0.9999724826E+000     0.1000000000E+001     0.2000055036E+001     0.6000330223E+001     0.2400198136E+002     0.1200132093E+003
   0.9999585737E+000     0.1000000000E+001     0.2000082856E+001     0.6000497146E+001     0.2400298294E+002     0.1200198867E+003
   0.9999377241E+000     0.1000000000E+001     0.2000124560E+001     0.6000747381E+001     0.2400448443E+002     0.1200298971E+003
   0.9999064800E+000     0.1000000000E+001     0.2000187057E+001     0.6001122397E+001     0.2400673470E+002     0.1200449001E+003
   0.9998596823E+000     0.1000000000E+001     0.2000280675E+001     0.6001684167E+001     0.2401010571E+002     0.1200673761E+003
   0.9997896388E+000     0.1000000000E+001     0.2000420811E+001     0.6002525131E+001     0.2401515238E+002     0.1201010265E+003
   0.9996849152E+000     0.1000000000E+001     0.2000630368E+001     0.6003782805E+001     0.2402270041E+002     0.1201513599E+003
   0.9995285901E+000     0.1000000000E+001     0.2000943264E+001     0.6005660921E+001     0.2403397354E+002     0.1202265437E+003
   0.9992957851E+000     0.1000000000E+001     0.2001409422E+001     0.6008459514E+001     0.2405077497E+002     0.1203386191E+003
   0.9989502714E+000     0.1000000000E+001     0.2002101663E+001     0.6012616606E+001     0.2407573941E+002     0.1205051948E+003
   0.9984400172E+000     0.1000000000E+001     0.2003124840E+001     0.6018763689E+001     0.2411267010E+002     0.1207517211E+003
   0.9976917479E+000     0.1000000000E+001     0.2004627185E+001     0.6027795226E+001     0.2416696435E+002     0.1211143843E+003
   0.9966050386E+000     0.1000000000E+001     0.2006813053E+001     0.6040947944E+001     0.2424610637E+002     0.1216435069E+003
   0.9950471423E+000     0.1000000000E+001     0.2009955021E+001     0.6059878781E+001     0.2436016757E+002     0.1224071028E+003
   0.9928504001E+000     0.1000000000E+001     0.2014402169E+001     0.6086724150E+001     0.2452222067E+002     0.1234940363E+003
   0.9898140088E+000     0.1000000000E+001     0.2020581627E+001     0.6124125165E+001     0.2474858957E+002     0.1250163634E+003
   0.9857104281E+000     0.1000000000E+001     0.2028993448E+001     0.6175221616E+001     0.2505896839E+002     0.1271112067E+003
   0.9810318062E+000     0.1000000000E+001     0.2038669885E+001     0.6234262353E+001     0.2541920583E+002     0.1295534236E+003
   0.9759537929E+000     0.1000000000E+001     0.2049277348E+001     0.6299306471E+001     0.2581805211E+002     0.1322708734E+003
   0.9702580390E+000     0.1000000000E+001     0.2061307322E+001     0.6373481814E+001     0.2627540946E+002     0.1354042348E+003
   0.9637868462E+000     0.1000000000E+001     0.2075147641E+001     0.6459356596E+001     0.2680823720E+002     0.1390776255E+003
   0.9564050773E+000     0.1000000000E+001     0.2091164139E+001     0.6559451184E+001     0.2743377817E+002     0.1434213328E+003
   0.9479895797E+000     0.1000000000E+001     0.2109727831E+001     0.6676427282E+001     0.2817088890E+002     0.1485822708E+003
   0.9384265496E+000     0.1000000000E+001     0.2131227000E+001     0.6813192788E+001     0.2904092085E+002     0.1547319865E+003
   0.9276120691E+000     0.1000000000E+001     0.2156073715E+001     0.6972980797E+001     0.3006852122E+002     0.1620748706E+003
   0.9154542730E+000     0.1000000000E+001     0.2184707701E+001     0.7159421607E+001     0.3128248704E+002     0.1708577258E+003
   0.9018764953E+000     0.1000000000E+001     0.2217598541E+001     0.7376614932E+001     0.3271674102E+002     0.1813814928E+003
   0.8868209888E+000     0.1000000000E+001     0.2255246578E+001     0.7629205688E+001     0.3441148004E+002     0.1940159315E+003
   0.8702528285E+000     0.1000000000E+001     0.2298182706E+001     0.7922465623E+001     0.3641454696E+002     0.2092182052E+003
   0.8521635660E+000     0.1000000000E+001     0.2346967272E+001     0.8262383066E+001     0.3878308529E+002     0.2275565797E+003
   0.8325741586E+000     0.1000000000E+001     0.2402188417E+001     0.8655763785E+001     0.4158555100E+002     0.2497408223E+003
   0.8115367044E+000     0.1000000000E+001     0.2464460312E+001     0.9110346946E+001     0.4490417696E+002     0.2766614049E+003
   0.7891345966E+000     0.1000000000E+001     0.2534421895E+001     0.9634941515E+001     0.4883801347E+002     0.3094403266E+003
   0.7654808708E+000     0.1000000000E+001     0.2612736747E+001     0.1023958996E+002     0.5350670592E+002     0.3494973419E+003
   0.7407147374E+000     0.1000000000E+001     0.2700094786E+001     0.1093576778E+002     0.5905521911E+002     0.3986367229E+003
   0.7149965347E+000     0.1000000000E+001     0.2797216354E+001     0.1173662900E+002     0.6565978114E+002     0.4591615340E+003
   0.6885015531E+000     0.1000000000E+001     0.2904859097E+001     0.1265730956E+002     0.7353540166E+002     0.5340249512E+003
   0.6614133182E+000     0.1000000000E+001     0.3023827832E+001     0.1371530214E+002     0.8294542466E+002     0.6270317091E+003
   0.6339169611E+000     0.1000000000E+001     0.3154987361E+001     0.1493091787E+002     0.9421371434E+002     0.7431076949E+003
   0.6061932321E+000     0.1000000000E+001     0.3299278009E+001     0.1632785307E+002     0.1077402531E+003     0.8886626198E+003
   0.5784135652E+000     0.1000000000E+001     0.3457733567E+001     0.1793388213E+002     0.1240211725E+003     0.1072080427E+004
   0.5507364094E+000     0.1000000000E+001     0.3631501324E+001     0.1978170280E+002     0.1436745598E+003     0.1304385886E+004
   0.5260107126E+000     0.1000000000E+001     0.3802203933E+001     0.2168513212E+002     0.1649025893E+003     0.1567483184E+004
   0.5029595334E+000     0.1000000000E+001     0.3976463050E+001     0.2371838758E+002     0.1886305836E+003     0.1875206365E+004
   0.4809999300E+000     0.1000000000E+001     0.4158004763E+001     0.2593350541E+002     0.2156632781E+003     0.2241822343E+004
   0.4598491505E+000     0.1000000000E+001     0.4349252354E+001     0.2837399405E+002     0.2468113209E+003     0.2683611795E+004
   0.4393655081E+000     0.1000000000E+001     0.4552018679E+001     0.3108131108E+002     0.2829654173E+003     0.3220159662E+004
   0.4194794162E+000     0.1000000000E+001     0.4767814397E+001     0.3409808119E+002     0.3251466448E+003     0.3875597136E+004
   0.4001594216E+000     0.1000000000E+001     0.4998008024E+001     0.3747012631E+002     0.3745519840E+003     0.4680034553E+004
   0.3815126746E+000     0.1000000000E+001     0.5242289793E+001     0.4122240341E+002     0.4321995692E+003     0.5664288476E+004
   0.3635436459E+000     0.1000000000E+001     0.5501402713E+001     0.4539814772E+002     0.4995069861E+003     0.6869972721E+004
   0.3462419686E+000     0.1000000000E+001     0.5776307269E+001     0.5004858849E+002     0.5781920510E+003     0.8349537366E+004
   0.3295966031E+000     0.1000000000E+001     0.6068023704E+001     0.5523136750E+002     0.6702904944E+003     0.1016834652E+005
   0.3135925586E+000     0.1000000000E+001     0.6377702357E+001     0.6101263102E+002     0.7782408013E+003     0.1240847048E+005
   0.2982100408E+000     0.1000000000E+001     0.6706682292E+001     0.6746938105E+002     0.9049914063E+003     0.1517372460E+005
   0.2834252252E+000     0.1000000000E+001     0.7056534925E+001     0.7469202772E+002     0.1054133804E+004     0.1859633002E+005
   0.2692118001E+000     0.1000000000E+001     0.7429094859E+001     0.8278717563E+002     0.1230067562E+004     0.2284572150E+005
   0.2555426401E+000     0.1000000000E+001     0.7826482497E+001     0.9188074242E+002     0.1438206045E+004     0.2814023609E+005
   0.2423912418E+000     0.1000000000E+001     0.8251123205E+001     0.1021215512E+003     0.1685235002E+004     0.3476270408E+005
   0.2297327739E+000     0.1000000000E+001     0.8705766991E+001     0.1136855683E+003     0.1979440136E+004     0.4308136150E+005
   0.2175447299E+000     0.1000000000E+001     0.9193511610E+001     0.1267809836E+003     0.2331124889E+004     0.5357805932E+005
   0.2058072402E+000     0.1000000000E+001     0.9717831101E+001     0.1416543620E+003     0.2753146328E+004     0.6688652754E+005
   0.1945031236E+000     0.1000000000E+001     0.1028261121E+002     0.1585981401E+003     0.3261606028E+004     0.8384456679E+005
   0.1836177529E+000     0.1000000000E+001     0.1089219298E+002     0.1779598020E+003     0.3876745014E+004     0.1055656371E+006
   0.1740878349E+000     0.1000000000E+001     0.1148845352E+002     0.1979768465E+003     0.4548895599E+004     0.1306494392E+006
   0.1654093866E+000     0.1000000000E+001     0.1209121224E+002     0.2192961201E+003     0.5303111862E+004     0.1603026276E+006
   0.1573054300E+000     0.1000000000E+001     0.1271411928E+002     0.2424732436E+003     0.6165667483E+004     0.1959775796E+006
   0.1496340573E+000     0.1000000000E+001     0.1336594112E+002     0.2679725731E+003     0.7163411267E+004     0.2393643331E+006
   0.1423165744E+000     0.1000000000E+001     0.1405317693E+002     0.2962376726E+003     0.8326160851E+004     0.2925225289E+006
   0.1353451078E+000     0.1000000000E+001     0.1477703947E+002     0.3275413431E+003     0.9680182708E+004     0.3576111048E+006
   0.1287013468E+000     0.1000000000E+001     0.1553985293E+002     0.3622305435E+003     0.1125801874E+005     0.4373698888E+006
   0.1223605025E+000     0.1000000000E+001     0.1634514372E+002     0.4007455851E+003     0.1310048837E+005     0.5353234132E+006
   0.1163034890E+000     0.1000000000E+001     0.1719638867E+002     0.4435736747E+003     0.1525573062E+005     0.6558586830E+006
   0.1105136719E+000     0.1000000000E+001     0.1809730837E+002     0.4912688553E+003     0.1778128793E+005     0.8044836274E+006
   0.1049753620E+000     0.1000000000E+001     0.1905208958E+002     0.5444731759E+003     0.2074670344E+005     0.9881701310E+006
   0.9967336937E-001     0.1000000000E+001     0.2006554020E+002     0.6039388553E+003     0.2423671876E+005     0.1215807137E+007
   0.9459308970E-001     0.1000000000E+001     0.2114319351E+002     0.6705519476E+003     0.2835521917E+005     0.1498799715E+007
   0.8972077484E-001     0.1000000000E+001     0.2229138127E+002     0.7453585185E+003     0.3323014184E+005     0.1851864403E+007
   0.8504379923E-001     0.1000000000E+001     0.2351729366E+002     0.8295946513E+003     0.3901964206E+005     0.2294090952E+007
   0.8055084072E-001     0.1000000000E+001     0.2482903943E+002     0.9247217982E+003     0.4591990797E+005     0.2850368014E+007
   0.7623195846E-001     0.1000000000E+001     0.2623571584E+002     0.1032469178E+004     0.5417513596E+005     0.3553308681E+007
   0.7207858021E-001     0.1000000000E+001     0.2774749439E+002     0.1154885167E+004     0.6409033941E+005     0.4445865833E+007
   0.6808342188E-001     0.1000000000E+001     0.2937572679E+002     0.1294399986E+004     0.7604788071E+005     0.5584904416E+007
   0.6424036203E-001     0.1000000000E+001     0.3113307486E+002     0.1453902525E+004     0.9052891230E+005     0.7046108509E+007
   0.6054428998E-001     0.1000000000E+001     0.3303366842E+002     0.1636834874E+004     0.1081413210E+006     0.8930761349E+007
   0.5720472645E-001     0.1000000000E+001     0.3496214603E+002     0.1833527483E+004     0.1282081112E+006     0.1120607677E+008
   0.5422162980E-001     0.1000000000E+001     0.3688564891E+002     0.2040826643E+004     0.1505544301E+006     0.1388324462E+008
   0.5146592975E-001     0.1000000000E+001     0.3886066005E+002     0.2265226349E+004     0.1760563822E+006     0.1710416804E+008
   0.4888195339E-001     0.1000000000E+001     0.4091489520E+002     0.2511042974E+004     0.2054781202E+006     0.2101778939E+008
   0.4644730255E-001     0.1000000000E+001     0.4305955116E+002     0.2781187419E+004     0.2395133639E+006     0.2578334486E+008
   0.4413959865E-001     0.1000000000E+001     0.4531078807E+002     0.3079601274E+004     0.2790783213E+006     0.3161314668E+008
   0.4194456002E-001     0.1000000000E+001     0.4768198783E+002     0.3410357944E+004     0.3252252920E+006     0.3876847103E+008
   0.3985204580E-001     0.1000000000E+001     0.5018562936E+002     0.3777896091E+004     0.3791921860E+006     0.4757499626E+008
   0.3785404277E-001     0.1000000000E+001     0.5283451524E+002     0.4187229002E+004     0.4424604290E+006     0.5844295571E+008
   0.3594370239E-001     0.1000000000E+001     0.5564257066E+002     0.4644143505E+004     0.5168241663E+006     0.7189356298E+008
   0.3411492897E-001     0.1000000000E+001     0.5862536023E+002     0.5155399293E+004     0.6044742814E+006     0.8859380624E+008
   0.3236223411E-001     0.1000000000E+001     0.6180043050E+002     0.5728939815E+004     0.7081018938E+006     0.1094025047E+009
   0.3068070088E-001     0.1000000000E+001     0.6518755904E+002     0.6374126781E+004     0.8310275317E+006     0.1354316407E+009
   0.2906597871E-001     0.1000000000E+001     0.6880896804E+002     0.7102011125E+004     0.9773641131E+006     0.1681285401E+009
   0.2751427446E-001     0.1000000000E+001     0.7268954168E+002     0.7925654204E+004     0.1152224343E+007     0.2093866485E+009
   0.2602232853E-001     0.1000000000E+001     0.7685707285E+002     0.8860514471E+004     0.1361986412E+007     0.2616957223E+009
   0.2458737569E-001     0.1000000000E+001     0.8134255664E+002     0.9924917281E+004     0.1614636292E+007     0.3283466101E+009
   0.2320709433E-001     0.1000000000E+001     0.8618054339E+002     0.1114062909E+005     0.1920210937E+007     0.4137120550E+009
   0.2187954860E-001     0.1000000000E+001     0.9140956409E+002     0.1253356261E+005     0.2291374990E+007     0.5236339725E+009
   0.2060312729E-001     0.1000000000E+001     0.9707264203E+002     0.1413464674E+005     0.2744175007E+007     0.6659607953E+009
   0.1937648243E-001     0.1000000000E+001     0.1032179090E+003     0.1598090510E+005     0.3299031215E+007     0.8512977590E+009
   0.1827831783E-001     0.1000000000E+001     0.1094192594E+003     0.1795886149E+005     0.3930090646E+007     0.1075069020E+010
   0.1730046910E-001     0.1000000000E+001     0.1156038017E+003     0.2004635846E+005     0.4634870497E+007     0.1339521625E+010
   0.1640554864E-001     0.1000000000E+001     0.1219099735E+003     0.2229306246E+005     0.5435493308E+007     0.1656602113E+010
   0.1557139940E-001     0.1000000000E+001     0.1284406076E+003     0.2474548451E+005     0.6356650130E+007     0.2041130012E+010
   0.1478581138E-001     0.1000000000E+001     0.1352648122E+003     0.2744485414E+005     0.7424646085E+007     0.2510733397E+010
   0.1404135054E-001     0.1000000000E+001     0.1424364412E+003     0.3043220966E+005     0.8669311282E+007     0.3087064616E+010
   0.1333303511E-001     0.1000000000E+001     0.1500033551E+003     0.3375150979E+005     0.1012567942E+008     0.3797214711E+010
   0.1265722174E-001     0.1000000000E+001     0.1580125593E+003     0.3745195334E+005     0.1183575800E+008     0.4675496031E+010
   0.1201105704E-001     0.1000000000E+001     0.1665132380E+003     0.4158998763E+005     0.1385056702E+008     0.5765756904E+010
   0.1139220450E-001     0.1000000000E+001     0.1755586463E+003     0.4623125745E+005     0.1623259395E+008     0.7124430550E+010
   0.1079870532E-001     0.1000000000E+001     0.1852073874E+003     0.5145266450E+005     0.1905882713E+008     0.8824588946E+010
   0.1022890321E-001     0.1000000000E+001     0.1955243841E+003     0.5734467720E+005     0.2242456539E+008     0.1096137334E+011
   0.9681397862E-002     0.1000000000E+001     0.2065817383E+003     0.6401402193E+005     0.2644825586E+008     0.1365931668E+011
   0.9155011056E-002     0.1000000000E+001     0.2184595942E+003     0.7158689144E+005     0.3127768651E+008     0.1708227675E+011
   0.8648757650E-002     0.1000000000E+001     0.2312470855E+003     0.8021282184E+005     0.3709796255E+008     0.2144698929E+011
   0.8161818772E-002     0.1000000000E+001     0.2450434218E+003     0.9006941786E+005     0.4414183671E+008     0.2704166678E+011
   0.7693516140E-002     0.1000000000E+001     0.2599591609E+003     0.1013681480E+006     0.5270315739E+008     0.3425167143E+011
   0.7243287444E-002     0.1000000000E+001     0.2761177180E+003     0.1143614913E+006     0.6315446801E+008     0.4359516897E+011
   0.6810662944E-002     0.1000000000E+001     0.2936571691E+003     0.1293517995E+006     0.7597016650E+008     0.5577296008E+011
   0.6395243557E-002     0.1000000000E+001     0.3127324209E+003     0.1467023507E+006     0.9175716256E+008     0.7173859897E+011
   0.6005579982E-002     0.1000000000E+001     0.3330236224E+003     0.1663570996E+006     0.1108016878E+009     0.9224894859E+011
   0.5671186797E-002     0.1000000000E+001     0.3526598702E+003     0.1865534761E+006     0.1315798493E+009     0.1160073315E+012
   0.5369761617E-002     0.1000000000E+001     0.3724560125E+003     0.2080852219E+006     0.1550051840E+009     0.1443315319E+012
   0.5091146965E-002     0.1000000000E+001     0.3928387874E+003     0.2314834693E+006     0.1818713708E+009     0.1786153219E+012
   0.4829941155E-002     0.1000000000E+001     0.4140837198E+003     0.2571979905E+006     0.2130030012E+009     0.2205026877E+012
   0.4582947092E-002     0.1000000000E+001     0.4364004122E+003     0.2856679796E+006     0.2493312481E+009     0.2720206487E+012
   0.4348102330E-002     0.1000000000E+001     0.4599707754E+003     0.3173596713E+006     0.2919523481E+009     0.3357238698E+012
   0.4123977193E-002     0.1000000000E+001     0.4849687344E+003     0.3527920101E+006     0.3421861893E+009     0.4148740079E+012
   0.3909522084E-002     0.1000000000E+001     0.5115714803E+003     0.3925580692E+006     0.4016430252E+009     0.5136727924E+012
   0.3703933296E-002     0.1000000000E+001     0.5399665275E+003     0.4373457763E+006     0.4723041603E+009     0.6375710934E+012
   0.3506577913E-002     0.1000000000E+001     0.5703566410E+003     0.4879600469E+006     0.5566225066E+009     0.7936833579E+012
   0.3316949081E-002     0.1000000000E+001     0.6029637330E+003     0.5453478950E+006     0.6576500051E+009     0.9913477552E+012
   0.3134637239E-002     0.1000000000E+001     0.6380323614E+003     0.6106279413E+006     0.7792007747E+009     0.1242888276E+013
   0.2959309983E-002     0.1000000000E+001     0.6758332217E+003     0.6851258153E+006     0.9260615740E+009     0.1564657943E+013
   0.2790696762E-002     0.1000000000E+001     0.7166669009E+003     0.7704171703E+006     0.1104264972E+010     0.1978475388E+013
   0.2628576460E-002     0.1000000000E+001     0.7608681089E+003     0.8683804187E+006     0.1321445934E+010     0.2513615172E+013
   0.2472766838E-002     0.1000000000E+001     0.8088105878E+003     0.9812618504E+006     0.1587309948E+010     0.3209582730E+013
   0.2323115331E-002     0.1000000000E+001     0.8609129188E+003     0.1111756581E+007     0.1914251206E+010     0.4120008982E+013
   0.2179676231E-002     0.1000000000E+001     0.9175674680E+003     0.1262895087E+007     0.2317582895E+010     0.5316346673E+013
   0.2043613997E-002     0.1000000000E+001     0.9786583979E+003     0.1436658390E+007     0.2811995596E+010     0.6879957763E+013
   0.1917091813E-002     0.1000000000E+001     0.1043246852E+004     0.1632545993E+007     0.3406296936E+010     0.8884021393E+013
   0.1808779647E-002     0.1000000000E+001     0.1105717882E+004     0.1833918052E+007     0.4055591969E+010     0.1121085140E+014
   0.1711235200E-002     0.1000000000E+001     0.1168746412E+004     0.2048952262E+007     0.4789411208E+010     0.1399401791E+014
   0.1621056535E-002     0.1000000000E+001     0.1233763263E+004     0.2283257682E+007     0.5633998895E+010     0.1737755214E+014
   0.1536431404E-002     0.1000000000E+001     0.1301717730E+004     0.2541703573E+007     0.6617161210E+010     0.2153419017E+014
   0.1456294011E-002     0.1000000000E+001     0.1373349053E+004     0.2829131430E+007     0.7770769939E+010     0.2667994883E+014
   0.1379969504E-002     0.1000000000E+001     0.1449307390E+004     0.3150737864E+007     0.9132775337E+010     0.3309049696E+014
   0.1307004580E-002     0.1000000000E+001     0.1530216520E+004     0.3512343898E+007     0.1074929331E+011     0.4112186552E+014
   0.1237079881E-002     0.1000000000E+001     0.1616710474E+004     0.3920629135E+007     0.1267704437E+011     0.5123777605E+014
   0.1169961827E-002     0.1000000000E+001     0.1709457483E+004     0.4383367330E+007     0.1498636017E+011     0.6404636382E+014
   0.1105474657E-002     0.1000000000E+001     0.1809177612E+004     0.4909685448E+007     0.1776498599E+011     0.8035003732E+014
   0.1043483290E-002     0.1000000000E+001     0.1916657428E+004     0.5510363546E+007     0.2112295845E+011     0.1012136880E+015
   0.9838821981E-003     0.1000000000E+001     0.2032763682E+004     0.6198192282E+007     0.2519892033E+011     0.1280586252E+015
   0.9265877092E-003     0.1000000000E+001     0.2158457295E+004     0.6988406839E+007     0.3016835544E+011     0.1627927671E+015
   0.8715323657E-003     0.1000000000E+001     0.2294808637E+004     0.7899220019E+007     0.3625439665E+011     0.2079922564E+015
   0.8186605541E-003     0.1000000000E+001     0.2443014984E+004     0.8952483315E+007     0.4374210176E+011     0.2671565250E+015
   0.7680476923E-003     0.1000000000E+001     0.2604004960E+004     0.1017126275E+008     0.5297203727E+011     0.3448486194E+015
   0.7200466666E-003     0.1000000000E+001     0.2777597748E+004     0.1157257388E+008     0.6428791030E+011     0.4464148872E+015
   0.6745840146E-003     0.1000000000E+001     0.2964790088E+004     0.1318497040E+008     0.7818133910E+011     0.5794781481E+015
   0.6315301936E-003     0.1000000000E+001     0.3166911132E+004     0.1504398917E+008     0.9528595357E+011     0.7544053676E+015
   0.5937785877E-003     0.1000000000E+001     0.3368258879E+004     0.1701775181E+008     0.1146403873E+012     0.9653462555E+015
   0.5605270043E-003     0.1000000000E+001     0.3568070734E+004     0.1909669315E+008     0.1362767039E+012     0.1215612297E+016
   0.5301192810E-003     0.1000000000E+001     0.3772735820E+004     0.2135030335E+008     0.1610981084E+012     0.1519451510E+016
   0.5017389532E-003     0.1000000000E+001     0.3986136590E+004     0.2383392738E+008     0.1900105800E+012     0.1893520314E+016
   0.4749337678E-003     0.1000000000E+001     0.4211113498E+004     0.2660021534E+008     0.2240330517E+012     0.2358571520E+016
   0.4494330510E-003     0.1000000000E+001     0.4450051004E+004     0.2970443091E+008     0.2643724652E+012     0.2941177385E+016
   0.4250651570E-003     0.1000000000E+001     0.4705161002E+004     0.3320781008E+008     0.3124961859E+012     0.3675862168E+016
   0.4017160593E-003     0.1000000000E+001     0.4978640893E+004     0.3718029771E+008     0.3702147012E+012     0.4607915126E+016
   0.3793070152E-003     0.1000000000E+001     0.5272773557E+004     0.4170321148E+008     0.4397831815E+012     0.5797192826E+016
   0.3577818193E-003     0.1000000000E+001     0.5589998967E+004     0.4687213267E+008     0.5240303464E+012     0.7323322737E+016
   0.3370991582E-003     0.1000000000E+001     0.5932972395E+004     0.5280024216E+008     0.6265247584E+012     0.9292885242E+016
   0.3172277975E-003     0.1000000000E+001     0.6304617741E+004     0.5962230730E+008     0.7517917128E+012     0.1184939843E+017
   0.2981433946E-003     0.1000000000E+001     0.6708181486E+004     0.6749954828E+008     0.9055984401E+012     0.1518729673E+017
   0.2798262822E-003     0.1000000000E+001     0.7147291470E+004     0.7662566304E+008     0.1095331896E+013     0.1957164079E+017
   0.2624124842E-003     0.1000000000E+001     0.7621588606E+004     0.8713291932E+008     0.1328182530E+013     0.2530715210E+017
   0.2459128144E-003     0.1000000000E+001     0.8132963728E+004     0.9921764851E+008     0.1613867073E+013     0.3281380592E+017
   0.2302895693E-003     0.1000000000E+001     0.8684718141E+004     0.1131364938E+009     0.1965117120E+013     0.4266622075E+017
   0.2154862743E-003     0.1000000000E+001     0.9281333611E+004     0.1292147304E+009     0.2398570041E+013     0.5565482185E+017
   0.2014365893E-003     0.1000000000E+001     0.9928682803E+004     0.1478681133E+009     0.2936271187E+013     0.7288326310E+017
   0.1891170201E-003     0.1000000000E+001     0.1057546274E+005     0.1677606182E+009     0.3548292335E+013     0.9381208344E+017
   0.1782737576E-003     0.1000000000E+001     0.1121870110E+005     0.1887888814E+009     0.4235932061E+013     0.1188041391E+018
   0.1683526009E-003     0.1000000000E+001     0.1187982835E+005     0.2116954823E+009     0.5029811984E+013     0.1493832575E+018
   0.1590842722E-003     0.1000000000E+001     0.1257195304E+005     0.2370810050E+009     0.5961142526E+013     0.1873580098E+018
   0.1503220706E-003     0.1000000000E+001     0.1330476617E+005     0.2655252043E+009     0.7065501511E+013     0.2350121137E+018
   0.1419800498E-003     0.1000000000E+001     0.1408648612E+005     0.2976436367E+009     0.8385505912E+013     0.2953057815E+018
   0.1340051482E-003     0.1000000000E+001     0.1492479973E+005     0.3341244707E+009     0.9973481622E+013     0.3721305397E+018
   0.1263631986E-003     0.1000000000E+001     0.1582739296E+005     0.3757595518E+009     0.1189458817E+014     0.4706508027E+018
   0.1190313645E-003     0.1000000000E+001     0.1680229416E+005     0.4234756336E+009     0.1423072433E+014     0.5977720409E+018
   0.1119938170E-003     0.1000000000E+001     0.1785812873E+005     0.4783691425E+009     0.1708555546E+014     0.7627901218E+018
   0.1052391472E-003     0.1000000000E+001     0.1900433491E+005     0.5417471182E+009     0.2059108735E+014     0.9782998003E+018
   0.9875874975E-004     0.1000000000E+001     0.2025137018E+005     0.6151769914E+009     0.2491635396E+014     0.1261475769E+019
   0.9260538435E-004     0.1000000000E+001     0.2159701635E+005     0.6996466728E+009     0.3022056126E+014     0.1631684889E+019
   0.8677657157E-004     0.1000000000E+001     0.2304769552E+005     0.7967944034E+009     0.3672854961E+014     0.2116271071E+019
   0.8125785568E-004     0.1000000000E+001     0.2461300490E+005     0.9087000154E+009     0.4473167586E+014     0.2752452393E+019
   0.7602849985E-004     0.1000000000E+001     0.2630592480E+005     0.1038002520E+010     0.5461123245E+014     0.3591497435E+019
   0.7106468582E-004     0.1000000000E+001     0.2814337356E+005     0.1188074213E+010     0.6687283279E+014     0.4705067786E+019
   0.6666222252E-004     0.1000000000E+001     0.3000200000E+005     0.1350180006E+010     0.8101620108E+014     0.6076620162E+019
