   0.3256799333E+000
   0.3256799339E+000
   0.3256799348E+000
   0.3256799362E+000
   0.3256799383E+000
   0.3256799414E+000
   0.3256799461E+000
   0.3256799531E+000
   0.3256799637E+000
   0.3256799795E+000
   0.3256800032E+000
   0.3256800388E+000
   0.3256800922E+000
   0.3256801722E+000
   0.3256802923E+000
   0.3256804725E+000
   0.3256807438E+000
   0.3256811511E+000
   0.3256817624E+000
   0.3256826801E+000
   0.3256840580E+000
   0.3256861281E+000
   0.3256892406E+000
   0.3256939258E+000
   0.3257009919E+000
   0.3257116760E+000
   0.3257278921E+000
   0.3257526426E+000
   0.3257907252E+000
   0.3259786324E+000
   0.3263576269E+000
   0.3267678249E+000
