   0.8080383406E-001
   0.8080383465E-001
   0.8080383554E-001
   0.8080383688E-001
   0.8080383888E-001
   0.8080384189E-001
   0.8080384639E-001
   0.8080385316E-001
   0.8080386330E-001
   0.8080387851E-001
   0.8080390133E-001
   0.8080393575E-001
   0.8080398800E-001
   0.8080406636E-001
   0.8080418392E-001
   0.8080436026E-001
   0.8080462481E-001
   0.8080502169E-001
   0.8080561716E-001
   0.8080651069E-001
   0.8080785171E-001
   0.8080986489E-001
   0.8081288836E-001
   0.8081743156E-001
   0.8082426425E-001
   0.8083455399E-001
   0.8085008067E-001
   0.8087357728E-001
   0.8090928549E-001
   0.8082198734E-001
   0.8058801680E-001
   0.8033836418E-001
