   0.3197379289E+000
   0.3197379317E+000
   0.3197379359E+000
   0.3197379422E+000
   0.3197379517E+000
   0.3197379658E+000
   0.3197379871E+000
   0.3197380191E+000
   0.3197380670E+000
   0.3197381388E+000
   0.3197382465E+000
   0.3197384082E+000
   0.3197386506E+000
   0.3197390143E+000
   0.3197395599E+000
   0.3197403782E+000
   0.3197416056E+000
   0.3197434468E+000
   0.3197462095E+000
   0.3197503539E+000
   0.3197565707E+000
   0.3197658974E+000
   0.3197798923E+000
   0.3198008991E+000
   0.3198324351E+000
   0.3198797486E+000
   0.3199507405E+000
   0.3200572768E+000
   0.3202171928E+000
   0.3204352972E+000
   0.3207466325E+000
   0.3210821360E+000
