   0.1600333540E+000
   0.1600333562E+000
   0.1600333595E+000
   0.1600333645E+000
   0.1600333719E+000
   0.1600333831E+000
   0.1600333998E+000
   0.1600334249E+000
   0.1600334625E+000
   0.1600335189E+000
   0.1600336035E+000
   0.1600337306E+000
   0.1600339214E+000
   0.1600342077E+000
   0.1600346370E+000
   0.1600352811E+000
   0.1600362473E+000
   0.1600376965E+000
   0.1600398705E+000
   0.1600431317E+000
   0.1600480241E+000
   0.1600553636E+000
   0.1600663756E+000
   0.1600828991E+000
   0.1601076972E+000
   0.1601449230E+000
   0.1602008262E+000
   0.1602848255E+000
   0.1604111488E+000
   0.1604752953E+000
   0.1604800323E+000
   0.1604871324E+000
