   0.0000000000E+000
   0.1285140061E-007
   0.3212850126E-007
   0.6104415162E-007
   0.1044176258E-006
   0.1694778339E-006
   0.2670681390E-006
   0.4134535810E-006
   0.6330317084E-006
   0.9623988198E-006
   0.1456449307E-005
   0.2197524634E-005
   0.3309136715E-005
   0.4976552790E-005
   0.7477672299E-005
   0.1122934120E-004
   0.1685682125E-004
   0.2529798889E-004
   0.3795962235E-004
   0.5695180709E-004
   0.8543948695E-004
   0.1281696630E-003
   0.1922619041E-003
   0.2883934653E-003
   0.4325755099E-003
   0.6488141724E-003
   0.9730948025E-003
   0.1459341837E-002
   0.2188321622E-002
   0.3280913857E-002
   0.4917833967E-002
   0.7368807673E-002
   0.1000000000E-001
