   0.9860557672E-004
   0.9860176931E-004
   0.9859759286E-004
   0.9859350435E-004
   0.9858939875E-004
   0.9858500521E-004
   0.9858159027E-004
   0.9857878239E-004
   0.9857451987E-004
   0.9857390584E-004
   0.9857355906E-004
   0.9857337109E-004
   0.9857327263E-004
   0.9857322216E-004
   0.9857319660E-004
   0.9857318374E-004
   0.9857317728E-004
   0.9857317405E-004
   0.9857317243E-004
   0.9857317163E-004
   0.9857317122E-004
   0.9857317102E-004
   0.9857317092E-004
   0.9857317087E-004
   0.9857317084E-004
   0.9857317083E-004
   0.9857317082E-004
   0.9857317082E-004
   0.9857317082E-004
   0.9857317082E-004
   0.9857317082E-004
   0.9857317082E-004
   0.9857317082E-004
   0.9857317082E-004
   0.9857317082E-004
   0.9857317082E-004
   0.9857317082E-004
   0.9857317082E-004
   0.9857317082E-004
   0.9857317082E-004
   0.9857317082E-004
   0.9857317082E-004
   0.9857317082E-004
   0.9857317082E-004
   0.9857317082E-004
   0.9857317082E-004
   0.9857317082E-004
   0.9857317082E-004
   0.9857317082E-004
   0.9857317082E-004
   0.9857317082E-004
   0.9857317082E-004
   0.9857317082E-004
   0.9857317082E-004
   0.9857317082E-004
   0.9857317082E-004
   0.9857317082E-004
   0.9857317082E-004
   0.9857317082E-004
   0.9857317082E-004
   0.9857317082E-004
   0.9857317082E-004
   0.9857317082E-004
   0.9857317082E-004
   0.9857317082E-004
   0.9857317082E-004
   0.9857317082E-004
   0.9857317082E-004
   0.9857317082E-004
   0.9857317082E-004
   0.9857317082E-004
   0.9857317082E-004
   0.9857317082E-004
   0.9857317082E-004
   0.9857317082E-004
   0.9857317082E-004
   0.9857317082E-004
   0.9857317082E-004
   0.9857317082E-004
   0.9857317082E-004
   0.9857317082E-004
   0.9857317082E-004
   0.9857317082E-004
   0.9857317082E-004
   0.9857317082E-004
   0.9857317082E-004
   0.9857317082E-004
   0.9857317082E-004
   0.9857317082E-004
   0.9857317082E-004
   0.9857317082E-004
   0.9857317082E-004
   0.9857317082E-004
   0.9857317082E-004
   0.9857317082E-004
   0.9857317082E-004
   0.9857317082E-004
   0.9857317082E-004
   0.9857317082E-004
   0.9857317082E-004
   0.9857317082E-004
   0.9857317082E-004
   0.9857317082E-004
   0.9857317082E-004
   0.9857317082E-004
   0.9857317082E-004
   0.9857317082E-004
   0.9857317082E-004
   0.9857317082E-004
   0.9857317082E-004
   0.9857317082E-004
   0.9857317082E-004
   0.9857317082E-004
   0.9857317082E-004
   0.9857317082E-004
   0.9857317082E-004
   0.9857317082E-004
   0.9857317082E-004
   0.9857317082E-004
   0.9857317082E-004
   0.9857317082E-004
   0.9857317082E-004
   0.9857317082E-004
   0.9857317082E-004
   0.9857317082E-004
   0.9857317082E-004
   0.9857317082E-004
   0.9857317082E-004
   0.9857317082E-004
   0.9857317082E-004
   0.9857317082E-004
   0.9857317082E-004
   0.9857317082E-004
   0.9857317082E-004
   0.9857317082E-004
   0.9857317082E-004
   0.9857317082E-004
   0.9857317082E-004
   0.9857317082E-004
   0.9857317082E-004
   0.9857317082E-004
   0.9857317082E-004
   0.9857317082E-004
   0.9857317082E-004
   0.9857317082E-004
   0.9857317082E-004
   0.9857317082E-004
   0.9857317082E-004
   0.9857317082E-004
   0.9857317082E-004
   0.9857317082E-004
   0.9857317082E-004
   0.9857317082E-004
   0.9857317082E-004
   0.9857317082E-004
   0.9857317082E-004
   0.9857317082E-004
   0.9857317082E-004
   0.9857317082E-004
   0.9857317082E-004
   0.9857317082E-004
   0.9857317082E-004
   0.9857317082E-004
   0.9857317082E-004
   0.9857317082E-004
   0.9857317082E-004
   0.9857317082E-004
   0.9857317082E-004
   0.9857317082E-004
   0.9857317082E-004
   0.9857317082E-004
   0.9857317082E-004
   0.9857317082E-004
   0.9857317082E-004
   0.9857317082E-004
   0.9857317082E-004
   0.9857317082E-004
   0.9857317082E-004
   0.9857317082E-004
   0.9857317082E-004
   0.9857317082E-004
   0.9857317082E-004
   0.9857317082E-004
   0.9857317082E-004
   0.9857317082E-004
   0.9857317082E-004
   0.9857317082E-004
   0.9857317082E-004
   0.9857317082E-004
   0.9857317082E-004
   0.9857317082E-004
   0.9857317082E-004
   0.9857317082E-004
   0.9857317082E-004
   0.9857317082E-004
   0.9857317082E-004
   0.9857317082E-004
   0.9857317082E-004
   0.9857317082E-004
   0.9857317082E-004
   0.9857317082E-004
   0.9857317082E-004
   0.9857317082E-004
   0.9857317082E-004
   0.9857317082E-004
   0.9857317082E-004
   0.9857317082E-004
   0.9857317082E-004
   0.9857317082E-004
   0.9857317082E-004
   0.9857317082E-004
   0.9857317082E-004
   0.9857317082E-004
   0.9857317082E-004
   0.9857317082E-004
   0.9857317082E-004
   0.9857317082E-004
   0.9857317082E-004
   0.9857317082E-004
   0.9857317082E-004
   0.9857317082E-004
   0.9857317082E-004
   0.9857317082E-004
   0.9857317082E-004
   0.9857317082E-004
   0.9857317082E-004
   0.9857317082E-004
   0.9857317082E-004
   0.9857317082E-004
   0.9857317082E-004
   0.9857317082E-004
   0.9857317082E-004
   0.9857317082E-004
   0.9857317082E-004
   0.9857317082E-004
   0.9857317082E-004
   0.9857317082E-004
   0.9857317082E-004
   0.9857317082E-004
   0.9857317082E-004
   0.9857317082E-004
   0.9857317082E-004
   0.9857317082E-004
   0.9857317082E-004
   0.9857317082E-004
   0.9857317082E-004
   0.9857317082E-004
   0.9857317082E-004
   0.9857317082E-004
   0.9857317082E-004
   0.9857317082E-004
   0.9857317082E-004
   0.9857317082E-004
   0.9857317082E-004
   0.9857317082E-004
   0.9857317082E-004
   0.9857317082E-004
   0.9857317082E-004
   0.9857317082E-004
   0.9857317082E-004
   0.9857317082E-004
   0.9857317082E-004
   0.9857317082E-004
   0.9857317082E-004
   0.9857317082E-004
   0.9857317082E-004
   0.9857317082E-004
   0.9857317082E-004
   0.9857317082E-004
   0.9857317082E-004
   0.9857317082E-004
   0.9857317082E-004
   0.9857317082E-004
   0.9857317082E-004
   0.9857317082E-004
   0.9857317082E-004
   0.9857317082E-004
   0.9857317082E-004
   0.9857317082E-004
   0.9857317082E-004
   0.9857317082E-004
   0.9857317082E-004
   0.9857317082E-004
   0.9857317082E-004
   0.9857317082E-004
   0.9857317082E-004
   0.9857317082E-004
   0.9857317082E-004
   0.9857317082E-004
   0.9857317082E-004
   0.9857317082E-004
   0.9857317082E-004
   0.9857317082E-004
   0.9857317082E-004
   0.9857317082E-004
   0.9857317082E-004
   0.9857317082E-004
   0.9857317082E-004
   0.9857317082E-004
   0.9857317082E-004
   0.9857317082E-004
   0.9857317082E-004
   0.9857317082E-004
   0.9857317082E-004
   0.9857317082E-004
   0.9857317082E-004
   0.9857317082E-004
   0.9857317082E-004
   0.9857317082E-004
   0.9857317082E-004
   0.9857317082E-004
   0.9857317082E-004
   0.9857317082E-004
   0.9857317082E-004
   0.9857317082E-004
   0.9857317082E-004
   0.9857317082E-004
   0.9857317082E-004
   0.9857317082E-004
   0.9857317082E-004
   0.9857317082E-004
   0.9857317082E-004
   0.9857317082E-004
   0.9857317082E-004
   0.9857317082E-004
   0.9857317082E-004
   0.9857317082E-004
   0.9857317082E-004
   0.9857317082E-004
   0.9857317082E-004
   0.9857317082E-004
   0.9857317082E-004
   0.9857317082E-004
   0.9857317082E-004
   0.9857317082E-004
   0.9857317082E-004
   0.9857317082E-004
   0.9857317082E-004
   0.9857317082E-004
   0.9857317082E-004
   0.9857317082E-004
   0.9857317082E-004
   0.9857317082E-004
   0.9857317082E-004
   0.9857317082E-004
   0.9857317082E-004
   0.9857317082E-004
   0.9857317082E-004
   0.9857317082E-004
   0.9857317082E-004
   0.9857317082E-004
   0.9857317082E-004
   0.9857317082E-004
   0.9857317082E-004
   0.9857317082E-004
   0.9857317082E-004
   0.9857317082E-004
   0.9857317082E-004
   0.9857317082E-004
   0.9857317082E-004
   0.9857317082E-004
   0.9857317082E-004
   0.9857317082E-004
   0.9857317082E-004
   0.9857317082E-004
   0.9857317082E-004
   0.9857317082E-004
   0.9857317082E-004
   0.9857317082E-004
   0.9857317082E-004
   0.9857317082E-004
   0.9857317082E-004
   0.9857317082E-004
   0.9857317082E-004
   0.9857317082E-004
   0.9857317082E-004
   0.9857317082E-004
   0.9857317082E-004
   0.9857317082E-004
   0.9857317082E-004
   0.9857317082E-004
   0.9857317082E-004
   0.9857317082E-004
   0.9857317082E-004
   0.9857317082E-004
   0.9857317082E-004
   0.9857317082E-004
   0.9857317082E-004
   0.9857317082E-004
   0.9857317082E-004
   0.9857317082E-004
   0.9857317082E-004
   0.9857317082E-004
   0.9857317082E-004
   0.9857317082E-004
   0.9857317082E-004
   0.9857317082E-004
   0.9857317082E-004
   0.9857317082E-004
   0.9857317082E-004
   0.9857317082E-004
   0.9857317082E-004
   0.9857317082E-004
   0.9857317082E-004
   0.9857317082E-004
   0.9857317082E-004
   0.9857317082E-004
   0.9857317082E-004
   0.9857317082E-004
   0.9857317082E-004
   0.9857317082E-004
   0.9857317082E-004
   0.9857317082E-004
   0.9857317082E-004
   0.9857317082E-004
   0.9857317082E-004
   0.9857317082E-004
   0.9857317082E-004
   0.9857317082E-004
   0.9857317082E-004
   0.9857317082E-004
   0.9857317082E-004
   0.9857317082E-004
   0.9857317082E-004
   0.9857317082E-004
   0.9857317082E-004
   0.9857317082E-004
   0.9857317082E-004
   0.9857317082E-004
   0.9857317082E-004
   0.9857317082E-004
   0.9857317082E-004
   0.9857317082E-004
   0.9857317082E-004
   0.9857317082E-004
   0.9857317082E-004
   0.9857317082E-004
   0.9857317082E-004
   0.9857317082E-004
   0.9857317082E-004
   0.9857317082E-004
   0.9857317082E-004
   0.9857317082E-004
   0.9857317082E-004
   0.9857317082E-004
   0.9857317082E-004
   0.9857317082E-004
   0.9857317082E-004
   0.9857317082E-004
   0.9857317082E-004
   0.9857317082E-004
   0.9857317082E-004
   0.9857317082E-004
   0.9857317082E-004
   0.9857317082E-004
   0.9857317082E-004
   0.9857317082E-004
   0.9857317082E-004
   0.9857317082E-004
   0.9857317082E-004
   0.9857317082E-004
   0.9857317082E-004
   0.9857317082E-004
   0.9857317082E-004
   0.9857317082E-004
   0.9857317082E-004
   0.9857317082E-004
   0.9857317082E-004
   0.9857317082E-004
   0.9857317082E-004
   0.9857317082E-004
   0.9857317082E-004
   0.9857317082E-004
   0.9857317082E-004
   0.9857317082E-004
   0.9857317082E-004
   0.9857317082E-004
   0.9857317082E-004
   0.9857317082E-004
   0.9857317082E-004
   0.9857317082E-004
   0.9857317082E-004
   0.9857317082E-004
   0.9857317082E-004
   0.9857317082E-004
   0.9857317082E-004
   0.9857317082E-004
   0.9857317082E-004
   0.9857317082E-004
   0.9857317082E-004
   0.9857317082E-004
   0.9857317082E-004
   0.9857317082E-004
   0.9857317082E-004
   0.9857317082E-004
   0.9857317082E-004
   0.9857317082E-004
   0.9857317082E-004
   0.9857317082E-004
   0.9857317082E-004
   0.9857317082E-004
   0.9857317082E-004
   0.9857317082E-004
   0.9857317082E-004
   0.9857317082E-004
   0.9857317082E-004
   0.9857317082E-004
   0.9857317082E-004
   0.9857317082E-004
   0.9857317082E-004
   0.9857317082E-004
   0.9857317082E-004
   0.9857317082E-004
   0.9857317082E-004
   0.9857317082E-004
   0.9857317082E-004
   0.9857317082E-004
   0.9857317082E-004
   0.9857317082E-004
   0.9857317082E-004
   0.9857317082E-004
   0.9857317082E-004
   0.9857317082E-004
   0.9857317082E-004
   0.9857317082E-004
   0.9857317082E-004
   0.9857317082E-004
   0.9857317082E-004
   0.9857317082E-004
   0.9857317082E-004
   0.9857317082E-004
   0.9857317082E-004
   0.9857317082E-004
   0.9857317082E-004
   0.9857317082E-004
   0.9857317082E-004
   0.9857317082E-004
   0.9857317082E-004
   0.9857317082E-004
   0.9857317082E-004
   0.9857317082E-004
   0.9857317082E-004
   0.9857317082E-004
   0.9857317082E-004
   0.9857317082E-004
   0.9857317082E-004
   0.9857317082E-004
   0.9857317082E-004
   0.9857317082E-004
   0.9857317082E-004
   0.9857317082E-004
   0.9857317082E-004
   0.9857317082E-004
   0.9857317082E-004
   0.9857317082E-004
   0.9857317082E-004
   0.9857317082E-004
   0.9857317082E-004
   0.9857317082E-004
   0.9857317082E-004
   0.9857317082E-004
   0.9857317082E-004
   0.9857317082E-004
   0.9857317082E-004
   0.9857317082E-004
   0.9857317082E-004
   0.9857317082E-004
   0.9857317082E-004
   0.9857317082E-004
   0.9857317082E-004
   0.9857317082E-004
   0.9857317082E-004
   0.9857317082E-004
   0.9857317082E-004
   0.9857317082E-004
   0.9857317082E-004
   0.9857317082E-004
   0.9857317082E-004
   0.9857317082E-004
   0.9857317082E-004
   0.9857317082E-004
   0.9857317082E-004
   0.9857317082E-004
   0.9857317082E-004
   0.9857317082E-004
   0.9857317082E-004
   0.9857317082E-004
   0.9857317082E-004
   0.9857317082E-004
   0.9857317082E-004
   0.9857317082E-004
   0.9857317082E-004
   0.9857317082E-004
   0.9857317082E-004
   0.9857317082E-004
   0.9857317082E-004
   0.9857317082E-004
   0.9857317082E-004
   0.9857317082E-004
   0.9857317082E-004
   0.9857317082E-004
   0.9857317082E-004
   0.9857317082E-004
   0.9857317082E-004
   0.9857317082E-004
   0.9857317082E-004
   0.9857317082E-004
   0.9857317082E-004
   0.9857317082E-004
   0.9857317082E-004
   0.9857317082E-004
   0.9857317082E-004
   0.9857317082E-004
   0.9857317082E-004
   0.9857317082E-004
   0.9857317082E-004
   0.9857317082E-004
   0.9857317082E-004
   0.9857317082E-004
   0.9857317082E-004
   0.9857317082E-004
   0.9857317082E-004
   0.9857317082E-004
   0.9857317082E-004
   0.9857317082E-004
   0.9857317082E-004
   0.9857317082E-004
   0.9857317082E-004
   0.9857317082E-004
   0.9857317082E-004
   0.9857317082E-004
   0.9857317082E-004
   0.9857317082E-004
   0.9857317082E-004
   0.9857317082E-004
   0.9857317082E-004
   0.9857317082E-004
   0.9857317082E-004
   0.9857317082E-004
   0.9857317082E-004
   0.9857317082E-004
   0.9857317082E-004
   0.9857317082E-004
   0.9857317082E-004
   0.9857317082E-004
   0.9857317082E-004
   0.9857317082E-004
   0.9857317082E-004
   0.9857317082E-004
   0.9857317082E-004
   0.9857317082E-004
   0.9857317082E-004
   0.9857317082E-004
   0.9857317082E-004
   0.9857317082E-004
   0.9857317082E-004
   0.9857317082E-004
   0.9857317082E-004
   0.9857317082E-004
   0.9857317082E-004
   0.9857317082E-004
   0.9857317082E-004
   0.9857317082E-004
   0.9857317082E-004
   0.9857317082E-004
   0.9857317082E-004
   0.9857317082E-004
   0.9857317082E-004
   0.9857317082E-004
   0.9857317082E-004
   0.9857317082E-004
   0.9857317082E-004
   0.9857317082E-004
   0.9857317082E-004
   0.9857317082E-004
   0.9857317082E-004
   0.9857317082E-004
   0.9857317082E-004
   0.9857317082E-004
   0.9857317082E-004
   0.9857317082E-004
   0.9857317082E-004
   0.9857317082E-004
   0.9857317082E-004
   0.9857317082E-004
   0.9857317082E-004
   0.9857317082E-004
   0.9857317082E-004
   0.9857317082E-004
   0.9857317082E-004
   0.9857317082E-004
   0.9857317082E-004
   0.9857317082E-004
   0.9857317082E-004
   0.9857317082E-004
   0.9857317082E-004
   0.9857317082E-004
   0.9857317082E-004
   0.9857317082E-004
   0.9857317082E-004
   0.9857317082E-004
   0.9857317082E-004
   0.9857317082E-004
   0.9857317082E-004
   0.9857317082E-004
   0.9857317082E-004
   0.9857317082E-004
   0.9857317082E-004
   0.9857317082E-004
   0.9857317082E-004
   0.9857317082E-004
   0.9857317082E-004
   0.9857317082E-004
   0.9857317082E-004
   0.9857317082E-004
   0.9857317082E-004
   0.9857317082E-004
   0.9857317082E-004
   0.9857317082E-004
   0.9857317082E-004
   0.9857317082E-004
   0.9857317082E-004
   0.9857317082E-004
   0.9857317082E-004
   0.9857317082E-004
   0.9857317082E-004
   0.9857317082E-004
   0.9857317082E-004
   0.9857317082E-004
   0.9857317082E-004
   0.9857317082E-004
   0.9857317082E-004
   0.9857317082E-004
   0.9857317082E-004
   0.9857317082E-004
   0.9857317082E-004
   0.9857317082E-004
   0.9857317082E-004
   0.9857317082E-004
   0.9857317082E-004
   0.9857317082E-004
   0.9857317082E-004
   0.9857317082E-004
   0.9857317082E-004
   0.9857317082E-004
   0.9857317082E-004
   0.9857317082E-004
   0.9857317082E-004
   0.9857317082E-004
   0.9857317082E-004
   0.9857317082E-004
   0.9857317082E-004
   0.9857317082E-004
   0.9857317082E-004
   0.9857317082E-004
   0.9857317082E-004
   0.9857317082E-004
   0.9857317082E-004
   0.9857317082E-004
   0.9857317082E-004
   0.9857317082E-004
   0.9857317082E-004
   0.9857317082E-004
   0.9857317082E-004
   0.9857317082E-004
   0.9857317082E-004
   0.9857317082E-004
   0.9857317082E-004
   0.9857317082E-004
   0.9857317082E-004
   0.9857317082E-004
   0.9857317082E-004
   0.9857317082E-004
   0.9857317082E-004
   0.9857317082E-004
   0.9857317082E-004
   0.9857317082E-004
   0.9857317082E-004
   0.9857317082E-004
   0.9857317082E-004
   0.9857317082E-004
   0.9857317082E-004
   0.9857317082E-004
   0.9857317082E-004
   0.9857317082E-004
