   0.3940033951E-004
   0.3940001753E-004
   0.3940002413E-004
   0.3940060445E-004
   0.3940201700E-004
   0.3940481054E-004
   0.3940871663E-004
   0.3941369332E-004
   0.3942518956E-004
   0.3942751897E-004
   0.3942892657E-004
   0.3942971705E-004
   0.3943013893E-004
   0.3943035730E-004
   0.3943046844E-004
   0.3943052451E-004
   0.3943055268E-004
   0.3943056679E-004
   0.3943057386E-004
   0.3943057739E-004
   0.3943057916E-004
   0.3943058004E-004
   0.3943058048E-004
   0.3943058070E-004
   0.3943058082E-004
   0.3943058087E-004
   0.3943058090E-004
   0.3943058091E-004
   0.3943058092E-004
   0.3943058092E-004
   0.3943058092E-004
   0.3943058092E-004
   0.3943058093E-004
   0.3943058093E-004
   0.3943058093E-004
   0.3943058093E-004
   0.3943058093E-004
   0.3943058093E-004
   0.3943058093E-004
   0.3943058093E-004
   0.3943058093E-004
   0.3943058093E-004
   0.3943058093E-004
   0.3943058093E-004
   0.3943058093E-004
   0.3943058093E-004
   0.3943058093E-004
   0.3943058093E-004
   0.3943058093E-004
   0.3943058093E-004
   0.3943058093E-004
   0.3943058093E-004
   0.3943058093E-004
   0.3943058093E-004
   0.3943058093E-004
   0.3943058093E-004
   0.3943058093E-004
   0.3943058093E-004
   0.3943058093E-004
   0.3943058093E-004
   0.3943058093E-004
   0.3943058093E-004
   0.3943058093E-004
   0.3943058093E-004
   0.3943058093E-004
   0.3943058093E-004
   0.3943058093E-004
   0.3943058093E-004
   0.3943058093E-004
   0.3943058093E-004
   0.3943058093E-004
   0.3943058093E-004
   0.3943058093E-004
   0.3943058093E-004
   0.3943058093E-004
   0.3943058093E-004
   0.3943058093E-004
   0.3943058093E-004
   0.3943058093E-004
   0.3943058093E-004
   0.3943058093E-004
   0.3943058093E-004
   0.3943058093E-004
   0.3943058093E-004
   0.3943058093E-004
   0.3943058093E-004
   0.3943058093E-004
   0.3943058093E-004
   0.3943058093E-004
   0.3943058093E-004
   0.3943058093E-004
   0.3943058093E-004
   0.3943058093E-004
   0.3943058093E-004
   0.3943058093E-004
   0.3943058093E-004
   0.3943058093E-004
   0.3943058093E-004
   0.3943058093E-004
   0.3943058093E-004
   0.3943058093E-004
   0.3943058093E-004
   0.3943058093E-004
   0.3943058093E-004
   0.3943058093E-004
   0.3943058093E-004
   0.3943058093E-004
   0.3943058093E-004
   0.3943058093E-004
   0.3943058093E-004
   0.3943058093E-004
   0.3943058093E-004
   0.3943058093E-004
   0.3943058093E-004
   0.3943058093E-004
   0.3943058093E-004
   0.3943058093E-004
   0.3943058093E-004
   0.3943058093E-004
   0.3943058093E-004
   0.3943058093E-004
   0.3943058093E-004
   0.3943058093E-004
   0.3943058093E-004
   0.3943058093E-004
   0.3943058093E-004
   0.3943058093E-004
   0.3943058093E-004
   0.3943058093E-004
   0.3943058093E-004
   0.3943058093E-004
   0.3943058093E-004
   0.3943058093E-004
   0.3943058093E-004
   0.3943058093E-004
   0.3943058093E-004
   0.3943058093E-004
   0.3943058093E-004
   0.3943058093E-004
   0.3943058093E-004
   0.3943058093E-004
   0.3943058093E-004
   0.3943058093E-004
   0.3943058093E-004
   0.3943058093E-004
   0.3943058093E-004
   0.3943058093E-004
   0.3943058093E-004
   0.3943058093E-004
   0.3943058093E-004
   0.3943058093E-004
   0.3943058093E-004
   0.3943058093E-004
   0.3943058093E-004
   0.3943058093E-004
   0.3943058093E-004
   0.3943058093E-004
   0.3943058093E-004
   0.3943058093E-004
   0.3943058093E-004
   0.3943058093E-004
   0.3943058093E-004
   0.3943058093E-004
   0.3943058093E-004
   0.3943058093E-004
   0.3943058093E-004
   0.3943058093E-004
   0.3943058093E-004
   0.3943058093E-004
   0.3943058093E-004
   0.3943058093E-004
   0.3943058093E-004
   0.3943058093E-004
   0.3943058093E-004
   0.3943058093E-004
   0.3943058093E-004
   0.3943058093E-004
   0.3943058093E-004
   0.3943058093E-004
   0.3943058093E-004
   0.3943058093E-004
   0.3943058093E-004
   0.3943058093E-004
   0.3943058093E-004
   0.3943058093E-004
   0.3943058093E-004
   0.3943058093E-004
   0.3943058093E-004
   0.3943058093E-004
   0.3943058093E-004
   0.3943058093E-004
   0.3943058093E-004
   0.3943058093E-004
   0.3943058093E-004
   0.3943058093E-004
   0.3943058093E-004
   0.3943058093E-004
   0.3943058093E-004
   0.3943058093E-004
   0.3943058093E-004
   0.3943058093E-004
   0.3943058093E-004
   0.3943058093E-004
   0.3943058093E-004
   0.3943058093E-004
   0.3943058093E-004
   0.3943058093E-004
   0.3943058093E-004
   0.3943058093E-004
   0.3943058093E-004
   0.3943058093E-004
   0.3943058093E-004
   0.3943058093E-004
   0.3943058093E-004
   0.3943058093E-004
   0.3943058093E-004
   0.3943058093E-004
   0.3943058093E-004
   0.3943058093E-004
   0.3943058093E-004
   0.3943058093E-004
   0.3943058093E-004
   0.3943058093E-004
   0.3943058093E-004
   0.3943058093E-004
   0.3943058093E-004
   0.3943058093E-004
   0.3943058093E-004
   0.3943058093E-004
   0.3943058093E-004
   0.3943058093E-004
   0.3943058093E-004
   0.3943058093E-004
   0.3943058093E-004
   0.3943058093E-004
   0.3943058093E-004
   0.3943058093E-004
   0.3943058093E-004
   0.3943058093E-004
   0.3943058093E-004
   0.3943058093E-004
   0.3943058093E-004
   0.3943058093E-004
   0.3943058093E-004
   0.3943058093E-004
   0.3943058093E-004
   0.3943058093E-004
   0.3943058093E-004
   0.3943058093E-004
   0.3943058093E-004
   0.3943058093E-004
   0.3943058093E-004
   0.3943058093E-004
   0.3943058093E-004
   0.3943058093E-004
   0.3943058093E-004
   0.3943058093E-004
   0.3943058093E-004
   0.3943058093E-004
   0.3943058093E-004
   0.3943058093E-004
   0.3943058093E-004
   0.3943058093E-004
   0.3943058093E-004
   0.3943058093E-004
   0.3943058093E-004
   0.3943058093E-004
   0.3943058093E-004
   0.3943058093E-004
   0.3943058093E-004
   0.3943058093E-004
   0.3943058093E-004
   0.3943058093E-004
   0.3943058093E-004
   0.3943058093E-004
   0.3943058093E-004
   0.3943058093E-004
   0.3943058093E-004
   0.3943058093E-004
   0.3943058093E-004
   0.3943058093E-004
   0.3943058093E-004
   0.3943058093E-004
   0.3943058093E-004
   0.3943058093E-004
   0.3943058093E-004
   0.3943058093E-004
   0.3943058093E-004
   0.3943058093E-004
   0.3943058093E-004
   0.3943058093E-004
   0.3943058093E-004
   0.3943058093E-004
   0.3943058093E-004
   0.3943058093E-004
   0.3943058093E-004
   0.3943058093E-004
   0.3943058093E-004
   0.3943058093E-004
   0.3943058093E-004
   0.3943058093E-004
   0.3943058093E-004
   0.3943058093E-004
   0.3943058093E-004
   0.3943058093E-004
   0.3943058093E-004
   0.3943058093E-004
   0.3943058093E-004
   0.3943058093E-004
   0.3943058093E-004
   0.3943058093E-004
   0.3943058093E-004
   0.3943058093E-004
   0.3943058093E-004
   0.3943058093E-004
   0.3943058093E-004
   0.3943058093E-004
   0.3943058093E-004
   0.3943058093E-004
   0.3943058093E-004
   0.3943058093E-004
   0.3943058093E-004
   0.3943058093E-004
   0.3943058093E-004
   0.3943058093E-004
   0.3943058093E-004
   0.3943058093E-004
   0.3943058093E-004
   0.3943058093E-004
   0.3943058093E-004
   0.3943058093E-004
   0.3943058093E-004
   0.3943058093E-004
   0.3943058093E-004
   0.3943058093E-004
   0.3943058093E-004
   0.3943058093E-004
   0.3943058093E-004
   0.3943058093E-004
   0.3943058093E-004
   0.3943058093E-004
   0.3943058093E-004
   0.3943058093E-004
   0.3943058093E-004
   0.3943058093E-004
   0.3943058093E-004
   0.3943058093E-004
   0.3943058093E-004
   0.3943058093E-004
   0.3943058093E-004
   0.3943058093E-004
   0.3943058093E-004
   0.3943058093E-004
   0.3943058093E-004
   0.3943058093E-004
   0.3943058093E-004
   0.3943058093E-004
   0.3943058093E-004
   0.3943058093E-004
   0.3943058093E-004
   0.3943058093E-004
   0.3943058093E-004
   0.3943058093E-004
   0.3943058093E-004
   0.3943058093E-004
   0.3943058093E-004
   0.3943058093E-004
   0.3943058093E-004
   0.3943058093E-004
   0.3943058093E-004
   0.3943058093E-004
   0.3943058093E-004
   0.3943058093E-004
   0.3943058093E-004
   0.3943058093E-004
   0.3943058093E-004
   0.3943058093E-004
   0.3943058093E-004
   0.3943058093E-004
   0.3943058093E-004
   0.3943058093E-004
   0.3943058093E-004
   0.3943058093E-004
   0.3943058093E-004
   0.3943058093E-004
   0.3943058093E-004
   0.3943058093E-004
   0.3943058093E-004
   0.3943058093E-004
   0.3943058093E-004
   0.3943058093E-004
   0.3943058093E-004
   0.3943058093E-004
   0.3943058093E-004
   0.3943058093E-004
   0.3943058093E-004
   0.3943058093E-004
   0.3943058093E-004
   0.3943058093E-004
   0.3943058093E-004
   0.3943058093E-004
   0.3943058093E-004
   0.3943058093E-004
   0.3943058093E-004
   0.3943058093E-004
   0.3943058093E-004
   0.3943058093E-004
   0.3943058093E-004
   0.3943058093E-004
   0.3943058093E-004
   0.3943058093E-004
   0.3943058093E-004
   0.3943058093E-004
   0.3943058093E-004
   0.3943058093E-004
   0.3943058093E-004
   0.3943058093E-004
   0.3943058093E-004
   0.3943058093E-004
   0.3943058093E-004
   0.3943058093E-004
   0.3943058093E-004
   0.3943058093E-004
   0.3943058093E-004
   0.3943058093E-004
   0.3943058093E-004
   0.3943058093E-004
   0.3943058093E-004
   0.3943058093E-004
   0.3943058093E-004
   0.3943058093E-004
   0.3943058093E-004
   0.3943058093E-004
   0.3943058093E-004
   0.3943058093E-004
   0.3943058093E-004
   0.3943058093E-004
   0.3943058093E-004
   0.3943058093E-004
   0.3943058093E-004
   0.3943058093E-004
   0.3943058093E-004
   0.3943058093E-004
   0.3943058093E-004
   0.3943058093E-004
   0.3943058093E-004
   0.3943058093E-004
   0.3943058093E-004
   0.3943058093E-004
   0.3943058093E-004
   0.3943058093E-004
   0.3943058093E-004
   0.3943058093E-004
   0.3943058093E-004
   0.3943058093E-004
   0.3943058093E-004
   0.3943058093E-004
   0.3943058093E-004
   0.3943058093E-004
   0.3943058093E-004
   0.3943058093E-004
   0.3943058093E-004
   0.3943058093E-004
   0.3943058093E-004
   0.3943058093E-004
   0.3943058093E-004
   0.3943058093E-004
   0.3943058093E-004
   0.3943058093E-004
   0.3943058093E-004
   0.3943058093E-004
   0.3943058093E-004
   0.3943058093E-004
   0.3943058093E-004
   0.3943058093E-004
   0.3943058093E-004
   0.3943058093E-004
   0.3943058093E-004
   0.3943058093E-004
   0.3943058093E-004
   0.3943058093E-004
   0.3943058093E-004
   0.3943058093E-004
   0.3943058093E-004
   0.3943058093E-004
   0.3943058093E-004
   0.3943058093E-004
   0.3943058093E-004
   0.3943058093E-004
   0.3943058093E-004
   0.3943058093E-004
   0.3943058093E-004
   0.3943058093E-004
   0.3943058093E-004
   0.3943058093E-004
   0.3943058093E-004
   0.3943058093E-004
   0.3943058093E-004
   0.3943058093E-004
   0.3943058093E-004
   0.3943058093E-004
   0.3943058093E-004
   0.3943058093E-004
   0.3943058093E-004
   0.3943058093E-004
   0.3943058093E-004
   0.3943058093E-004
   0.3943058093E-004
   0.3943058093E-004
   0.3943058093E-004
   0.3943058093E-004
   0.3943058093E-004
   0.3943058093E-004
   0.3943058093E-004
   0.3943058093E-004
   0.3943058093E-004
   0.3943058093E-004
   0.3943058093E-004
   0.3943058093E-004
   0.3943058093E-004
   0.3943058093E-004
   0.3943058093E-004
   0.3943058093E-004
   0.3943058093E-004
   0.3943058093E-004
   0.3943058093E-004
   0.3943058093E-004
   0.3943058093E-004
   0.3943058093E-004
   0.3943058093E-004
   0.3943058093E-004
   0.3943058093E-004
   0.3943058093E-004
   0.3943058093E-004
   0.3943058093E-004
   0.3943058093E-004
   0.3943058093E-004
   0.3943058093E-004
   0.3943058093E-004
   0.3943058093E-004
   0.3943058093E-004
   0.3943058093E-004
   0.3943058093E-004
   0.3943058093E-004
   0.3943058093E-004
   0.3943058093E-004
   0.3943058093E-004
   0.3943058093E-004
   0.3943058093E-004
   0.3943058093E-004
   0.3943058093E-004
   0.3943058093E-004
   0.3943058093E-004
   0.3943058093E-004
   0.3943058093E-004
   0.3943058093E-004
   0.3943058093E-004
   0.3943058093E-004
   0.3943058093E-004
   0.3943058093E-004
   0.3943058093E-004
   0.3943058093E-004
   0.3943058093E-004
   0.3943058093E-004
   0.3943058093E-004
   0.3943058093E-004
   0.3943058093E-004
   0.3943058093E-004
   0.3943058093E-004
   0.3943058093E-004
   0.3943058093E-004
   0.3943058093E-004
   0.3943058093E-004
   0.3943058093E-004
   0.3943058093E-004
   0.3943058093E-004
   0.3943058093E-004
   0.3943058093E-004
   0.3943058093E-004
   0.3943058093E-004
   0.3943058093E-004
   0.3943058093E-004
   0.3943058093E-004
   0.3943058093E-004
   0.3943058093E-004
   0.3943058093E-004
   0.3943058093E-004
   0.3943058093E-004
   0.3943058093E-004
   0.3943058093E-004
   0.3943058093E-004
   0.3943058093E-004
   0.3943058093E-004
   0.3943058093E-004
   0.3943058093E-004
   0.3943058093E-004
   0.3943058093E-004
   0.3943058093E-004
   0.3943058093E-004
   0.3943058093E-004
   0.3943058093E-004
   0.3943058093E-004
   0.3943058093E-004
   0.3943058093E-004
   0.3943058093E-004
   0.3943058093E-004
   0.3943058093E-004
   0.3943058093E-004
   0.3943058093E-004
   0.3943058093E-004
   0.3943058093E-004
   0.3943058093E-004
   0.3943058093E-004
   0.3943058093E-004
   0.3943058093E-004
   0.3943058093E-004
   0.3943058093E-004
   0.3943058093E-004
   0.3943058093E-004
   0.3943058093E-004
   0.3943058093E-004
   0.3943058093E-004
   0.3943058093E-004
   0.3943058093E-004
   0.3943058093E-004
   0.3943058093E-004
   0.3943058093E-004
   0.3943058093E-004
   0.3943058093E-004
   0.3943058093E-004
   0.3943058093E-004
   0.3943058093E-004
   0.3943058093E-004
   0.3943058093E-004
   0.3943058093E-004
   0.3943058093E-004
   0.3943058093E-004
   0.3943058093E-004
   0.3943058093E-004
   0.3943058093E-004
   0.3943058093E-004
   0.3943058093E-004
   0.3943058093E-004
   0.3943058093E-004
   0.3943058093E-004
   0.3943058093E-004
   0.3943058093E-004
   0.3943058093E-004
   0.3943058093E-004
   0.3943058093E-004
   0.3943058093E-004
   0.3943058093E-004
   0.3943058093E-004
   0.3943058093E-004
   0.3943058093E-004
   0.3943058093E-004
   0.3943058093E-004
   0.3943058093E-004
   0.3943058093E-004
   0.3943058093E-004
   0.3943058093E-004
   0.3943058093E-004
   0.3943058093E-004
   0.3943058093E-004
   0.3943058093E-004
   0.3943058093E-004
   0.3943058093E-004
   0.3943058093E-004
   0.3943058093E-004
   0.3943058093E-004
   0.3943058093E-004
   0.3943058093E-004
   0.3943058093E-004
   0.3943058093E-004
   0.3943058093E-004
   0.3943058093E-004
   0.3943058093E-004
   0.3943058093E-004
   0.3943058093E-004
   0.3943058093E-004
   0.3943058093E-004
   0.3943058093E-004
   0.3943058093E-004
   0.3943058093E-004
   0.3943058093E-004
   0.3943058093E-004
   0.3943058093E-004
   0.3943058093E-004
   0.3943058093E-004
   0.3943058093E-004
   0.3943058093E-004
   0.3943058093E-004
   0.3943058093E-004
   0.3943058093E-004
   0.3943058093E-004
   0.3943058093E-004
   0.3943058093E-004
   0.3943058093E-004
   0.3943058093E-004
   0.3943058093E-004
   0.3943058093E-004
   0.3943058093E-004
   0.3943058093E-004
   0.3943058093E-004
   0.3943058093E-004
   0.3943058093E-004
   0.3943058093E-004
   0.3943058093E-004
   0.3943058093E-004
   0.3943058093E-004
   0.3943058093E-004
   0.3943058093E-004
   0.3943058093E-004
   0.3943058093E-004
   0.3943058093E-004
   0.3943058093E-004
   0.3943058093E-004
   0.3943058093E-004
   0.3943058093E-004
   0.3943058093E-004
   0.3943058093E-004
   0.3943058093E-004
   0.3943058093E-004
   0.3943058093E-004
   0.3943058093E-004
   0.3943058093E-004
   0.3943058093E-004
   0.3943058093E-004
   0.3943058093E-004
   0.3943058093E-004
   0.3943058093E-004
   0.3943058093E-004
   0.3943058093E-004
   0.3943058093E-004
   0.3943058093E-004
   0.3943058093E-004
   0.3943058093E-004
   0.3943058093E-004
   0.3943058093E-004
   0.3943058093E-004
   0.3943058093E-004
   0.3943058093E-004
   0.3943058093E-004
   0.3943058093E-004
   0.3943058093E-004
   0.3943058093E-004
   0.3943058093E-004
   0.3943058093E-004
   0.3943058093E-004
   0.3943058093E-004
   0.3943058093E-004
   0.3943058093E-004
   0.3943058093E-004
   0.3943058093E-004
   0.3943058093E-004
   0.3943058093E-004
   0.3943058093E-004
   0.3943058093E-004
   0.3943058093E-004
   0.3943058093E-004
   0.3943058093E-004
   0.3943058093E-004
   0.3943058093E-004
   0.3943058093E-004
   0.3943058093E-004
   0.3943058093E-004
   0.3943058093E-004
   0.3943058093E-004
   0.3943058093E-004
   0.3943058093E-004
   0.3943058093E-004
   0.3943058093E-004
   0.3943058093E-004
   0.3943058093E-004
   0.3943058093E-004
   0.3943058093E-004
   0.3943058093E-004
   0.3943058093E-004
   0.3943058093E-004
   0.3943058093E-004
   0.3943058093E-004
   0.3943058093E-004
   0.3943058093E-004
   0.3943058093E-004
   0.3943058093E-004
