   0.4641275122E-003
   0.4641279390E-003
   0.4641286767E-003
   0.4641299275E-003
   0.4641320261E-003
   0.4641355115E-003
   0.4641399822E-003
   0.4641454331E-003
   0.4641576241E-003
   0.4641600471E-003
   0.4641615035E-003
   0.4641623204E-003
   0.4641627562E-003
   0.4641629817E-003
   0.4641630964E-003
   0.4641631543E-003
   0.4641631834E-003
   0.4641631979E-003
   0.4641632052E-003
   0.4641632089E-003
   0.4641632107E-003
   0.4641632116E-003
   0.4641632121E-003
   0.4641632123E-003
   0.4641632124E-003
   0.4641632125E-003
   0.4641632125E-003
   0.4641632125E-003
   0.4641632125E-003
   0.4641632125E-003
   0.4641632125E-003
   0.4641632125E-003
   0.4641632125E-003
   0.4641632125E-003
   0.4641632125E-003
   0.4641632125E-003
   0.4641632125E-003
   0.4641632125E-003
   0.4641632125E-003
   0.4641632125E-003
   0.4641632125E-003
   0.4641632125E-003
   0.4641632125E-003
   0.4641632125E-003
   0.4641632125E-003
   0.4641632125E-003
   0.4641632125E-003
   0.4641632125E-003
   0.4641632125E-003
   0.4641632125E-003
   0.4641632125E-003
   0.4641632125E-003
   0.4641632125E-003
   0.4641632125E-003
   0.4641632125E-003
   0.4641632125E-003
   0.4641632125E-003
   0.4641632125E-003
   0.4641632125E-003
   0.4641632125E-003
   0.4641632125E-003
   0.4641632125E-003
   0.4641632125E-003
   0.4641632125E-003
   0.4641632125E-003
   0.4641632125E-003
   0.4641632125E-003
   0.4641632125E-003
   0.4641632125E-003
   0.4641632125E-003
   0.4641632125E-003
   0.4641632125E-003
   0.4641632125E-003
   0.4641632125E-003
   0.4641632125E-003
   0.4641632125E-003
   0.4641632125E-003
   0.4641632125E-003
   0.4641632125E-003
   0.4641632125E-003
   0.4641632125E-003
   0.4641632125E-003
   0.4641632125E-003
   0.4641632125E-003
   0.4641632125E-003
   0.4641632125E-003
   0.4641632125E-003
   0.4641632125E-003
   0.4641632125E-003
   0.4641632125E-003
   0.4641632125E-003
   0.4641632125E-003
   0.4641632125E-003
   0.4641632125E-003
   0.4641632125E-003
   0.4641632125E-003
   0.4641632125E-003
   0.4641632125E-003
   0.4641632125E-003
   0.4641632125E-003
   0.4641632125E-003
   0.4641632125E-003
   0.4641632125E-003
   0.4641632125E-003
   0.4641632125E-003
   0.4641632125E-003
   0.4641632125E-003
   0.4641632125E-003
   0.4641632125E-003
   0.4641632125E-003
   0.4641632125E-003
   0.4641632125E-003
   0.4641632125E-003
   0.4641632125E-003
   0.4641632125E-003
   0.4641632125E-003
   0.4641632125E-003
   0.4641632125E-003
   0.4641632125E-003
   0.4641632125E-003
   0.4641632125E-003
   0.4641632125E-003
   0.4641632125E-003
   0.4641632125E-003
   0.4641632125E-003
   0.4641632125E-003
   0.4641632125E-003
   0.4641632125E-003
   0.4641632125E-003
   0.4641632125E-003
   0.4641632125E-003
   0.4641632125E-003
   0.4641632125E-003
   0.4641632125E-003
   0.4641632125E-003
   0.4641632125E-003
   0.4641632125E-003
   0.4641632125E-003
   0.4641632125E-003
   0.4641632125E-003
   0.4641632125E-003
   0.4641632125E-003
   0.4641632125E-003
   0.4641632125E-003
   0.4641632125E-003
   0.4641632125E-003
   0.4641632125E-003
   0.4641632125E-003
   0.4641632125E-003
   0.4641632125E-003
   0.4641632125E-003
   0.4641632125E-003
   0.4641632125E-003
   0.4641632125E-003
   0.4641632125E-003
   0.4641632125E-003
   0.4641632125E-003
   0.4641632125E-003
   0.4641632125E-003
   0.4641632125E-003
   0.4641632125E-003
   0.4641632125E-003
   0.4641632125E-003
   0.4641632125E-003
   0.4641632125E-003
   0.4641632125E-003
   0.4641632125E-003
   0.4641632125E-003
   0.4641632125E-003
   0.4641632125E-003
   0.4641632125E-003
   0.4641632125E-003
   0.4641632125E-003
   0.4641632125E-003
   0.4641632125E-003
   0.4641632125E-003
   0.4641632125E-003
   0.4641632125E-003
   0.4641632125E-003
   0.4641632125E-003
   0.4641632125E-003
   0.4641632125E-003
   0.4641632125E-003
   0.4641632125E-003
   0.4641632125E-003
   0.4641632125E-003
   0.4641632125E-003
   0.4641632125E-003
   0.4641632125E-003
   0.4641632125E-003
   0.4641632125E-003
   0.4641632125E-003
   0.4641632125E-003
   0.4641632125E-003
   0.4641632125E-003
   0.4641632125E-003
   0.4641632125E-003
   0.4641632125E-003
   0.4641632125E-003
   0.4641632125E-003
   0.4641632125E-003
   0.4641632125E-003
   0.4641632125E-003
   0.4641632125E-003
   0.4641632125E-003
   0.4641632125E-003
   0.4641632125E-003
   0.4641632125E-003
   0.4641632125E-003
   0.4641632125E-003
   0.4641632125E-003
   0.4641632125E-003
   0.4641632125E-003
   0.4641632125E-003
   0.4641632125E-003
   0.4641632125E-003
   0.4641632125E-003
   0.4641632125E-003
   0.4641632125E-003
   0.4641632125E-003
   0.4641632125E-003
   0.4641632125E-003
   0.4641632125E-003
   0.4641632125E-003
   0.4641632125E-003
   0.4641632125E-003
   0.4641632125E-003
   0.4641632125E-003
   0.4641632125E-003
   0.4641632125E-003
   0.4641632125E-003
   0.4641632125E-003
   0.4641632125E-003
   0.4641632125E-003
   0.4641632125E-003
   0.4641632125E-003
   0.4641632125E-003
   0.4641632125E-003
   0.4641632125E-003
   0.4641632125E-003
   0.4641632125E-003
   0.4641632125E-003
   0.4641632125E-003
   0.4641632125E-003
   0.4641632125E-003
   0.4641632125E-003
   0.4641632125E-003
   0.4641632125E-003
   0.4641632125E-003
   0.4641632125E-003
   0.4641632125E-003
   0.4641632125E-003
   0.4641632125E-003
   0.4641632125E-003
   0.4641632125E-003
   0.4641632125E-003
   0.4641632125E-003
   0.4641632125E-003
   0.4641632125E-003
   0.4641632125E-003
   0.4641632125E-003
   0.4641632125E-003
   0.4641632125E-003
   0.4641632125E-003
   0.4641632125E-003
   0.4641632125E-003
   0.4641632125E-003
   0.4641632125E-003
   0.4641632125E-003
   0.4641632125E-003
   0.4641632125E-003
   0.4641632125E-003
   0.4641632125E-003
   0.4641632125E-003
   0.4641632125E-003
   0.4641632125E-003
   0.4641632125E-003
   0.4641632125E-003
   0.4641632125E-003
   0.4641632125E-003
   0.4641632125E-003
   0.4641632125E-003
   0.4641632125E-003
   0.4641632125E-003
   0.4641632125E-003
   0.4641632125E-003
   0.4641632125E-003
   0.4641632125E-003
   0.4641632125E-003
   0.4641632125E-003
   0.4641632125E-003
   0.4641632125E-003
   0.4641632125E-003
   0.4641632125E-003
   0.4641632125E-003
   0.4641632125E-003
   0.4641632125E-003
   0.4641632125E-003
   0.4641632125E-003
   0.4641632125E-003
   0.4641632125E-003
   0.4641632125E-003
   0.4641632125E-003
   0.4641632125E-003
   0.4641632125E-003
   0.4641632125E-003
   0.4641632125E-003
   0.4641632125E-003
   0.4641632125E-003
   0.4641632125E-003
   0.4641632125E-003
   0.4641632125E-003
   0.4641632125E-003
   0.4641632125E-003
   0.4641632125E-003
   0.4641632125E-003
   0.4641632125E-003
   0.4641632125E-003
   0.4641632125E-003
   0.4641632125E-003
   0.4641632125E-003
   0.4641632125E-003
   0.4641632125E-003
   0.4641632125E-003
   0.4641632125E-003
   0.4641632125E-003
   0.4641632125E-003
   0.4641632125E-003
   0.4641632125E-003
   0.4641632125E-003
   0.4641632125E-003
   0.4641632125E-003
   0.4641632125E-003
   0.4641632125E-003
   0.4641632125E-003
   0.4641632125E-003
   0.4641632125E-003
   0.4641632125E-003
   0.4641632125E-003
   0.4641632125E-003
   0.4641632125E-003
   0.4641632125E-003
   0.4641632125E-003
   0.4641632125E-003
   0.4641632125E-003
   0.4641632125E-003
   0.4641632125E-003
   0.4641632125E-003
   0.4641632125E-003
   0.4641632125E-003
   0.4641632125E-003
   0.4641632125E-003
   0.4641632125E-003
   0.4641632125E-003
   0.4641632125E-003
   0.4641632125E-003
   0.4641632125E-003
   0.4641632125E-003
   0.4641632125E-003
   0.4641632125E-003
   0.4641632125E-003
   0.4641632125E-003
   0.4641632125E-003
   0.4641632125E-003
   0.4641632125E-003
   0.4641632125E-003
   0.4641632125E-003
   0.4641632125E-003
   0.4641632125E-003
   0.4641632125E-003
   0.4641632125E-003
   0.4641632125E-003
   0.4641632125E-003
   0.4641632125E-003
   0.4641632125E-003
   0.4641632125E-003
   0.4641632125E-003
   0.4641632125E-003
   0.4641632125E-003
   0.4641632125E-003
   0.4641632125E-003
   0.4641632125E-003
   0.4641632125E-003
   0.4641632125E-003
   0.4641632125E-003
   0.4641632125E-003
   0.4641632125E-003
   0.4641632125E-003
   0.4641632125E-003
   0.4641632125E-003
   0.4641632125E-003
   0.4641632125E-003
   0.4641632125E-003
   0.4641632125E-003
   0.4641632125E-003
   0.4641632125E-003
   0.4641632125E-003
   0.4641632125E-003
   0.4641632125E-003
   0.4641632125E-003
   0.4641632125E-003
   0.4641632125E-003
   0.4641632125E-003
   0.4641632125E-003
   0.4641632125E-003
   0.4641632125E-003
   0.4641632125E-003
   0.4641632125E-003
   0.4641632125E-003
   0.4641632125E-003
   0.4641632125E-003
   0.4641632125E-003
   0.4641632125E-003
   0.4641632125E-003
   0.4641632125E-003
   0.4641632125E-003
   0.4641632125E-003
   0.4641632125E-003
   0.4641632125E-003
   0.4641632125E-003
   0.4641632125E-003
   0.4641632125E-003
   0.4641632125E-003
   0.4641632125E-003
   0.4641632125E-003
   0.4641632125E-003
   0.4641632125E-003
   0.4641632125E-003
   0.4641632125E-003
   0.4641632125E-003
   0.4641632125E-003
   0.4641632125E-003
   0.4641632125E-003
   0.4641632125E-003
   0.4641632125E-003
   0.4641632125E-003
   0.4641632125E-003
   0.4641632125E-003
   0.4641632125E-003
   0.4641632125E-003
   0.4641632125E-003
   0.4641632125E-003
   0.4641632125E-003
   0.4641632125E-003
   0.4641632125E-003
   0.4641632125E-003
   0.4641632125E-003
   0.4641632125E-003
   0.4641632125E-003
   0.4641632125E-003
   0.4641632125E-003
   0.4641632125E-003
   0.4641632125E-003
   0.4641632125E-003
   0.4641632125E-003
   0.4641632125E-003
   0.4641632125E-003
   0.4641632125E-003
   0.4641632125E-003
   0.4641632125E-003
   0.4641632125E-003
   0.4641632125E-003
   0.4641632125E-003
   0.4641632125E-003
   0.4641632125E-003
   0.4641632125E-003
   0.4641632125E-003
   0.4641632125E-003
   0.4641632125E-003
   0.4641632125E-003
   0.4641632125E-003
   0.4641632125E-003
   0.4641632125E-003
   0.4641632125E-003
   0.4641632125E-003
   0.4641632125E-003
   0.4641632125E-003
   0.4641632125E-003
   0.4641632125E-003
   0.4641632125E-003
   0.4641632125E-003
   0.4641632125E-003
   0.4641632125E-003
   0.4641632125E-003
   0.4641632125E-003
   0.4641632125E-003
   0.4641632125E-003
   0.4641632125E-003
   0.4641632125E-003
   0.4641632125E-003
   0.4641632125E-003
   0.4641632125E-003
   0.4641632125E-003
   0.4641632125E-003
   0.4641632125E-003
   0.4641632125E-003
   0.4641632125E-003
   0.4641632125E-003
   0.4641632125E-003
   0.4641632125E-003
   0.4641632125E-003
   0.4641632125E-003
   0.4641632125E-003
   0.4641632125E-003
   0.4641632125E-003
   0.4641632125E-003
   0.4641632125E-003
   0.4641632125E-003
   0.4641632125E-003
   0.4641632125E-003
   0.4641632125E-003
   0.4641632125E-003
   0.4641632125E-003
   0.4641632125E-003
   0.4641632125E-003
   0.4641632125E-003
   0.4641632125E-003
   0.4641632125E-003
   0.4641632125E-003
   0.4641632125E-003
   0.4641632125E-003
   0.4641632125E-003
   0.4641632125E-003
   0.4641632125E-003
   0.4641632125E-003
   0.4641632125E-003
   0.4641632125E-003
   0.4641632125E-003
   0.4641632125E-003
   0.4641632125E-003
   0.4641632125E-003
   0.4641632125E-003
   0.4641632125E-003
   0.4641632125E-003
   0.4641632125E-003
   0.4641632125E-003
   0.4641632125E-003
   0.4641632125E-003
   0.4641632125E-003
   0.4641632125E-003
   0.4641632125E-003
   0.4641632125E-003
   0.4641632125E-003
   0.4641632125E-003
   0.4641632125E-003
   0.4641632125E-003
   0.4641632125E-003
   0.4641632125E-003
   0.4641632125E-003
   0.4641632125E-003
   0.4641632125E-003
   0.4641632125E-003
   0.4641632125E-003
   0.4641632125E-003
   0.4641632125E-003
   0.4641632125E-003
   0.4641632125E-003
   0.4641632125E-003
   0.4641632125E-003
   0.4641632125E-003
   0.4641632125E-003
   0.4641632125E-003
   0.4641632125E-003
   0.4641632125E-003
   0.4641632125E-003
   0.4641632125E-003
   0.4641632125E-003
   0.4641632125E-003
   0.4641632125E-003
   0.4641632125E-003
   0.4641632125E-003
   0.4641632125E-003
   0.4641632125E-003
   0.4641632125E-003
   0.4641632125E-003
   0.4641632125E-003
   0.4641632125E-003
   0.4641632125E-003
   0.4641632125E-003
   0.4641632125E-003
   0.4641632125E-003
   0.4641632125E-003
   0.4641632125E-003
   0.4641632125E-003
   0.4641632125E-003
   0.4641632125E-003
   0.4641632125E-003
   0.4641632125E-003
   0.4641632125E-003
   0.4641632125E-003
   0.4641632125E-003
   0.4641632125E-003
   0.4641632125E-003
   0.4641632125E-003
   0.4641632125E-003
   0.4641632125E-003
   0.4641632125E-003
   0.4641632125E-003
   0.4641632125E-003
   0.4641632125E-003
   0.4641632125E-003
   0.4641632125E-003
   0.4641632125E-003
   0.4641632125E-003
   0.4641632125E-003
   0.4641632125E-003
   0.4641632125E-003
   0.4641632125E-003
   0.4641632125E-003
   0.4641632125E-003
   0.4641632125E-003
   0.4641632125E-003
   0.4641632125E-003
   0.4641632125E-003
   0.4641632125E-003
   0.4641632125E-003
   0.4641632125E-003
   0.4641632125E-003
   0.4641632125E-003
   0.4641632125E-003
   0.4641632125E-003
   0.4641632125E-003
   0.4641632125E-003
   0.4641632125E-003
   0.4641632125E-003
   0.4641632125E-003
   0.4641632125E-003
   0.4641632125E-003
   0.4641632125E-003
   0.4641632125E-003
   0.4641632125E-003
   0.4641632125E-003
   0.4641632125E-003
   0.4641632125E-003
   0.4641632125E-003
   0.4641632125E-003
   0.4641632125E-003
   0.4641632125E-003
   0.4641632125E-003
   0.4641632125E-003
   0.4641632125E-003
   0.4641632125E-003
   0.4641632125E-003
   0.4641632125E-003
   0.4641632125E-003
   0.4641632125E-003
   0.4641632125E-003
   0.4641632125E-003
   0.4641632125E-003
   0.4641632125E-003
   0.4641632125E-003
   0.4641632125E-003
   0.4641632125E-003
   0.4641632125E-003
   0.4641632125E-003
   0.4641632125E-003
   0.4641632125E-003
   0.4641632125E-003
   0.4641632125E-003
   0.4641632125E-003
   0.4641632125E-003
   0.4641632125E-003
   0.4641632125E-003
   0.4641632125E-003
   0.4641632125E-003
   0.4641632125E-003
   0.4641632125E-003
   0.4641632125E-003
   0.4641632125E-003
   0.4641632125E-003
   0.4641632125E-003
   0.4641632125E-003
   0.4641632125E-003
   0.4641632125E-003
   0.4641632125E-003
   0.4641632125E-003
   0.4641632125E-003
   0.4641632125E-003
   0.4641632125E-003
   0.4641632125E-003
   0.4641632125E-003
   0.4641632125E-003
   0.4641632125E-003
   0.4641632125E-003
   0.4641632125E-003
   0.4641632125E-003
   0.4641632125E-003
   0.4641632125E-003
   0.4641632125E-003
   0.4641632125E-003
   0.4641632125E-003
   0.4641632125E-003
   0.4641632125E-003
   0.4641632125E-003
   0.4641632125E-003
   0.4641632125E-003
   0.4641632125E-003
   0.4641632125E-003
   0.4641632125E-003
   0.4641632125E-003
   0.4641632125E-003
   0.4641632125E-003
   0.4641632125E-003
   0.4641632125E-003
   0.4641632125E-003
   0.4641632125E-003
   0.4641632125E-003
   0.4641632125E-003
   0.4641632125E-003
   0.4641632125E-003
   0.4641632125E-003
   0.4641632125E-003
   0.4641632125E-003
   0.4641632125E-003
   0.4641632125E-003
   0.4641632125E-003
   0.4641632125E-003
   0.4641632125E-003
   0.4641632125E-003
   0.4641632125E-003
   0.4641632125E-003
   0.4641632125E-003
   0.4641632125E-003
   0.4641632125E-003
   0.4641632125E-003
   0.4641632125E-003
   0.4641632125E-003
   0.4641632125E-003
   0.4641632125E-003
   0.4641632125E-003
   0.4641632125E-003
   0.4641632125E-003
   0.4641632125E-003
   0.4641632125E-003
   0.4641632125E-003
   0.4641632125E-003
   0.4641632125E-003
   0.4641632125E-003
   0.4641632125E-003
   0.4641632125E-003
   0.4641632125E-003
   0.4641632125E-003
   0.4641632125E-003
   0.4641632125E-003
   0.4641632125E-003
   0.4641632125E-003
   0.4641632125E-003
   0.4641632125E-003
   0.4641632125E-003
   0.4641632125E-003
   0.4641632125E-003
   0.4641632125E-003
   0.4641632125E-003
   0.4641632125E-003
   0.4641632125E-003
   0.4641632125E-003
   0.4641632125E-003
   0.4641632125E-003
   0.4641632125E-003
   0.4641632125E-003
   0.4641632125E-003
   0.4641632125E-003
   0.4641632125E-003
   0.4641632125E-003
   0.4641632125E-003
   0.4641632125E-003
   0.4641632125E-003
   0.4641632125E-003
   0.4641632125E-003
   0.4641632125E-003
   0.4641632125E-003
   0.4641632125E-003
   0.4641632125E-003
   0.4641632125E-003
   0.4641632125E-003
   0.4641632125E-003
   0.4641632125E-003
   0.4641632125E-003
   0.4641632125E-003
   0.4641632125E-003
   0.4641632125E-003
   0.4641632125E-003
   0.4641632125E-003
   0.4641632125E-003
   0.4641632125E-003
