   0.4413565985E-004
   0.4413790358E-004
   0.4414014119E-004
   0.4414268862E-004
   0.4414538339E-004
   0.4414783411E-004
   0.4415000372E-004
   0.4415188329E-004
   0.4415444722E-004
   0.4415485178E-004
   0.4415508181E-004
   0.4415520680E-004
   0.4415527232E-004
   0.4415530591E-004
   0.4415532293E-004
   0.4415533149E-004
   0.4415533579E-004
   0.4415533794E-004
   0.4415533902E-004
   0.4415533956E-004
   0.4415533983E-004
   0.4415533996E-004
   0.4415534003E-004
   0.4415534006E-004
   0.4415534008E-004
   0.4415534009E-004
   0.4415534009E-004
   0.4415534009E-004
   0.4415534009E-004
   0.4415534009E-004
   0.4415534010E-004
   0.4415534010E-004
   0.4415534010E-004
   0.4415534010E-004
   0.4415534010E-004
   0.4415534010E-004
   0.4415534010E-004
   0.4415534010E-004
   0.4415534010E-004
   0.4415534010E-004
   0.4415534010E-004
   0.4415534010E-004
   0.4415534010E-004
   0.4415534010E-004
   0.4415534010E-004
   0.4415534010E-004
   0.4415534010E-004
   0.4415534010E-004
   0.4415534010E-004
   0.4415534010E-004
   0.4415534010E-004
   0.4415534010E-004
   0.4415534010E-004
   0.4415534010E-004
   0.4415534010E-004
   0.4415534010E-004
   0.4415534010E-004
   0.4415534010E-004
   0.4415534010E-004
   0.4415534010E-004
   0.4415534010E-004
   0.4415534010E-004
   0.4415534010E-004
   0.4415534010E-004
   0.4415534010E-004
   0.4415534010E-004
   0.4415534010E-004
   0.4415534010E-004
   0.4415534010E-004
   0.4415534010E-004
   0.4415534010E-004
   0.4415534010E-004
   0.4415534010E-004
   0.4415534010E-004
   0.4415534010E-004
   0.4415534010E-004
   0.4415534010E-004
   0.4415534010E-004
   0.4415534010E-004
   0.4415534010E-004
   0.4415534010E-004
   0.4415534010E-004
   0.4415534010E-004
   0.4415534010E-004
   0.4415534010E-004
   0.4415534010E-004
   0.4415534010E-004
   0.4415534010E-004
   0.4415534010E-004
   0.4415534010E-004
   0.4415534010E-004
   0.4415534010E-004
   0.4415534010E-004
   0.4415534010E-004
   0.4415534010E-004
   0.4415534010E-004
   0.4415534010E-004
   0.4415534010E-004
   0.4415534010E-004
   0.4415534010E-004
   0.4415534010E-004
   0.4415534010E-004
   0.4415534010E-004
   0.4415534010E-004
   0.4415534010E-004
   0.4415534010E-004
   0.4415534010E-004
   0.4415534010E-004
   0.4415534010E-004
   0.4415534010E-004
   0.4415534010E-004
   0.4415534010E-004
   0.4415534010E-004
   0.4415534010E-004
   0.4415534010E-004
   0.4415534010E-004
   0.4415534010E-004
   0.4415534010E-004
   0.4415534010E-004
   0.4415534010E-004
   0.4415534010E-004
   0.4415534010E-004
   0.4415534010E-004
   0.4415534010E-004
   0.4415534010E-004
   0.4415534010E-004
   0.4415534010E-004
   0.4415534010E-004
   0.4415534010E-004
   0.4415534010E-004
   0.4415534010E-004
   0.4415534010E-004
   0.4415534010E-004
   0.4415534010E-004
   0.4415534010E-004
   0.4415534010E-004
   0.4415534010E-004
   0.4415534010E-004
   0.4415534010E-004
   0.4415534010E-004
   0.4415534010E-004
   0.4415534010E-004
   0.4415534010E-004
   0.4415534010E-004
   0.4415534010E-004
   0.4415534010E-004
   0.4415534010E-004
   0.4415534010E-004
   0.4415534010E-004
   0.4415534010E-004
   0.4415534010E-004
   0.4415534010E-004
   0.4415534010E-004
   0.4415534010E-004
   0.4415534010E-004
   0.4415534010E-004
   0.4415534010E-004
   0.4415534010E-004
   0.4415534010E-004
   0.4415534010E-004
   0.4415534010E-004
   0.4415534010E-004
   0.4415534010E-004
   0.4415534010E-004
   0.4415534010E-004
   0.4415534010E-004
   0.4415534010E-004
   0.4415534010E-004
   0.4415534010E-004
   0.4415534010E-004
   0.4415534010E-004
   0.4415534010E-004
   0.4415534010E-004
   0.4415534010E-004
   0.4415534010E-004
   0.4415534010E-004
   0.4415534010E-004
   0.4415534010E-004
   0.4415534010E-004
   0.4415534010E-004
   0.4415534010E-004
   0.4415534010E-004
   0.4415534010E-004
   0.4415534010E-004
   0.4415534010E-004
   0.4415534010E-004
   0.4415534010E-004
   0.4415534010E-004
   0.4415534010E-004
   0.4415534010E-004
   0.4415534010E-004
   0.4415534010E-004
   0.4415534010E-004
   0.4415534010E-004
   0.4415534010E-004
   0.4415534010E-004
   0.4415534010E-004
   0.4415534010E-004
   0.4415534010E-004
   0.4415534010E-004
   0.4415534010E-004
   0.4415534010E-004
   0.4415534010E-004
   0.4415534010E-004
   0.4415534010E-004
   0.4415534010E-004
   0.4415534010E-004
   0.4415534010E-004
   0.4415534010E-004
   0.4415534010E-004
   0.4415534010E-004
   0.4415534010E-004
   0.4415534010E-004
   0.4415534010E-004
   0.4415534010E-004
   0.4415534010E-004
   0.4415534010E-004
   0.4415534010E-004
   0.4415534010E-004
   0.4415534010E-004
   0.4415534010E-004
   0.4415534010E-004
   0.4415534010E-004
   0.4415534010E-004
   0.4415534010E-004
   0.4415534010E-004
   0.4415534010E-004
   0.4415534010E-004
   0.4415534010E-004
   0.4415534010E-004
   0.4415534010E-004
   0.4415534010E-004
   0.4415534010E-004
   0.4415534010E-004
   0.4415534010E-004
   0.4415534010E-004
   0.4415534010E-004
   0.4415534010E-004
   0.4415534010E-004
   0.4415534010E-004
   0.4415534010E-004
   0.4415534010E-004
   0.4415534010E-004
   0.4415534010E-004
   0.4415534010E-004
   0.4415534010E-004
   0.4415534010E-004
   0.4415534010E-004
   0.4415534010E-004
   0.4415534010E-004
   0.4415534010E-004
   0.4415534010E-004
   0.4415534010E-004
   0.4415534010E-004
   0.4415534010E-004
   0.4415534010E-004
   0.4415534010E-004
   0.4415534010E-004
   0.4415534010E-004
   0.4415534010E-004
   0.4415534010E-004
   0.4415534010E-004
   0.4415534010E-004
   0.4415534010E-004
   0.4415534010E-004
   0.4415534010E-004
   0.4415534010E-004
   0.4415534010E-004
   0.4415534010E-004
   0.4415534010E-004
   0.4415534010E-004
   0.4415534010E-004
   0.4415534010E-004
   0.4415534010E-004
   0.4415534010E-004
   0.4415534010E-004
   0.4415534010E-004
   0.4415534010E-004
   0.4415534010E-004
   0.4415534010E-004
   0.4415534010E-004
   0.4415534010E-004
   0.4415534010E-004
   0.4415534010E-004
   0.4415534010E-004
   0.4415534010E-004
   0.4415534010E-004
   0.4415534010E-004
   0.4415534010E-004
   0.4415534010E-004
   0.4415534010E-004
   0.4415534010E-004
   0.4415534010E-004
   0.4415534010E-004
   0.4415534010E-004
   0.4415534010E-004
   0.4415534010E-004
   0.4415534010E-004
   0.4415534010E-004
   0.4415534010E-004
   0.4415534010E-004
   0.4415534010E-004
   0.4415534010E-004
   0.4415534010E-004
   0.4415534010E-004
   0.4415534010E-004
   0.4415534010E-004
   0.4415534010E-004
   0.4415534010E-004
   0.4415534010E-004
   0.4415534010E-004
   0.4415534010E-004
   0.4415534010E-004
   0.4415534010E-004
   0.4415534010E-004
   0.4415534010E-004
   0.4415534010E-004
   0.4415534010E-004
   0.4415534010E-004
   0.4415534010E-004
   0.4415534010E-004
   0.4415534010E-004
   0.4415534010E-004
   0.4415534010E-004
   0.4415534010E-004
   0.4415534010E-004
   0.4415534010E-004
   0.4415534010E-004
   0.4415534010E-004
   0.4415534010E-004
   0.4415534010E-004
   0.4415534010E-004
   0.4415534010E-004
   0.4415534010E-004
   0.4415534010E-004
   0.4415534010E-004
   0.4415534010E-004
   0.4415534010E-004
   0.4415534010E-004
   0.4415534010E-004
   0.4415534010E-004
   0.4415534010E-004
   0.4415534010E-004
   0.4415534010E-004
   0.4415534010E-004
   0.4415534010E-004
   0.4415534010E-004
   0.4415534010E-004
   0.4415534010E-004
   0.4415534010E-004
   0.4415534010E-004
   0.4415534010E-004
   0.4415534010E-004
   0.4415534010E-004
   0.4415534010E-004
   0.4415534010E-004
   0.4415534010E-004
   0.4415534010E-004
   0.4415534010E-004
   0.4415534010E-004
   0.4415534010E-004
   0.4415534010E-004
   0.4415534010E-004
   0.4415534010E-004
   0.4415534010E-004
   0.4415534010E-004
   0.4415534010E-004
   0.4415534010E-004
   0.4415534010E-004
   0.4415534010E-004
   0.4415534010E-004
   0.4415534010E-004
   0.4415534010E-004
   0.4415534010E-004
   0.4415534010E-004
   0.4415534010E-004
   0.4415534010E-004
   0.4415534010E-004
   0.4415534010E-004
   0.4415534010E-004
   0.4415534010E-004
   0.4415534010E-004
   0.4415534010E-004
   0.4415534010E-004
   0.4415534010E-004
   0.4415534010E-004
   0.4415534010E-004
   0.4415534010E-004
   0.4415534010E-004
   0.4415534010E-004
   0.4415534010E-004
   0.4415534010E-004
   0.4415534010E-004
   0.4415534010E-004
   0.4415534010E-004
   0.4415534010E-004
   0.4415534010E-004
   0.4415534010E-004
   0.4415534010E-004
   0.4415534010E-004
   0.4415534010E-004
   0.4415534010E-004
   0.4415534010E-004
   0.4415534010E-004
   0.4415534010E-004
   0.4415534010E-004
   0.4415534010E-004
   0.4415534010E-004
   0.4415534010E-004
   0.4415534010E-004
   0.4415534010E-004
   0.4415534010E-004
   0.4415534010E-004
   0.4415534010E-004
   0.4415534010E-004
   0.4415534010E-004
   0.4415534010E-004
   0.4415534010E-004
   0.4415534010E-004
   0.4415534010E-004
   0.4415534010E-004
   0.4415534010E-004
   0.4415534010E-004
   0.4415534010E-004
   0.4415534010E-004
   0.4415534010E-004
   0.4415534010E-004
   0.4415534010E-004
   0.4415534010E-004
   0.4415534010E-004
   0.4415534010E-004
   0.4415534010E-004
   0.4415534010E-004
   0.4415534010E-004
   0.4415534010E-004
   0.4415534010E-004
   0.4415534010E-004
   0.4415534010E-004
   0.4415534010E-004
   0.4415534010E-004
   0.4415534010E-004
   0.4415534010E-004
   0.4415534010E-004
   0.4415534010E-004
   0.4415534010E-004
   0.4415534010E-004
   0.4415534010E-004
   0.4415534010E-004
   0.4415534010E-004
   0.4415534010E-004
   0.4415534010E-004
   0.4415534010E-004
   0.4415534010E-004
   0.4415534010E-004
   0.4415534010E-004
   0.4415534010E-004
   0.4415534010E-004
   0.4415534010E-004
   0.4415534010E-004
   0.4415534010E-004
   0.4415534010E-004
   0.4415534010E-004
   0.4415534010E-004
   0.4415534010E-004
   0.4415534010E-004
   0.4415534010E-004
   0.4415534010E-004
   0.4415534010E-004
   0.4415534010E-004
   0.4415534010E-004
   0.4415534010E-004
   0.4415534010E-004
   0.4415534010E-004
   0.4415534010E-004
   0.4415534010E-004
   0.4415534010E-004
   0.4415534010E-004
   0.4415534010E-004
   0.4415534010E-004
   0.4415534010E-004
   0.4415534010E-004
   0.4415534010E-004
   0.4415534010E-004
   0.4415534010E-004
   0.4415534010E-004
   0.4415534010E-004
   0.4415534010E-004
   0.4415534010E-004
   0.4415534010E-004
   0.4415534010E-004
   0.4415534010E-004
   0.4415534010E-004
   0.4415534010E-004
   0.4415534010E-004
   0.4415534010E-004
   0.4415534010E-004
   0.4415534010E-004
   0.4415534010E-004
   0.4415534010E-004
   0.4415534010E-004
   0.4415534010E-004
   0.4415534010E-004
   0.4415534010E-004
   0.4415534010E-004
   0.4415534010E-004
   0.4415534010E-004
   0.4415534010E-004
   0.4415534010E-004
   0.4415534010E-004
   0.4415534010E-004
   0.4415534010E-004
   0.4415534010E-004
   0.4415534010E-004
   0.4415534010E-004
   0.4415534010E-004
   0.4415534010E-004
   0.4415534010E-004
   0.4415534010E-004
   0.4415534010E-004
   0.4415534010E-004
   0.4415534010E-004
   0.4415534010E-004
   0.4415534010E-004
   0.4415534010E-004
   0.4415534010E-004
   0.4415534010E-004
   0.4415534010E-004
   0.4415534010E-004
   0.4415534010E-004
   0.4415534010E-004
   0.4415534010E-004
   0.4415534010E-004
   0.4415534010E-004
   0.4415534010E-004
   0.4415534010E-004
   0.4415534010E-004
   0.4415534010E-004
   0.4415534010E-004
   0.4415534010E-004
   0.4415534010E-004
   0.4415534010E-004
   0.4415534010E-004
   0.4415534010E-004
   0.4415534010E-004
   0.4415534010E-004
   0.4415534010E-004
   0.4415534010E-004
   0.4415534010E-004
   0.4415534010E-004
   0.4415534010E-004
   0.4415534010E-004
   0.4415534010E-004
   0.4415534010E-004
   0.4415534010E-004
   0.4415534010E-004
   0.4415534010E-004
   0.4415534010E-004
   0.4415534010E-004
   0.4415534010E-004
   0.4415534010E-004
   0.4415534010E-004
   0.4415534010E-004
   0.4415534010E-004
   0.4415534010E-004
   0.4415534010E-004
   0.4415534010E-004
   0.4415534010E-004
   0.4415534010E-004
   0.4415534010E-004
   0.4415534010E-004
   0.4415534010E-004
   0.4415534010E-004
   0.4415534010E-004
   0.4415534010E-004
   0.4415534010E-004
   0.4415534010E-004
   0.4415534010E-004
   0.4415534010E-004
   0.4415534010E-004
   0.4415534010E-004
   0.4415534010E-004
   0.4415534010E-004
   0.4415534010E-004
   0.4415534010E-004
   0.4415534010E-004
   0.4415534010E-004
   0.4415534010E-004
   0.4415534010E-004
   0.4415534010E-004
   0.4415534010E-004
   0.4415534010E-004
   0.4415534010E-004
   0.4415534010E-004
   0.4415534010E-004
   0.4415534010E-004
   0.4415534010E-004
   0.4415534010E-004
   0.4415534010E-004
   0.4415534010E-004
   0.4415534010E-004
   0.4415534010E-004
   0.4415534010E-004
   0.4415534010E-004
   0.4415534010E-004
   0.4415534010E-004
   0.4415534010E-004
   0.4415534010E-004
   0.4415534010E-004
   0.4415534010E-004
   0.4415534010E-004
   0.4415534010E-004
   0.4415534010E-004
   0.4415534010E-004
   0.4415534010E-004
   0.4415534010E-004
   0.4415534010E-004
   0.4415534010E-004
   0.4415534010E-004
   0.4415534010E-004
   0.4415534010E-004
   0.4415534010E-004
   0.4415534010E-004
   0.4415534010E-004
   0.4415534010E-004
   0.4415534010E-004
   0.4415534010E-004
   0.4415534010E-004
   0.4415534010E-004
   0.4415534010E-004
   0.4415534010E-004
   0.4415534010E-004
   0.4415534010E-004
   0.4415534010E-004
   0.4415534010E-004
   0.4415534010E-004
   0.4415534010E-004
   0.4415534010E-004
   0.4415534010E-004
   0.4415534010E-004
   0.4415534010E-004
   0.4415534010E-004
   0.4415534010E-004
   0.4415534010E-004
   0.4415534010E-004
   0.4415534010E-004
   0.4415534010E-004
   0.4415534010E-004
   0.4415534010E-004
   0.4415534010E-004
   0.4415534010E-004
   0.4415534010E-004
   0.4415534010E-004
   0.4415534010E-004
   0.4415534010E-004
   0.4415534010E-004
   0.4415534010E-004
   0.4415534010E-004
   0.4415534010E-004
   0.4415534010E-004
   0.4415534010E-004
   0.4415534010E-004
   0.4415534010E-004
   0.4415534010E-004
   0.4415534010E-004
   0.4415534010E-004
   0.4415534010E-004
   0.4415534010E-004
   0.4415534010E-004
   0.4415534010E-004
   0.4415534010E-004
   0.4415534010E-004
   0.4415534010E-004
   0.4415534010E-004
   0.4415534010E-004
   0.4415534010E-004
   0.4415534010E-004
   0.4415534010E-004
   0.4415534010E-004
   0.4415534010E-004
   0.4415534010E-004
   0.4415534010E-004
   0.4415534010E-004
   0.4415534010E-004
   0.4415534010E-004
   0.4415534010E-004
   0.4415534010E-004
   0.4415534010E-004
   0.4415534010E-004
   0.4415534010E-004
   0.4415534010E-004
   0.4415534010E-004
   0.4415534010E-004
   0.4415534010E-004
   0.4415534010E-004
   0.4415534010E-004
   0.4415534010E-004
   0.4415534010E-004
   0.4415534010E-004
   0.4415534010E-004
   0.4415534010E-004
   0.4415534010E-004
   0.4415534010E-004
   0.4415534010E-004
   0.4415534010E-004
   0.4415534010E-004
   0.4415534010E-004
   0.4415534010E-004
   0.4415534010E-004
   0.4415534010E-004
   0.4415534010E-004
   0.4415534010E-004
   0.4415534010E-004
   0.4415534010E-004
   0.4415534010E-004
   0.4415534010E-004
   0.4415534010E-004
   0.4415534010E-004
   0.4415534010E-004
   0.4415534010E-004
   0.4415534010E-004
   0.4415534010E-004
   0.4415534010E-004
   0.4415534010E-004
   0.4415534010E-004
   0.4415534010E-004
   0.4415534010E-004
   0.4415534010E-004
   0.4415534010E-004
   0.4415534010E-004
   0.4415534010E-004
   0.4415534010E-004
   0.4415534010E-004
   0.4415534010E-004
   0.4415534010E-004
   0.4415534010E-004
   0.4415534010E-004
   0.4415534010E-004
   0.4415534010E-004
   0.4415534010E-004
   0.4415534010E-004
   0.4415534010E-004
   0.4415534010E-004
   0.4415534010E-004
   0.4415534010E-004
   0.4415534010E-004
   0.4415534010E-004
   0.4415534010E-004
   0.4415534010E-004
   0.4415534010E-004
   0.4415534010E-004
   0.4415534010E-004
   0.4415534010E-004
   0.4415534010E-004
   0.4415534010E-004
   0.4415534010E-004
   0.4415534010E-004
   0.4415534010E-004
   0.4415534010E-004
   0.4415534010E-004
   0.4415534010E-004
   0.4415534010E-004
   0.4415534010E-004
   0.4415534010E-004
   0.4415534010E-004
   0.4415534010E-004
   0.4415534010E-004
   0.4415534010E-004
   0.4415534010E-004
   0.4415534010E-004
   0.4415534010E-004
   0.4415534010E-004
   0.4415534010E-004
   0.4415534010E-004
   0.4415534010E-004
   0.4415534010E-004
   0.4415534010E-004
   0.4415534010E-004
   0.4415534010E-004
   0.4415534010E-004
   0.4415534010E-004
   0.4415534010E-004
   0.4415534010E-004
   0.4415534010E-004
   0.4415534010E-004
   0.4415534010E-004
