   0.1146519286E-002     0.1475342933E-003    -0.2748494319E-002
   0.1485022899E-002     0.1909828099E-003     0.1000000000E-014
   0.1923273782E-002     0.2472513096E-003    -0.2904456309E-003
   0.2490532936E-002     0.3199890480E-003    -0.1335256952E-003
   0.3224555792E-002     0.4139914934E-003     0.1000000000E-014
   0.4173997416E-002     0.5353724724E-003    -0.2822050934E-004
   0.5401457277E-002     0.6919566097E-003     0.1000000000E-014
   0.6987304756E-002     0.8936735420E-003    -0.5964373719E-005
   0.9034436754E-002     0.1153093280E-002     0.2741983568E-005
   0.1167411135E-001     0.1485970787E-002    -0.1260563849E-005
   0.1507295872E-001     0.1911858030E-002    -0.2318060888E-005
   0.1944116176E-001     0.2454650168E-002    -0.4262700605E-005
   0.2504157417E-001     0.3142948083E-002    -0.7226314513E-005
   0.3219912197E-001     0.4009942351E-002    -0.1165561499E-004
   0.4130909380E-001     0.5092354774E-002    -0.1928506561E-004
   0.5284168803E-001     0.6427663116E-002    -0.3176240812E-004
   0.6733821516E-001     0.8048405714E-002    -0.5200710244E-004
   0.8539139063E-001     0.9971807654E-002    -0.8450419592E-004
   0.1075980166E+000     0.1218237765E-001    -0.1359848837E-003
   0.1344672333E+000     0.1460479573E-001    -0.2160184083E-003
   0.1662626105E+000     0.1706506671E-001    -0.3374097027E-003
   0.2027549802E+000     0.1924100916E-001    -0.5153846808E-003
   0.2428723330E+000     0.2061113150E-001    -0.7641899445E-003
   0.2842662708E+000     0.2042691827E-001    -0.1088672492E-002
   0.3228894105E+000     0.1775892865E-001    -0.1468172069E-002
   0.3528083056E+000     0.1169484444E-001    -0.1832377617E-002
   0.3666415212E+000     0.1769243030E-002    -0.2037328105E-002
   0.3571014885E+000    -0.1138162508E-001    -0.1867445519E-002
   0.3198761460E+000    -0.2539578050E-001    -0.1109118736E-002
   0.2571921731E+000    -0.3622575550E-001     0.2711962504E-003
   0.1799184371E+000    -0.3960934593E-001     0.1914261346E-002
   0.1052213907E+000    -0.3388634908E-001     0.3072869350E-002
   0.4889200335E-001    -0.2210026207E-001     0.3091015576E-002
   0.1691957230E-001    -0.1041810646E-001     0.2080745200E-002
   0.4017874017E-002    -0.3285459578E-002     0.8992560667E-003
   0.5903697087E-003    -0.6249952060E-003     0.2280238329E-003
   0.4708641879E-004    -0.6270892846E-004     0.2978845614E-004
   0.1724861769E-005    -0.2794188168E-005     0.1686863156E-005
   0.2338426112E-007    -0.4437893656E-007     0.3311949425E-007
   0.8845535862E-010    -0.1894282747E-009     0.1693008438E-009
   0.6442333145E-013    -0.1507067548E-012     0.1559584951E-012
   0.1000000000E-014    -0.1000000000E-014     0.1000000000E-014
   0.1000000000E-014    -0.1000000000E-014     0.1000000000E-014
   0.1000000000E-014    -0.1000000000E-014     0.1000000000E-014
   0.1000000000E-014    -0.1000000000E-014     0.1000000000E-014
   0.1000000000E-014    -0.1000000000E-014     0.1000000000E-014
   0.1000000000E-014    -0.1000000000E-014     0.1000000000E-014
   0.1000000000E-014    -0.1000000000E-014     0.1000000000E-014
   0.1000000000E-014    -0.1000000000E-014     0.1000000000E-014
   0.1000000000E-014    -0.1000000000E-014     0.1000000000E-014
   0.1000000000E-014    -0.1000000000E-014     0.1000000000E-014
   0.1000000000E-014    -0.1000000000E-014     0.1000000000E-014
   0.1000000000E-014    -0.1000000000E-014     0.1000000000E-014
   0.1000000000E-014    -0.1000000000E-014     0.1000000000E-014
   0.1000000000E-014    -0.1000000000E-014     0.1000000000E-014
   0.1000000000E-014    -0.1000000000E-014     0.1000000000E-014
   0.1000000000E-014    -0.1000000000E-014     0.1000000000E-014
   0.1000000000E-014    -0.1000000000E-014     0.1000000000E-014
   0.1000000000E-014    -0.1000000000E-014     0.1000000000E-014
   0.1000000000E-014    -0.1000000000E-014     0.1000000000E-014
   0.1000000000E-014    -0.1000000000E-014     0.1000000000E-014
   0.1000000000E-014    -0.1000000000E-014     0.1000000000E-014
   0.1000000000E-014    -0.1000000000E-014     0.1000000000E-014
   0.1000000000E-014    -0.1000000000E-014     0.1000000000E-014
   0.1000000000E-014    -0.1000000000E-014     0.1000000000E-014
   0.1000000000E-014    -0.1000000000E-014     0.1000000000E-014
   0.1000000000E-014    -0.1000000000E-014     0.1000000000E-014
   0.1000000000E-014    -0.1000000000E-014     0.1000000000E-014
   0.1000000000E-014    -0.1000000000E-014     0.1000000000E-014
   0.1000000000E-014    -0.1000000000E-014     0.1000000000E-014
   0.1000000000E-014    -0.1000000000E-014     0.1000000000E-014
   0.1000000000E-014    -0.1000000000E-014     0.1000000000E-014
   0.1000000000E-014    -0.1000000000E-014     0.1000000000E-014
   0.1000000000E-014    -0.1000000000E-014     0.1000000000E-014
   0.1000000000E-014    -0.1000000000E-014     0.1000000000E-014
   0.1000000000E-014    -0.1000000000E-014     0.1000000000E-014
   0.1000000000E-014    -0.1000000000E-014     0.1000000000E-014
   0.1000000000E-014    -0.1000000000E-014     0.1000000000E-014
   0.1000000000E-014    -0.1000000000E-014     0.1000000000E-014
   0.1000000000E-014    -0.1000000000E-014     0.1000000000E-014
