   0.3958936322E+000
   0.1000000000E+001
   0.1000000000E+001
   0.1000000000E+001
   0.1000000000E+001
   0.1000000000E+001
   0.1000000000E+001
   0.1000000000E+001
   0.1000000000E+001
   0.1000000000E+001
   0.1000000000E+001
   0.1000000000E+001
   0.1000000000E+001
   0.1000000000E+001
   0.1000000000E+001
   0.1000000000E+001
   0.1000000000E+001
   0.1000000000E+001
   0.1000000000E+001
   0.1000000000E+001
   0.1000000000E+001
   0.1000000000E+001
   0.1000000000E+001
   0.1000000000E+001
   0.1000000000E+001
   0.1000000000E+001
   0.1000000000E+001
   0.1000000000E+001
   0.1000000000E+001
   0.1000000000E+001
   0.1000000000E+001
   0.1000000000E+001
   0.1000000000E+001
   0.1000000000E+001
   0.1000000000E+001
   0.1000000000E+001
   0.1000000000E+001
   0.1000000000E+001
   0.8833990821E+000
   0.7372804638E+000
   0.6300494865E+000
   0.1000000000E+001
   0.1000000000E+001
   0.1000000000E+001
   0.1000000000E+001
   0.1000000000E+001
   0.1000000000E+001
   0.1000000000E+001
   0.1000000000E+001
   0.1000000000E+001
   0.1000000000E+001
   0.1000000000E+001
   0.1000000000E+001
   0.1000000000E+001
   0.1000000000E+001
   0.1000000000E+001
   0.1000000000E+001
   0.1000000000E+001
   0.1000000000E+001
   0.1000000000E+001
   0.1000000000E+001
   0.1000000000E+001
   0.1000000000E+001
   0.1000000000E+001
   0.1000000000E+001
   0.1000000000E+001
   0.1000000000E+001
   0.1000000000E+001
   0.1000000000E+001
   0.1000000000E+001
   0.1000000000E+001
   0.1000000000E+001
   0.1000000000E+001
   0.1000000000E+001
   0.1000000000E+001
   0.1000000000E+001
   0.1000000000E+001
   0.1000000000E+001
   0.1000000000E+001
   0.1000000000E+001
