   0.0000000000E+000
   0.4630089082E-004
   0.5670802805E-004
   0.6774103498E-004
   0.7917368534E-004
   0.9085976474E-004
   0.1026652002E-003
   0.1123201984E-003
   0.1204311545E-003
   0.1323146590E-003
   0.1340996242E-003
   0.1351113516E-003
   0.1356605825E-003
   0.1359484346E-003
   0.1360960207E-003
   0.1361707758E-003
   0.1362083999E-003
   0.1362272744E-003
   0.1362367274E-003
   0.1362414578E-003
   0.1362438240E-003
   0.1362450073E-003
   0.1362455990E-003
   0.1362458949E-003
   0.1362460429E-003
   0.1362461168E-003
   0.1362461538E-003
   0.1362461723E-003
   0.1362461816E-003
   0.1362461862E-003
   0.1362461885E-003
   0.1362461897E-003
   0.1362461902E-003
   0.1362461905E-003
   0.1362461907E-003
   0.1362461907E-003
   0.1362461908E-003
   0.1362461908E-003
   0.1362461908E-003
   0.1362461908E-003
   0.1362461908E-003
   0.1362461908E-003
   0.1362461908E-003
   0.1362461908E-003
   0.1362461908E-003
   0.1362461908E-003
   0.1362461908E-003
   0.1362461908E-003
   0.1362461908E-003
   0.1362461908E-003
   0.1362461908E-003
   0.1362461908E-003
   0.1362461908E-003
   0.1362461908E-003
   0.1362461908E-003
   0.1362461908E-003
   0.1362461908E-003
   0.1362461908E-003
   0.1362461908E-003
   0.1362461908E-003
   0.1362461908E-003
   0.1362461908E-003
   0.1362461908E-003
   0.1362461908E-003
   0.1362461908E-003
   0.1362461908E-003
   0.1362461908E-003
   0.1362461908E-003
   0.1362461908E-003
   0.1362461908E-003
   0.1362461908E-003
   0.1362461908E-003
   0.1362461908E-003
   0.1362461908E-003
   0.1362461908E-003
   0.1362461908E-003
   0.1362461908E-003
   0.1362461908E-003
   0.1362461908E-003
   0.1362461908E-003
   0.1362461908E-003
   0.1362461908E-003
   0.1362461908E-003
   0.1362461908E-003
   0.1362461908E-003
   0.1362461908E-003
   0.1362461908E-003
   0.1362461908E-003
   0.1362461908E-003
   0.1362461908E-003
   0.1362461908E-003
   0.1362461908E-003
   0.1362461908E-003
   0.1362461908E-003
   0.1362461908E-003
   0.1362461908E-003
   0.1362461908E-003
   0.1362461908E-003
   0.1362461908E-003
   0.1362461908E-003
   0.1362461908E-003
   0.1362461908E-003
   0.1362461908E-003
   0.1362461908E-003
   0.1362461908E-003
   0.1362461908E-003
   0.1362461908E-003
   0.1362461908E-003
   0.1362461908E-003
   0.1362461908E-003
   0.1362461908E-003
   0.1362461908E-003
   0.1362461908E-003
   0.1362461908E-003
   0.1362461908E-003
   0.1362461908E-003
   0.1362461908E-003
   0.1362461908E-003
   0.1362461908E-003
   0.1362461908E-003
   0.1362461908E-003
   0.1362461908E-003
   0.1362461908E-003
   0.1362461908E-003
   0.1362461908E-003
   0.1362461908E-003
   0.1362461908E-003
   0.1362461908E-003
   0.1362461908E-003
   0.1362461908E-003
   0.1362461908E-003
   0.1362461908E-003
   0.1362461908E-003
   0.1362461908E-003
   0.1362461908E-003
   0.1362461908E-003
   0.1362461908E-003
   0.1362461908E-003
   0.1362461908E-003
   0.1362461908E-003
   0.1362461908E-003
   0.1362461908E-003
   0.1362461908E-003
   0.1362461908E-003
   0.1362461908E-003
   0.1362461908E-003
   0.1362461908E-003
   0.1362461908E-003
   0.1362461908E-003
   0.1362461908E-003
   0.1362461908E-003
   0.1362461908E-003
   0.1362461908E-003
   0.1362461908E-003
   0.1362461908E-003
   0.1362461908E-003
   0.1362461908E-003
   0.1362461908E-003
   0.1362461908E-003
   0.1362461908E-003
   0.1362461908E-003
   0.1362461908E-003
   0.1362461908E-003
   0.1362461908E-003
   0.1362461908E-003
   0.1362461908E-003
   0.1362461908E-003
   0.1362461908E-003
   0.1362461908E-003
   0.1362461908E-003
   0.1362461908E-003
   0.1362461908E-003
   0.1362461908E-003
   0.1362461908E-003
   0.1362461908E-003
   0.1362461908E-003
   0.1362461908E-003
   0.1362461908E-003
   0.1362461908E-003
   0.1362461908E-003
   0.1362461908E-003
   0.1362461908E-003
   0.1362461908E-003
   0.1362461908E-003
   0.1362461908E-003
   0.1362461908E-003
   0.1362461908E-003
   0.1362461908E-003
   0.1362461908E-003
   0.1362461908E-003
   0.1362461908E-003
   0.1362461908E-003
   0.1362461908E-003
   0.1362461908E-003
   0.1362461908E-003
   0.1362461908E-003
   0.1362461908E-003
   0.1362461908E-003
   0.1362461908E-003
   0.1362461908E-003
   0.1362461908E-003
   0.1362461908E-003
   0.1362461908E-003
   0.1362461908E-003
   0.1362461908E-003
   0.1362461908E-003
   0.1362461908E-003
   0.1362461908E-003
   0.1362461908E-003
   0.1362461908E-003
   0.1362461908E-003
   0.1362461908E-003
   0.1362461908E-003
   0.1362461908E-003
   0.1362461908E-003
   0.1362461908E-003
   0.1362461908E-003
   0.1362461908E-003
   0.1362461908E-003
   0.1362461908E-003
   0.1362461908E-003
   0.1362461908E-003
   0.1362461908E-003
   0.1362461908E-003
   0.1362461908E-003
   0.1362461908E-003
   0.1362461908E-003
   0.1362461908E-003
   0.1362461908E-003
   0.1362461908E-003
   0.1362461908E-003
   0.1362461908E-003
   0.1362461908E-003
   0.1362461908E-003
   0.1362461908E-003
   0.1362461908E-003
   0.1362461908E-003
   0.1362461908E-003
   0.1362461908E-003
   0.1362461908E-003
   0.1362461908E-003
   0.1362461908E-003
   0.1362461908E-003
   0.1362461908E-003
   0.1362461908E-003
   0.1362461908E-003
   0.1362461908E-003
   0.1362461908E-003
   0.1362461908E-003
   0.1362461908E-003
   0.1362461908E-003
   0.1362461908E-003
   0.1362461908E-003
   0.1362461908E-003
   0.1362461908E-003
   0.1362461908E-003
   0.1362461908E-003
   0.1362461908E-003
   0.1362461908E-003
   0.1362461908E-003
   0.1362461908E-003
   0.1362461908E-003
   0.1362461908E-003
   0.1362461908E-003
   0.1362461908E-003
   0.1362461908E-003
   0.1362461908E-003
   0.1362461908E-003
   0.1362461908E-003
   0.1362461908E-003
   0.1362461908E-003
   0.1362461908E-003
   0.1362461908E-003
   0.1362461908E-003
   0.1362461908E-003
   0.1362461908E-003
   0.1362461908E-003
   0.1362461908E-003
   0.1362461908E-003
   0.1362461908E-003
   0.1362461908E-003
   0.1362461908E-003
   0.1362461908E-003
   0.1362461908E-003
   0.1362461908E-003
   0.1362461908E-003
   0.1362461908E-003
   0.1362461908E-003
   0.1362461908E-003
   0.1362461908E-003
   0.1362461908E-003
   0.1362461908E-003
   0.1362461908E-003
   0.1362461908E-003
   0.1362461908E-003
   0.1362461908E-003
   0.1362461908E-003
   0.1362461908E-003
   0.1362461908E-003
   0.1362461908E-003
   0.1362461908E-003
   0.1362461908E-003
   0.1362461908E-003
   0.1362461908E-003
   0.1362461908E-003
   0.1362461908E-003
   0.1362461908E-003
   0.1362461908E-003
   0.1362461908E-003
   0.1362461908E-003
   0.1362461908E-003
   0.1362461908E-003
   0.1362461908E-003
   0.1362461908E-003
   0.1362461908E-003
   0.1362461908E-003
   0.1362461908E-003
   0.1362461908E-003
   0.1362461908E-003
   0.1362461908E-003
   0.1362461908E-003
   0.1362461908E-003
   0.1362461908E-003
   0.1362461908E-003
   0.1362461908E-003
   0.1362461908E-003
   0.1362461908E-003
   0.1362461908E-003
   0.1362461908E-003
   0.1362461908E-003
   0.1362461908E-003
   0.1362461908E-003
   0.1362461908E-003
   0.1362461908E-003
   0.1362461908E-003
   0.1362461908E-003
   0.1362461908E-003
   0.1362461908E-003
   0.1362461908E-003
   0.1362461908E-003
   0.1362461908E-003
   0.1362461908E-003
   0.1362461908E-003
   0.1362461908E-003
   0.1362461908E-003
   0.1362461908E-003
   0.1362461908E-003
   0.1362461908E-003
   0.1362461908E-003
   0.1362461908E-003
   0.1362461908E-003
   0.1362461908E-003
   0.1362461908E-003
   0.1362461908E-003
   0.1362461908E-003
   0.1362461908E-003
   0.1362461908E-003
   0.1362461908E-003
   0.1362461908E-003
   0.1362461908E-003
   0.1362461908E-003
   0.1362461908E-003
   0.1362461908E-003
   0.1362461908E-003
   0.1362461908E-003
   0.1362461908E-003
   0.1362461908E-003
   0.1362461908E-003
   0.1362461908E-003
   0.1362461908E-003
   0.1362461908E-003
   0.1362461908E-003
   0.1362461908E-003
   0.1362461908E-003
   0.1362461908E-003
   0.1362461908E-003
   0.1362461908E-003
   0.1362461908E-003
   0.1362461908E-003
   0.1362461908E-003
   0.1362461908E-003
   0.1362461908E-003
   0.1362461908E-003
   0.1362461908E-003
   0.1362461908E-003
   0.1362461908E-003
   0.1362461908E-003
   0.1362461908E-003
   0.1362461908E-003
   0.1362461908E-003
   0.1362461908E-003
   0.1362461908E-003
   0.1362461908E-003
   0.1362461908E-003
   0.1362461908E-003
   0.1362461908E-003
   0.1362461908E-003
   0.1362461908E-003
   0.1362461908E-003
   0.1362461908E-003
   0.1362461908E-003
   0.1362461908E-003
   0.1362461908E-003
   0.1362461908E-003
   0.1362461908E-003
   0.1362461908E-003
   0.1362461908E-003
   0.1362461908E-003
   0.1362461908E-003
   0.1362461908E-003
   0.1362461908E-003
   0.1362461908E-003
   0.1362461908E-003
   0.1362461908E-003
   0.1362461908E-003
   0.1362461908E-003
   0.1362461908E-003
   0.1362461908E-003
   0.1362461908E-003
   0.1362461908E-003
   0.1362461908E-003
   0.1362461908E-003
   0.1362461908E-003
   0.1362461908E-003
   0.1362461908E-003
   0.1362461908E-003
   0.1362461908E-003
   0.1362461908E-003
   0.1362461908E-003
   0.1362461908E-003
   0.1362461908E-003
   0.1362461908E-003
   0.1362461908E-003
   0.1362461908E-003
   0.1362461908E-003
   0.1362461908E-003
   0.1362461908E-003
   0.1362461908E-003
   0.1362461908E-003
   0.1362461908E-003
   0.1362461908E-003
   0.1362461908E-003
   0.1362461908E-003
   0.1362461908E-003
   0.1362461908E-003
   0.1362461908E-003
   0.1362461908E-003
   0.1362461908E-003
   0.1362461908E-003
   0.1362461908E-003
   0.1362461908E-003
   0.1362461908E-003
   0.1362461908E-003
   0.1362461908E-003
   0.1362461908E-003
   0.1362461908E-003
   0.1362461908E-003
   0.1362461908E-003
   0.1362461908E-003
   0.1362461908E-003
   0.1362461908E-003
   0.1362461908E-003
   0.1362461908E-003
   0.1362461908E-003
   0.1362461908E-003
   0.1362461908E-003
   0.1362461908E-003
   0.1362461908E-003
   0.1362461908E-003
   0.1362461908E-003
   0.1362461908E-003
   0.1362461908E-003
   0.1362461908E-003
   0.1362461908E-003
   0.1362461908E-003
   0.1362461908E-003
   0.1362461908E-003
   0.1362461908E-003
   0.1362461908E-003
   0.1362461908E-003
   0.1362461908E-003
   0.1362461908E-003
   0.1362461908E-003
   0.1362461908E-003
   0.1362461908E-003
   0.1362461908E-003
   0.1362461908E-003
   0.1362461908E-003
   0.1362461908E-003
   0.1362461908E-003
   0.1362461908E-003
   0.1362461908E-003
   0.1362461908E-003
   0.1362461908E-003
   0.1362461908E-003
   0.1362461908E-003
   0.1362461908E-003
   0.1362461908E-003
   0.1362461908E-003
   0.1362461908E-003
   0.1362461908E-003
   0.1362461908E-003
   0.1362461908E-003
   0.1362461908E-003
   0.1362461908E-003
   0.1362461908E-003
   0.1362461908E-003
   0.1362461908E-003
   0.1362461908E-003
   0.1362461908E-003
   0.1362461908E-003
   0.1362461908E-003
   0.1362461908E-003
   0.1362461908E-003
   0.1362461908E-003
   0.1362461908E-003
   0.1362461908E-003
   0.1362461908E-003
   0.1362461908E-003
   0.1362461908E-003
   0.1362461908E-003
   0.1362461908E-003
   0.1362461908E-003
   0.1362461908E-003
   0.1362461908E-003
   0.1362461908E-003
   0.1362461908E-003
   0.1362461908E-003
   0.1362461908E-003
   0.1362461908E-003
   0.1362461908E-003
   0.1362461908E-003
   0.1362461908E-003
   0.1362461908E-003
   0.1362461908E-003
   0.1362461908E-003
   0.1362461908E-003
   0.1362461908E-003
   0.1362461908E-003
   0.1362461908E-003
   0.1362461908E-003
   0.1362461908E-003
   0.1362461908E-003
   0.1362461908E-003
   0.1362461908E-003
   0.1362461908E-003
   0.1362461908E-003
   0.1362461908E-003
   0.1362461908E-003
   0.1362461908E-003
   0.1362461908E-003
   0.1362461908E-003
   0.1362461908E-003
   0.1362461908E-003
   0.1362461908E-003
   0.1362461908E-003
   0.1362461908E-003
   0.1362461908E-003
   0.1362461908E-003
   0.1362461908E-003
   0.1362461908E-003
   0.1362461908E-003
   0.1362461908E-003
   0.1362461908E-003
   0.1362461908E-003
   0.1362461908E-003
   0.1362461908E-003
   0.1362461908E-003
   0.1362461908E-003
   0.1362461908E-003
   0.1362461908E-003
   0.1362461908E-003
   0.1362461908E-003
   0.1362461908E-003
   0.1362461908E-003
   0.1362461908E-003
   0.1362461908E-003
   0.1362461908E-003
   0.1362461908E-003
   0.1362461908E-003
   0.1362461908E-003
   0.1362461908E-003
   0.1362461908E-003
   0.1362461908E-003
   0.1362461908E-003
   0.1362461908E-003
   0.1362461908E-003
   0.1362461908E-003
   0.1362461908E-003
   0.1362461908E-003
   0.1362461908E-003
   0.1362461908E-003
   0.1362461908E-003
   0.1362461908E-003
   0.1362461908E-003
   0.1362461908E-003
   0.1362461908E-003
   0.1362461908E-003
   0.1362461908E-003
   0.1362461908E-003
   0.1362461908E-003
   0.1362461908E-003
   0.1362461908E-003
   0.1362461908E-003
   0.1362461908E-003
   0.1362461908E-003
   0.1362461908E-003
   0.1362461908E-003
   0.1362461908E-003
   0.1362461908E-003
   0.1362461908E-003
   0.1362461908E-003
   0.1362461908E-003
   0.1362461908E-003
   0.1362461908E-003
   0.1362461908E-003
   0.1362461908E-003
   0.1362461908E-003
   0.1362461908E-003
   0.1362461908E-003
   0.1362461908E-003
   0.1362461908E-003
   0.1362461908E-003
   0.1362461908E-003
   0.1362461908E-003
   0.1362461908E-003
   0.1362461908E-003
   0.1362461908E-003
   0.1362461908E-003
   0.1362461908E-003
   0.1362461908E-003
   0.1362461908E-003
   0.1362461908E-003
   0.1362461908E-003
   0.1362461908E-003
   0.1362461908E-003
   0.1362461908E-003
   0.1362461908E-003
   0.1362461908E-003
   0.1362461908E-003
   0.1362461908E-003
   0.1362461908E-003
   0.1362461908E-003
   0.1362461908E-003
   0.1362461908E-003
   0.1362461908E-003
   0.1362461908E-003
   0.1362461908E-003
   0.1362461908E-003
   0.1362461908E-003
   0.1362461908E-003
   0.1362461908E-003
   0.1362461908E-003
   0.1362461908E-003
   0.1362461908E-003
   0.1362461908E-003
   0.1362461908E-003
   0.1362461908E-003
   0.1362461908E-003
   0.1362461908E-003
   0.1362461908E-003
   0.1362461908E-003
   0.1362461908E-003
   0.1362461908E-003
   0.1362461908E-003
   0.1362461908E-003
   0.1362461908E-003
   0.1362461908E-003
   0.1362461908E-003
   0.1362461908E-003
   0.1362461908E-003
   0.1362461908E-003
   0.1362461908E-003
   0.1362461908E-003
   0.1362461908E-003
   0.1362461908E-003
   0.1362461908E-003
   0.1362461908E-003
   0.1362461908E-003
   0.1362461908E-003
   0.1362461908E-003
   0.1362461908E-003
   0.1362461908E-003
   0.1362461908E-003
   0.1362461908E-003
   0.1362461908E-003
   0.1362461908E-003
   0.1362461908E-003
   0.1362461908E-003
   0.1362461908E-003
   0.1362461908E-003
   0.1362461908E-003
   0.1362461908E-003
   0.1362461908E-003
   0.1362461908E-003
   0.1362461908E-003
   0.1362461908E-003
   0.1362461908E-003
   0.1362461908E-003
   0.1362461908E-003
   0.1362461908E-003
   0.1362461908E-003
   0.1362461908E-003
   0.1362461908E-003
   0.1362461908E-003
   0.1362461908E-003
   0.1362461908E-003
   0.1362461908E-003
   0.1362461908E-003
   0.1362461908E-003
   0.1362461908E-003
   0.1362461908E-003
   0.1362461908E-003
   0.1362461908E-003
   0.1362461908E-003
   0.1362461908E-003
   0.1362461908E-003
   0.1362461908E-003
   0.1362461908E-003
   0.1362461908E-003
   0.1362461908E-003
   0.1362461908E-003
   0.1362461908E-003
   0.1362461908E-003
   0.1362461908E-003
   0.1362461908E-003
   0.1362461908E-003
   0.1362461908E-003
   0.1362461908E-003
   0.1362461908E-003
   0.1362461908E-003
   0.1362461908E-003
   0.1362461908E-003
   0.1362461908E-003
   0.1362461908E-003
   0.1362461908E-003
   0.1362461908E-003
   0.1362461908E-003
   0.1362461908E-003
   0.1362461908E-003
   0.1362461908E-003
   0.1362461908E-003
   0.1362461908E-003
   0.1362461908E-003
   0.1362461908E-003
   0.1362461908E-003
   0.1362461908E-003
   0.1362461908E-003
   0.1362461908E-003
   0.1362461908E-003
   0.1362461908E-003
   0.1362461908E-003
   0.1362461908E-003
   0.1362461908E-003
   0.1362461908E-003
   0.1362461908E-003
   0.1362461908E-003
   0.1362461908E-003
   0.1362461908E-003
   0.1362461908E-003
   0.1362461908E-003
   0.1362461908E-003
   0.1362461908E-003
   0.1362461908E-003
   0.1362461908E-003
   0.1362461908E-003
   0.1362461908E-003
   0.1362461908E-003
   0.1362461908E-003
   0.1362461908E-003
   0.1362461908E-003
   0.1362461908E-003
   0.1362461908E-003
   0.1362461908E-003
   0.1362461908E-003
   0.1362461908E-003
   0.1362461908E-003
   0.1362461908E-003
   0.1362461908E-003
   0.1362461908E-003
   0.1362461908E-003
   0.1362461908E-003
   0.1362461908E-003
   0.1362461908E-003
   0.1362461908E-003
