0.14669364765130533
0.13512990079078777
0.1428756233896985
0.1711261656988506
0.16491284433762918
0.13955728043179177
0.11450527381275069
0.12725960889783297
0.14653000443013525
0.1606431612469617
0.16950432185391634
0.17346661790420415
0.17315522521081775
0.1693219859061178
0.1627418213907784
0.15414400075949072
0.14417523100792462
0.1333826737216243
0.12456737189894136
0.11599416197203546
0.11125429086254535
0.11980604940974217
0.12782257328395413
0.13525592649710264
0.1420679168301828
0.1482306861596088
0.1537265310561397
0.1585472647248459
0.16269332240140558
0.16617274278934377
0.1690001113856651
0.17119551990769252
0.1727835746159527
0.17379247525963595
0.1742531748848091
0.17419862447701814
0.17366310501792243
0.1726816431201531
0.17128950727774456
0.16952177859816636
0.16741299102002388
0.16499683478475052
0.1623059161109547
0.15937156711848463
0.1562237013804832
0.1528907074750458
0.14939937677170745
0.14577486054797723
0.14204065114153788
0.13821858441848892
0.13432885953096357
0.13039007238900122
0.12741710118253655
0.12451118727955451
0.12152435473469528
0.11847465673641078
0.11537846783392365
0.11225058151514594
0.10937612520161033
0.11251737208897462
0.11559639487527414
0.11861066290760847
0.12155775114221314
0.12443535731357587
0.1272413162233801
0.12997360977269734
0.13263037508767583
0.13520990920434842
0.13771067235478524
0.14013128938597483
0.14247054951385757
0.14472740491386576
0.14690096860336913
0.1489905107584632
0.15099545517863572
0.1529153748228274
0.15474998653699654
0.1564991460355432
0.1581628424429283
0.15974119226942662
0.1612344339593157
0.16264292138244069
0.1639671186151617
0.16520759324553447
0.16636501088715766
0.1674401292779371
0.1684337923349219
0.1693469245089688
0.17018052538223866
0.1709356641790106
0.17161347430633417
0.17221514859473758
0.172741933916526
0.17319512684021482
0.17357606862414485
0.1738861409842619
0.17412676167022187
0.1742993805305035
0.17440547541960913
0.174446548428666
0.17442412238998178
0.1743397375649085
0.17419494811543612
0.17399131898049422
0.17373042345419976
0.17341383968079663
0.17304314853197206
0.17261993104466952
0.17214576597709488
0.1716222276084973
0.1710508837962445
0.17043329394074452
0.16977100727793554
0.16906556097595607
0.16831847903573993
0.16753127020793374
0.16670542720158024
0.16584242511943403
0.1649437206072435
0.16401075044700622
0.1630449309080076
0.16204765672047847
0.16102030042526197
0.1599642115569076
0.1588807161129817
0.1577711159339677
0.1566366881480601
0.15547868518068547
0.15429833371310264
0.15309683486646597
0.15187536405088853
0.15063507021606237
0.14937707638958736
0.14810247906792645
0.14681234833400833
0.14550772804647805
0.14418963545997415
0.142859061780257
0.14151697169988658
0.1401643041441555
0.13880197180454734
0.13743086189419185
0.13605183588643915
0.13466573005935567
0.13327335571295057
0.1318754991879933
0.1304729225228695
0.1292199701543509
0.12822318553994244
0.1272130054915008
0.12619036441236306
0.1251561673229187
0.12411129034415976
0.1230565807933714
0.12199285829169328
0.12092091509059992
0.11984151648691521
0.11875540161055578
0.11766328377274565
0.11656585112278936
0.1154637671685069
0.11435767136300362
0.11324817962569728
0.11213588488187448
0.11102135751490824
0.10990514617402221
0.10971159352246165
0.11083244558298395
0.11194560390967978
0.11305095262793119
0.11414837701523453
0.1152377638717465
0.11631900143664584
0.11739197964920542
0.11845659014509553
0.11951272644535021
0.12056028393837406
0.12159916017442077
0.12262925474205773
0.12365046934521884
0.12466270803265214
0.12566587705378426
0.12665988504890036
0.12764464303560327
0.1286200645664684
0.12958606545026946
0.13054256428799274
0.13148948186634166
0.1324267419023751
0.1333542703029761
0.1342719958185092
0.13517984967490707
0.13607776576538197
0.13696568057833808
0.13784353315961156
0.13871126516996113
0.1395688209380071
0.14041614728364255
0.14125319368955686
0.14207991225740427
0.14289625756560123
0.14370218679902205
0.1444976595912243
0.14528263823066997
0.14605708733942868
0.14682097416613588
0.1475742683576722
0.14831694215830857
0.1490489695812803
0.14977032798171241
0.15048099649235494
0.1511809564870972
0.15187019176628644
0.1525486887940347
0.1532164358440899
0.15387342317396324
0.15451964402267376
0.15515509301024072
0.15577976722067205
0.15639366599309318
0.15699679035358294
0.1575891435794812
0.15817073093320144
0.15874155950830504
0.1593016382202563
0.1598509784439212
0.16038959288745205
0.16091749607279165
0.16143470456673
0.16194123684971165
0.16243711255456295
0.1629223534747814
0.1633969827583699
0.1638610255642079
0.16431450846399015
0.16475745923282378
0.1651899077497225
0.16561188507032235
0.16602342368677253
0.1664245577377005
0.16681532245473676
0.1671957545559877
0.16756589220684787
0.16792577488823532
0.1682754429704193
0.16861493872520864
0.1689443047999845
0.16926358592192156
0.1695728271524265
0.16987207501966126
0.17016137712817195
0.17044078234996077
0.17071034016817405
0.17097010121513817
0.17122011727402547
0.17146044076558029
0.1716911252433889
0.17191222501488448
0.1721237954718802
0.17232589246170543
0.17251857276163302
0.17270189417430368
0.17287591505548933
0.1730406944789362
0.17319629202033726
0.1733427684302717
0.17348018441308535
0.17360860211555257
0.17372808352826166
0.17383869165018898
0.1739404898525679
0.17403354226339407
0.17411791305435256
0.17419366735778996
0.17426087074682334
0.17431958884038876
0.17436988764791755
0.17441183432966786
0.1744454957383786
0.17447093909962336
0.1744882321327101
0.1744974431147845
0.17449864018631076
0.17449189189348294
0.17447726736236502
0.1744548353797739
0.17442466544472837
0.1743868268875651
0.1743413896885798
0.17428842363647123
0.17422799858442592
0.1741601850791975
0.17408505294730026
0.17400267292466157
0.17391311523380962
0.17381645058572837
0.17371274950942323
0.17360208295760082
0.1734845211412806
0.17336013504664408
0.173228995384905
0.17309117272528174
0.17294673763969992
0.17279576109108805
0.17263831333394875
0.17247446517370071
0.17230428696417607
0.17212784869610392
0.17194522122881886
0.1717564743330672
0.17156167806237452
0.17136090224705955
0.1711542169637972
0.17094169161190895
0.17072339570781608
0.17049939833342267
0.17026976896720494
0.17003457602389407
0.1697938886046154
0.16954777505863722
0.16929630378139843
0.1690395425704418
0.16877755962493704
0.16851042216976833
0.16823819778651658
0.1679609535030071
0.16767875613072086
0.16739167218286202
0.16709976810162458
0.16680310967529477
0.16650176280280193
0.16619579267182327
0.16588526447214264
0.16557024336510842
0.16525079327876832
0.16492697886492785
0.16459886358880163
0.16426651115763177
0.16392998492794655
0.1635893474444393
0.16324466143921837
0.16289598868599162
0.16254339157457337
0.16218693122061234
0.16182666849850574
0.16146266468559137
0.16109497965330105
0.16072367367726131
0.1603488063227972
0.15997043680193934
0.1595886237775133
0.15920342603138826
0.1588149016018319
0.15842310799542839
0.15802810260888622
0.15762994240784498
0.15722868393436082
0.1568243832049964
0.15641709619848707
0.15600687785765108
0.15559378312141908
0.1551778668411778
0.15475918291796717
0.15433778501873127
0.15391372640472203
0.1534870600543655
0.1530578383270509
0.1526261133633623
0.15219193665282335
0.15175535947767976
0.15131643276064446
0.15087520675923832
0.1504317314099243
0.14998605624708683
0.149538230639279
0.14908830292656539
0.1486363217247214
0.14818233481736875
0.14772638945413988
0.14726853286072694
0.1468088117437717
0.14634727207607828
0.14588395995710537
0.14541892025186218
0.1449521982750895
0.1444838386764305
0.14401388511210397
0.14354238163769412
0.14306937136274564
0.14259489718117996
0.14211900161103777
0.14164172672312003
0.141163114052988
0.14068320474078258
0.14020203974424222
0.13971965945107737
0.13923610358128397
0.13875141237038507
0.13826562420712607
0.137778778101005
0.13729091283693973
0.13680206583506094
0.13631227485590627
0.1358215771763729
0.1353300096085899
0.1348376080663911
0.13434440912579787
0.13385044807119645
0.13335575994651044
0.13286037977651877
0.1323643420393216
0.1318676806062603
0.13137042892506848
0.13087262072107037
0.1303742885497236
0.12987546487345664
0.12940994937430422
0.12905889578655463
0.12870605554467524
0.12835147163232874
0.1279951872492723
0.1276372442548657
0.127277684949624
0.1269165505866939
0.12655388208679325
0.12618971981315485
0.12582410383415896
0.12545707352874266
0.12508866819710684
0.12471892627576872
0.12434788605480378
0.12397558530381801
0.12360206094520575
0.12322735018183932
0.122851489351622
0.12247451431672422
0.12209646053793485
0.1217173632305821
0.12133725707018356
0.12095617641598862
0.12057415481490871
0.12019122578580146
0.1198074224596895
0.11942277730187786
0.11903732239441464
0.11865108987404913
0.11826411071998887
0.11787641613398701
0.11748803651046767
0.11709900218052857
0.11670934303196193
0.11631908834932245
0.11592826705950038
0.11553690820272444
0.11514503954469998
0.11475268922767433
0.11435988501712681
0.11396665362593532
0.11357302217331963
0.11317901703583165
0.11278466415753165
0.11238998943707817
0.11199501804538467
0.11159977521924125
0.11120428563652449
0.11080857355446358
0.11041266286545165
0.11001657733028014
0.10962034021916353
0.1092759833512606
0.10967579305591897
0.11007464776424543
0.11047254222271326
0.11086947120982858
0.11126542954911708
0.11166041203222507
0.11205441322529154
0.11244742857304384
0.11283945252477834
0.11323047992281253
0.11362050586107945
0.1140095252221311
0.11439753307909477
0.11478452419808177
0.1151704938291475
0.11555543673624073
0.11593934831682202
0.11632222331149004
0.11670405704977305
0.11708484464896113
0.11746458131540702
0.11784326212400603
0.11822088221471401
0.11859743725119476
0.11897292218770286
0.11934733243369743
0.11972066323972697
0.12009291021986614
0.1204640685574911
0.12083413382707821
0.12120310147329066
0.12157096709846314
0.12193772608053718
0.1223033741245741
0.1226679069664095
0.12303131988504623
0.12339360895440116
0.12375476970473166
0.12411479797933936
0.12447368936821389
0.12483144011877956
0.12518804572848352
0.1255435022749817
0.1258978056144145
0.12625095192869287
0.12660293705373984
0.1269537571478254
0.12730340808475807
0.1276518864417832
0.12799918797565832
0.12834530911273753
0.12869024604975532
0.129033994999902
0.12937655241605245
0.12971791482935127
0.13005807831227623
0.13039703946889192
0.13073479500084179
0.13107134106173932
0.1314066743920002
0.13174079181004203
0.13207368978299847
0.13240536494497523
0.13273581418102026
0.13306503411809595
0.13339302165746367
0.13371977370887997
0.13404528714006628
0.134369558793629
0.1346925858763415
0.13501436519114826
0.1353348940439758
0.13565416925204968
0.13597218826850985
0.13628894800863667
0.1366044458494954
0.13691867907589383
0.13723164493246787
0.13754334082302583
0.13785376416511289
0.13816291242875925
0.1384707829624631
0.13877737332305867
0.13908268121253256
0.1393867040430709
0.139689439514463
0.13999088550422203
0.14029103945343155
0.1405898992941143
0.1408874629587494
0.14118372792733827
0.1414786923461236
0.14177235420716186
0.14206471127485143
0.14235576188669513
0.14264550362937015
0.14293393484875017
0.1432210538086013
0.1435068584011443
0.14379134697689364
0.14407451802464502
0.14435636942822472
0.14463689976073188
0.1449161072137298
0.14519399050913284
0.14547054771893841
0.14574577762185276
0.14601967865889054
0.14629224932133053
0.1465634883589034
0.1468333943272998
0.14710196585615376
0.14736920185772315
0.14763510090763698
0.14789966186216547
0.14816288361491523
0.1484247649876437
0.148685304836556
0.1489445022771724
0.14920235617867061
0.149458865576393
0.1497140295720374
0.14996784727207896
0.15022031774424016
0.15047144023739584
0.15072121395767
0.15096963811691788
0.1512167119979106
0.151462434919101
0.15170680627498281
0.1519498254278357
0.15219149184340114
0.15243180498474757
0.1526707642863538
0.15290836930365811
0.1531446196375134
0.15337951490033555
0.15361305467811814
0.1538452386876172
0.15407606658246709
0.15430553817566325
0.15453365323072338
0.1547604115054262
0.15498581285777124
0.15520985725967565
0.15543254447094107
0.15565387446993648
0.15587384732460116
0.15609246298936497
0.15630972148458658
0.156525622881408
0.1567401672903842
0.15695335489096432
0.15716518580351063
0.15737566023632735
0.1575847784588906
0.15779254069387236
0.15799894721430277
0.15820399842512378
0.15840769461475854
0.1586100361782373
0.15881102356529003
0.15901065715680135
0.1592089375113589
0.15940586510404905
0.15960144045686367
0.15979566410793195
0.15998853676233057
0.16018005890620257
0.16037023123278044
0.16055905448866442
0.1607465293458536
0.1609326564591563
0.16111743676200105
0.16130087090026216
0.16148295974694155
0.16166370414440406
0.16184310501245272
0.1620211631763486
0.1621978796180964
0.16237325531391114
0.16254729118718475
0.16271998829485163
0.16289134764113403
0.16306137028878456
0.16323005737557322
0.16339740993763516
0.16356342915875302
0.16372811621362077
0.16389147226691275
0.16405349855809598
0.1642141962712443
0.16437356671516917
0.1645316111712106
0.16468833092761118
0.16484372733479016
0.16499780177154375
0.1651505556126528
0.16530199022266417
0.16545210712134137
0.16560090763897342
0.16574839334692923
0.16589456567664285
0.1660394261764537
0.16618297640542665
0.16632521793662955
0.16646615229163833
0.1666057811235295
0.16674410607793808
0.1668811287670048
0.16701685092062343
0.16715127414257
0.16728440018746008
0.16741623084995352
0.16754676781319228
0.16767601281368713
0.167803967788629
0.1679306344481749
0.16805601458572467
0.16818011017975731
0.1683029230025628
0.16842445500398276
0.16854470809532474
0.1686636841676463
0.16878138522947816
0.16889781314758817
0.16901297003751903
0.16912685777399
0.169239478475423
0.16935083416739394
0.16946092687697717
0.16956975874126606
0.16967733177221386
0.1697836480899426
0.16988870988516586
0.1699925192902902
0.17009507839967242
0.1701963894116921
0.1702964545726518
0.17039527605708643
0.17049285609308565
0.17058919697365202
0.1706843008426747
0.1707781700305165
0.1708708068801485
0.1709622136121345
0.1710523925941339
0.17114134610914009
0.17122907659985434
0.17131558632121427
0.17140087767626436
0.17148495314633175
0.1715678150256221
0.17164946578520363
0.17172990787468628
0.17180914365275157
0.17188717569406292
0.1719640064158547
0.17203963832514793
0.172114073844034
0.17218731560468478
0.17225936609301165
0.17233022775991472
0.17239990325358295
0.1724683951147114
0.1725357058885328
0.17260183821452735
0.17266679464443072
0.17273057782910345
0.17279319032190785
0.17285463482054458
0.1729149139629969
0.17297403035615064
0.17303198669096395
0.17308878570205924
0.1731444300061644
0.17319892230192202
0.1732522653205967
0.17330446182993509
0.17335551447400085
0.17340542604001663
0.1734541992237452
0.17350183685521275
0.1735483416693422
0.1735937164166708
0.1736379639711118
0.17368108701335314
0.1737230884219838
0.17376397101000504
0.17380373760693948
0.17384239100307322
0.1738799340145556
0.1739163695834003
0.173951700480361
0.17398592963724654
0.17401905984894522
0.17405109406795383
0.17408203518794751
0.17411188600764477
0.1741406495077155
0.17416832864002554
0.17419492618513746
0.17422044522047028
0.17424488862533435
0.17426825922627054
0.17429056017351346
0.17431179424489365
0.17433196449302102
0.17435107386578202
0.17436912527889983
0.17438612180179844
0.17440206635679922
0.1744169619539307
0.17443081156174012
0.1744436182508579
0.17445538490060566
0.17446611466172518
0.17447581050057773
0.17448447540598758
0.17449211247789392
0.1744987247102315
0.17450431506703487
0.17450888672298195
0.17451244258840126
0.17451498583532807
0.17451651952461925
0.17451704663231224
0.1745165702636585
0.17451509344663424
0.174512619321485
0.1745091509005709
0.17450469138176788
0.17449924367194822
0.1744928110548034
0.1744853964765033
0.174477003088676
0.1744676339813051
0.17445729226048043
0.17444598100751235
0.17443370339761124
0.17442046250094026
0.17440626139444732
0.1743911032528594
0.17437499119391553
0.1743579282652447
0.1743399177231702
0.17432096257095678
0.17430106598724163
0.17428023110875526
0.17425846109106458
0.17423575901592367
0.17421212805295247
0.1741875713580366
0.17416209203746724
0.1741356932702045
0.1741083781550437
0.174080149867864
0.17405101156671476
0.17402096642414241
0.17399001749935522
0.173958167980539
0.1739254211355171
0.17389177992012272
0.17385724767065186
0.17382182739008814
0.1737855223638899
0.1737483356705602
0.1737102705224851
0.17367132997825244
0.173631517318728
0.1735908356159297
0.17354928806898234
0.1735068778341767
0.17346360808178415
0.1734194818993057
0.17337450250362116
0.1733286731114138
0.17328199676777653
0.1732344766861016
0.1731861160189195
0.17313691793904706
0.1730868855795981
0.1730360221633277
0.17298433072315414
0.17293181452624568
0.17287847663126893
0.17282432030921874
0.1727693486061711
0.172713564727189
0.17265697181981446
0.17259957300296772
0.1725413714651265
0.17248237037802383
0.17242257280555032
0.17236198192105281
0.17230060091202806
0.17223843290076674
0.17217548095802618
0.17211174830197865
0.17204723807410768
0.17198195335659952
0.17191589730676074
0.1718490730827178
0.17178148378080796
0.17171313254266313
0.17164402246027768
0.1715741566811055
0.1715035383575354
0.1714321705415825
0.1713600564479747
0.17128719909904724
0.17121360161247787
0.171139267146991
0.17106419879213597
0.17098839960766044
0.1709118727917764
0.1708346213631709
0.170756648389592
0.17067795704492691
0.17059855041157226
0.17051843151924978
0.17043760351839504
0.1703560694103197
0.17027383235899612
0.17019089538164384
0.17010726160515402
0.17002293400897717
0.16993791578237444
0.16985220986962382
0.169765819408559
0.16967874740533856
0.16959099689749077
0.16950257103057503
0.16941347272197801
0.1693237051379036
0.1692332712507286
0.16914217409284119
0.1690504167123344
0.1689580021280995
0.16886493335787595
0.1687712133988096
0.16867684528743251
0.16858183210670769
0.1684861767247844
0.1683898822619986
0.16829295166418123
0.1681953879448373
0.16809719401390963
0.16799837302120263
0.16789892779815305
0.16779886140587896
0.16769817677540755
0.1675968769381476
0.16749496478612605
0.16739244331842387
0.1672893154424365
0.16718558419846571
0.16708125250856043
0.16697632327181702
0.16687079942066546
0.1667646839149601
0.16665797971192886
0.16655068972408693
0.16644281681058717
0.16633436398301712
0.16622533404195258
0.1661157300166513
0.16600555464824665
0.1658948110018514
0.1657835018572504
0.1656716301710161
0.1655591987167955
0.16544621051873337
0.16533266831895022
0.16521857504288567
0.1651039334910857
0.16498874661464147
0.16487301722685951
0.16475674811348895
0.16463994222098768
0.16452260225654877
0.16440473113365048
0.16428633169090345
0.164167406704138
0.16404795896401997
0.1639279913270934
0.1638075065465764
0.16368650749657984
0.16356499690888124
0.16344297756675255
0.16332045226037462
0.16319742379073474
0.16307389489809795
0.16294986832727368
0.16282534685689184
0.16270033329558758
0.16257483027441716
0.16244884065700085
0.16232236706256128
0.16219541232706441
0.16206797908215695
0.16194007012202574
0.1618116880770425
0.1616828357311613
0.16155351575004873
0.1614237307940933
0.16129348366173862
0.16116277685949343
0.16103161326648874
0.1608999954217018
0.16076792598019263
0.1606354077111948
0.16050244313694179
0.16036903505200747
0.16023518593762126
0.1601008985286825
0.15996617543731428
0.1598310192765267
0.15969543264994984
0.15955941819748384
0.15942297849832118
0.15928611613889293
0.1591488337815589
0.15901113392443056
0.15887301919637103
0.15873449223633232
0.15859555543808015
0.15845621153582218
0.1583164629472713
0.15817631235967003
0.15803576219034385
0.15789481504194056
0.1577534734508953
0.15761173989844302
0.157469616941104
0.15732710709899364
0.15718421278692613
0.15704093659707152
0.1568972809988797
0.1567532484468049
0.1566088414680268
0.15646406248877426
0.1563189140396516
0.15617339849936165
0.15602751838692683
0.15588127615441236
0.15573467416338424
0.15558771494176205
0.1554404008462318
0.15529273428524065
0.15514471780176964
0.15499635367849063
0.154847644332037
0.1546985922219882
0.15454919970737938
0.15439946913522418
0.1542494028779354
0.1540990033782757
0.15394827299045435
0.15379721400472454
0.15364582877333471
0.15349411970755733
0.1533420890843488
0.15318973927833424
0.1530370726040697
0.15288409137407002
0.15273079782251653
0.15257719441813808
0.15242328331813437
0.15226906684855784
0.15211454731707644
0.15195972697423837
0.15180460813853186
0.1516491930163094
0.1514934838867198
0.15133748299649938
0.15118119265671295
0.1510246150097539
0.15086775230472807
0.1507106067753081
0.15055318070055673
0.15039547625091312
0.15023749560134694
0.1500792409558765
0.14992071453233477
0.14976191852586812
0.14960285510698404
0.14944352636591177
0.14928393461699196
0.14912408189808754
0.1489639704412584
0.14880360234713283
0.1486429797245338
0.14848210479212318
0.14832097953282228
0.14815960625030467
0.14799798696270855
0.14783612372085927
0.1476740186954929
0.14751167397074239
0.14734909165489857
0.14718627373913398
0.14702322239946738
0.14685993967111421
0.14669642755932663
0.1465326881492597
0.1463687234961712
0.14620453563936686
0.14604012663095756
0.14587549844781303
0.1457106531455698
0.14554559273089945
0.14538031922554318
0.14521483457812226
0.14504914080268377
0.14488323991577157
0.14471713382479673
0.14455082460371324
0.14438431415982036
0.14421760444558773
0.14405069745174173
0.14388359509134388
0.14371629932400928
0.14354881207320655
0.14338113526335441
0.14321327079923352
0.14304522066418326
0.14287698667088913
0.14270857077796537
0.14253997489655465
0.14237120085371466
0.14220225055020502
0.1420331259206348
0.1418638287525795
0.1416943609394013
0.14152472429820373
0.141354920742831
0.1411849521081143
0.14101482018043804
0.14084452684004262
0.14067407385203148
0.14050346311376216
0.14033269634849055
0.14016177539022961
0.13999070206255287
0.1398194781128166
0.13964810533340744
0.1394765855406039
0.13930492048048013
0.13913311190332447
0.13896116155971008
0.1387890712637219
0.13861684268947436
0.1384444776141774
0.13827197769763386
0.13809934479969477
0.13792658053913429
0.13775368665031756
0.13758066477652758
0.13740751675472812
0.13723424423291547
0.13706084884418226
0.13688733227709252
0.1367136962644467
0.13653994239291006
0.13636607240965704
0.1361920879394553
0.13601799057642902
0.13584378203216693
0.13566946390642534
0.13549503785262243
0.13532050552096547
0.13514586845541557
0.13497112828107044
0.1347962866780024
0.1346213451873628
0.13444630538346755
0.13427116889463028
0.1340959372964992
0.13392061218721146
0.1337451950459655
0.13356968750500348
0.13339409111480052
0.13321840744244484
0.13304263798517393
0.13286678427460735
0.13269084784496038
0.13251483028563196
0.13233873307700447
0.13216255770152127
0.13198630574990775
0.13180997864689345
0.13163357787739996
0.13145710497646898
0.13128056137488867
0.13110394859194255
0.13092726812095593
0.13075052135205764
0.13057370986362157
0.1303968349690648
0.13021989818156177
0.13004290089045778
0.12986584464757184
0.12968873075230447
0.12951156075385833
0.12937083455275214
0.1292464180989701
0.1291217738226545
0.1289969036260832
0.12887180955240324
0.12874649344695238
0.12862095723882683
0.1284952029463046
0.1283692323278308
0.12824304742852996
0.1281166500854056
0.12799004223177124
0.12786322564262548
0.12773620230292118
0.12760897407780225
0.12748154281120871
0.1273539102954601
0.12722607839961184
0.12709804904490235
0.12696982397902967
0.12684140509011269
0.12671279408664066
0.12658399289789157
0.12645500326180006
0.12632582700577308
0.1261964658725269
0.12606692160364702
0.1259371961991331
0.12580729119270143
0.1256772083461824
0.12554694943102704
0.12541651629365264
0.12528591059890687
0.12515513413504176
0.1250241884747951
0.1248930755361989
0.12476179695166689
0.12463035434677514
0.12449874943020352
0.12436698393748559
0.12423505944952219
0.12410297785892367
0.12397074058437108
0.12383834945032869
0.1237058061001834
0.12357311190769912
0.12344026894275999
0.12330727849947162
0.1231741423627631
0.12304086213406447
0.12290743934541681
0.12277387581985025
0.12264017280415823
0.12250633210475419
0.12237235518767477
0.12223824386380276
0.1221039994248706
0.12196962367018814
0.12183511799439958
0.12170048391078393
0.12156572316741021
0.12143083712472225
0.12129582722407778
0.12116069530814176
0.12102544257231965
0.12089007082511222
0.12075458125572432
0.12061897542604258
0.12048325501286039
0.12034742144958159
0.12021147607448826
0.12007542037078214
0.11993925595279051
0.1198029842472375
0.11966660640171298
0.11953012423165835
0.11939353904415274
0.11925685240961402
0.11912006538336893
0.11898317971176973
0.11884619661657743
0.11870911762827416
0.11857194409455482
0.11843467749266873
0.11829731912175845
0.1181598702038769
0.1180223324887128
0.11788470692852061
0.1177469952176448
0.11760919864539596
0.1174713184179239
0.11733335586919626
0.11719531241889439
0.1170571895470765
0.11691898834087375
0.11678071017179609
0.11664235637815284
0.1165039283163079
0.11636542732417735
0.11622685437253207
0.11608821115081658
0.11594949875827067
0.11581071851831626
0.11567187163124083
0.11553295942652332
0.11539398315912734
0.11525494394402203
0.11511584321313685
0.11497668205548739
0.11483746176598289
0.11469818368750069
0.11455884898768837
0.11441945869673434
0.11428001416809856
0.11414051670483705
0.11400096730782805
0.11386136731404717
0.11372171777863377
0.11358202004666024
0.11344227522297022
0.11330248449648328
0.11316264884228035
0.11302276972106909
0.11288284817777126
0.1127428852356026
0.11260288207072855
0.11246284005840175
0.11232276002098893
0.11218264324950414
0.11204249076847184
0.11190230379102863
0.11176208334460504
0.11162183067411294
0.11148154671609073
0.11134123269591496
0.11120088950658558
0.11106051847607047
0.11092012039288858
0.11077969660327856
0.11063924808736492
0.11049877576679235
0.11035828097700917
0.1102177644240755
0.11007722743181683
0.10993667095538638
0.10979609594726986
0.10965550351141001
0.10951489463904816
0.10937427037132798
0.10926713922959388
0.10940913883833293
0.10955101859437011
0.10969277822652689
0.1098344176129138
0.10997593638308185
0.11011733422823128
0.1102586111912706
0.11039976677565774
0.11054080102219921
0.11068171336020231
0.11082250377764498
0.11096317202099244
0.11110371783755363
0.1112441410496875
0.111384441315728
0.11152461832501918
0.11166467221853832
0.11180460231842927
0.11194440873852864
0.11208409105309856
0.11222364913639414
0.11236308261687873
0.11250239153563928
0.11264157541615331
0.1127806339758872
0.11291956730466732
0.1130583748227792
0.1131970565605779
0.11333561223042242
0.11347404160250085
0.11361234427265834
0.11375052024419723
0.11388856936018252
0.11402649096121448
0.11416428528788679
0.11430195199462133
0.11443949065849185
0.11457690137799086
0.1147141836475444
0.11485133734213598
0.11498836215119233
0.11512525809058713
0.11526202481288615
0.1153986620008771
0.1155351695242359
0.11567154718667044
0.11580779459154536
0.11594391187555225
0.11607989844781672
0.11621575435291845
0.11635147920732264
0.11648707284805314
0.11662253504206578
0.11675786563730015
0.1168930644430279
0.11702813107119861
0.11716306543383923
0.11729786741631194
0.11743253649144908
0.11756707275257385
0.11770147576178693
0.1178357455291343
0.11796988170172044
0.11810388406975665
0.11823775254026753
0.11837148656455948
0.11850508635770339
0.1186385515034949
0.11877188179346863
0.11890507708806396
0.11903813706134474
0.11917106157297995
0.11930385035155416
0.11943650337397158
0.11956902029044565
0.11970140087874105
0.11983364492927132
0.11996575230831812
0.1200977228828955
0.12022955622797224
0.12036125234703875
0.12049281084980909
0.12062423164060923
0.12075551457172336
0.12088665946611096
0.12101766588497392
0.12114853388130493
0.12127926308369298
0.12140985338553661
0.12154030448186538
0.12167061646648704
0.12180078871191986
0.12193082129314217
0.12206071411169754
0.12219046669658375
0.12232007898516772
0.12244955079171359
0.12257888180586822
0.12270807201671019
0.12283712127887211
0.12296602909452865
0.12309479544065909
0.12322342024280801
0.12335190314286992
0.1234802439408907
0.12360844257964007
0.12373649882665345
0.12386441238890379
0.12399218313945555
0.12411981100966935
0.12424729562427946
0.1243746369363986
0.12450183466688722
0.12462888875196344
0.1247557988715066
0.12488256491545222
0.12500918656431706
0.1251356637835423
0.1252619965104346
0.12538818438701899
0.12551422707952573
0.12564012465793198
0.12576587703118067
0.12589148375027406
0.12601694459388593
0.1261422596564652
0.12626742865516324
0.12639245150026449
0.12651732765816817
0.12664205735472112
0.1267666403789782
0.12689107620635592
0.12701536507145036
0.1271395065908886
0.12726350063350456
0.12738734690934977
0.1275110455004402
0.12763459602549154
0.12775799848311306
0.12788125245032772
0.12800435812551286
0.12812731499672592
0.12825012301587302
0.128372782089013
0.1284952919513611
0.12861765251484195
0.1287398634588384
0.12886192481588135
0.12898383642684833
0.12910559799488544
0.12922720935207155
0.1293486702765026
0.12946998093654155
0.12959114094137222
0.12971214997706473
0.12983300816576981
0.12995371532655223
0.1300742710019958
0.13019467539817456
0.13031492819886492
0.13043502917434108
0.13055497821163853
0.13067477528290353
0.130794420093481
0.13091391261586438
0.1310332524874151
0.1311524398146829
0.13127147418023868
0.1313903557858141
0.13150908402776998
0.13162765914790645
0.13174608075414448
0.1318643488055424
0.13198246313747036
0.13210042362807073
0.13221823007114206
0.1323358823581732
0.13245338044520932
0.13257072397277087
0.13268791285573017
0.13280494704112353
0.13292182644753275
0.1330385506469958
0.1331551198002073
0.13327153354045249
0.13338779196525588
0.1335038947700866
0.1336198419144247
0.13373563305456918
0.1338512681947669
0.13396674733457906
0.13408207012846834
0.13419723652493548
0.1343122462560276
0.1344270993704495
0.1345417957650858
0.13465633517653045
0.13477071739905322
0.13488494260746506
0.13499901028413566
0.13511292062046668
0.13522667342631942
0.13534026835252932
0.1354537054081946
0.1355669844458717
0.13568010557111615
0.13579306824434717
0.13590587265297835
0.13601851856410038
0.13613100588692326
0.13624333443569428
0.1363555041584119
0.136467514811358
0.13657936640060545
0.13669105883174001
0.13680259179216078
0.13691396536401115
0.13702517934704836
0.13713623367624134
0.13724712797109767
0.1373578625452018
0.1374684370232723
0.13757885116713434
0.1376891052212687
0.13779919875054664
0.13790913183597306
0.1380189042356556
0.13812851594755438
0.13823796677008413
0.13834725651743185
0.13845638543163635
0.13856535298283879
0.1386741592051814
0.13878280405757792
0.1388912874744799
0.13899960925768498
0.1391077693031462
0.1392157674226647
0.1393236037028835
0.13943127788099793
0.13953878995470848
0.13964613968496709
0.1397533271232088
0.13986035208831799
0.13996721450431207
0.14007391417146367
0.14018045120818903
0.14028682530634523
0.1403930364871572
0.14049908458256163
0.14060496956510798
0.14071069119293955
0.14081624956017488
0.14092164453102765
0.14102687587354576
0.14113194343239202
0.14123684756184418
0.14134158772704444
0.14144616383270023
0.1415505761814295
0.14165482424967896
0.1417589081745728
0.14186282782005458
0.1419665832563784
0.14207017399221142
0.1421736003634135
0.14227686194989944
0.1423799589585661
0.14248289103170214
0.1425856583643464
0.1426882604814267
0.14279069775914421
0.1428929698674448
0.1429950766072903
0.1430970181751455
0.14319879431050933
0.14330040493009008
0.14340185010322223
0.14350312950934482
0.14360424325949817
0.1437051912245416
0.1438059733145328
0.14390658953472094
0.1440070395427397
0.14410732368363136
0.14420744139715824
0.14430739312357874
0.144407178297943
0.14450679724921758
0.14460624963127114
0.1447055355310734
0.14480465475784243
0.14490360741553815
0.14500239308673285
0.14510101207410267
0.14519946419721044
0.1452977493537633
0.14539586749125485
0.14549381845066392
0.14559160230577836
0.14568921897750833
0.14578666826775324
0.14588395016901134
0.1459810646375524
0.14607801171514948
0.14617479128521124
0.14627140305060923
0.14636784734831712
0.14646412382404
0.14656023248045374
0.14665617329167807
0.146751946103866
0.1468475510177731
0.14694298790602325
0.14703825679035623
0.14713335744004186
0.14722828980268682
0.14732305405102933
0.14741764998369408
0.14751207745320588
0.1476063365269074
0.14770042715406959
0.14779434917484743
0.147888102783086
0.147981687629848
0.14807510374963959
0.14816835125442052
0.14826142986640395
0.1483543397462176
0.14844708069593882
0.14853965275032224
0.1486320558961541
0.14872428989801362
0.14881635491416254
0.14890825070289923
0.1489999774396214
0.14909153506931258
0.14918292322391413
0.1492741422345896
0.14936519189454822
0.1494560722062013
0.1495467830778581
0.14963732457594664
0.1497276964142836
0.14981789882901547
0.14990793170287284
0.1499977949493502
0.15008748847737555
0.15017701230034322
0.15026636650709174
0.15035555093170777
0.15044456545393514
0.1505334103761405
0.15062208525357074
0.1507105902847401
0.15079892536171835
0.1508870905663949
0.15097508563044262
0.15106291075397812
0.15115056584831882
0.15123805077524693
0.15132536569748095
0.15141251034707853
0.15149948501676483
0.15158628927013723
0.15167292344385302
0.15175938737630076
0.15184568084923564
0.1519318041870658
0.1520177572137608
0.15210353980590385
0.1521891519850252
0.1522745938266389
0.15235986526105347
0.15244496614369327
0.15252989658930013
0.15261465658903448
0.15269924605370078
0.1527836649452623
0.1528679133309062
0.15295199122214756
0.15303589837013554
0.15311963500802792
0.1532032010188582
0.1532865964120186
0.15336982102850738
0.15345287508431202
0.15353575840272338
0.15361847106843698
0.15370101293066346
0.153783384198284
0.15386558463070257
0.1539476143657697
0.15402947325431243
0.15411116129571575
0.15419267869418743
0.154274025260282
0.154355200941368
0.15443620598183957
0.15451704010353012
0.1545977032851631
0.1546781957855431
0.15475851727121423
0.1548386679684452
0.15491864786465231
0.1549984568478351
0.15507809489662078
0.15515756215291923
0.15523685855957506
0.15531598405843955
0.15539493860870968
0.15547372222430908
0.1555523350711989
0.15563077695293837
0.15570904798145585
0.1557871481914677
0.1558650773682859
0.15594283564068107
0.15602042315557454
0.1560978397345878
0.15617508536093375
0.15625216019267454
0.15632906406457941
0.15640579709376337
0.1564823592649789
0.15655875053461207
0.1566349709336464
0.15671102055101643
0.15678689928325573
0.1568626070698823
0.15693814414466717
0.15701351034001654
0.157088705700895
0.15716373025202734
0.15723858415245495
0.15731326716723773
0.15738777938941984
0.15746212073033836
0.15753629146324014
0.1576102914608835
0.1576841205591328
0.15775777913009345
0.1578312669067755
0.15790458390642279
0.15797773036541604
0.15805070619213757
0.15812351129360372
0.15819614563491094
0.15826860954390773
0.15834090277914278
0.15841302540419197
0.15848497755935592
0.15855675904319938
0.1586283701101187
0.158699810593101
0.15877108056352143
0.1588421801435396
0.15891310925731278
0.15898386792921732
0.15905445618832956
0.15912487416271254
0.15919512159837798
0.15926519882217974
0.1593351057703748
0.15940484231972407
0.1594744087098803
0.1595438046968212
0.1596130306300602
0.15968208628141745
0.15975097172666236
0.15981968707914565
0.1598882323884342
0.1599566075549109
0.16002481272375807
0.16009284777705268
0.1601607129633552
0.16022840791905668
0.16029593325390862
0.1603632884777511
0.16043047380259562
0.1604974895385393
0.16056433518317384
0.16063101112419612
0.16069751744437313
0.16076385383388003
0.1608300206824848
0.16089601784949195
0.16096184540122604
0.16102750334386437
0.16109299178504113
0.16115831072441528
0.16122346025153272
0.16128844022431932
0.16135325079960858
0.1614178921187409
0.16148236402032692
0.16154666671001977
0.1616108000595814
0.16167476430107416
0.16173855940532972
0.16180218529393192
0.16186564211605112
0.1619289297993367
0.1619920485452318
0.1620549984046643
0.16211777925368706
0.16218039127015596
0.16224283444316112
0.16230510881415236
0.1623672144424844
0.1624291513593399
0.16249091971479443
0.16255251934842413
0.16261395040595028
0.16267521296657442
0.1627363070144219
0.16279723270679258
0.16285798998145307
0.162918578867682
0.1629789995581327
0.16303925196073332
0.16309933617007624
0.16315925230669165
0.16321900034391557
0.16327858021326377
0.16333799226911863
0.16339723628366132
0.16345631248627118
0.1635152207040055
0.1635739612245319
0.16363253392392094
0.1636909391089119
0.16374917654566548
0.16380724649396852
0.16386514889280376
0.16392288379689435
0.1639804513157274
0.16403785160042209
0.16409508435553574
0.16415215004218067
0.16420904834272967
0.16426577976422393
0.1643223439824299
0.16437874117669565
0.1644349715608083
0.16449103479566501
0.16454693144370133
0.16460266118843675
0.16465822423143442
0.16471362057577998
0.1647688503766151
0.1648239136016066
0.16487881034481242
0.16493354054717657
0.1649881046080953
0.1650425021984122
0.1650967336766245
0.16515079897079568
0.16520469821623732
0.16525843132274962
0.1653119983651924
0.1653653997408335
0.1654186350040738
0.16547170456122398
0.16552460858660406
0.1655773467852523
0.16562991943411423
0.16568232643916223
0.16573456819774965
0.16578664446723756
0.1658385554295429
0.1658903010787264
0.1659418816247637
0.16599329695012843
0.16604454729167348
0.16609563262390445
0.16614655310514267
0.1661973088391023
0.16624789958741698
0.16629832578356943
0.16634858729259877
0.16639868437379599
0.16644861675748815
0.1664983849040212
0.16654798863366627
0.16659742814055126
0.1666467033543565
0.16669581455429025
0.1667447616344376
0.16679354479537806
0.16684216414444913
0.16689061949204412
0.1669389111733479
0.16698703925138483
0.16703500355894968
0.16708280463003414
0.1671304420290583
0.16717791603857002
0.16722522691399375
0.16727237450123614
0.16731935892757288
0.16736618024970257
0.1674128386963912
0.16745933414021277
0.1675056668410776
0.16755183674178403
0.16759784398309344
0.16764368885769856
0.16768937102154569
0.16773489077382872
0.16778024815634696
0.16782544334044547
0.16787047627179735
0.16791534713405162
0.1679600560705026
0.16800460304295625
0.1680489880885595
0.1680932115060667
0.1681372730896265
0.16818117316848363
0.16822491173957352
0.1682684889144529
0.1683119046271208
0.16835515915590088
0.1683982524008677
0.16844118462462115
0.1684839558425493
0.16852656615474107
0.16856901570425054
0.1686113044500449
0.16865343254541645
0.16869540005134254
0.16873720709397008
0.16877885361935482
0.1688203399989255
0.16886166603068864
0.16890283208398316
0.16894383803978813
0.168984684025434
0.16902537002738005
0.16906589644315465
0.16910626311591012
0.16914647015134474
0.16918651774019364
0.16922640580716725
0.1692661346532279
0.16930570426081049
0.16934511483158568
0.16938436621745936
0.16942345871627545
0.16946239229805773
0.16950116710498558
0.1695397833488469
0.16957824102235977
0.16961654017310107
0.16965468079191856
0.16969266333660474
0.16973048746612598
0.1697681536655393
0.16980566180837056
0.1698430119001547
0.1698802044030642
0.16991723897641856
0.16995411599114785
0.16999083548309166
0.1700273977056748
0.17006380239582525
0.17010004986560803
0.17013614017806608
0.1701720734204109
0.17020784972739691
0.17024346933402074
0.17027893211449507
0.1703142381502364
0.1703493877987281
0.1703843808173895
0.17041921748948696
0.17045389805658426
0.17048842241619275
0.1705227907226392
0.17055700302672636
0.17059105955005108
0.1706249602452015
0.17065870527008103
0.17069229487736795
0.17072572884290038
0.1707590076587265
0.17079213124081705
0.17082509948301677
0.17085791286435165
0.1708905712700544
0.17092307474838642
0.17095542362253732
0.17098761781670763
0.17101965756855536
0.17105154281666132
0.17108327377369395
0.1711148504584178
0.17114627327824952
0.17117754183778297
0.17120865655785933
0.1712396176109446
0.1712704249485839
0.17130107869126399
0.17133157898400395
0.1713619258702613
0.17139211944959779
0.17142215999041838
0.17145204754320673
0.17148178202090575
0.1715113637035341
0.17154079280544074
0.1715700691359431
0.17159919295135637
0.17162816451170804
0.17165698372409438
0.17168565085769383
0.17171416576742385
0.17174252874976553
0.17177073991576233
0.17179879939515713
0.17182670722630897
0.17185446351737416
0.17188206839278974
0.17190952200137782
0.1719368243404091
0.17196397579533323
0.17199097606968097
0.1720178256855605
0.1720445243970713
0.17207107260686877
0.17209747020377972
0.1721237174360038
0.1721498144770352
0.17217576120071593
0.1722015579341563
0.17222720463148414
0.17225270155282849
0.17227804876743594
0.17230324637154318
0.1723282943887331
0.17235319318504397
0.17237794267782044
0.1724025429428908
0.1724269940972809
0.1724512964038398
0.17247545001289977
0.17249945472355108
0.17252331101941565
0.17254701873657471
0.17257057821931604
0.17259398942774823
0.1726172524612755
0.1726403675503132
0.17266333478504414
0.172686154135293
0.17270882593142273
0.1727313502379276
0.17275372710750977
0.17277595657969375
0.17279803890360654
0.17281997420196155
0.17284176250759947
0.17286340407030468
0.17288489889393654
0.1729062471767352
0.17292744892244855
0.17294850436747444
0.17296941350045938
0.17299017655634413
0.17301079356683602
0.17303126482678235
0.17305159028013617
0.17307177012091904
0.173091804312354
0.17311169325579867
0.1731314368820601
0.17315103526642675
0.17317048885676475
0.17318979733602288
0.17320896101742947
0.1732279801824742
0.17324685461259304
0.17326558467667105
0.17328417054843448
0.17330261210904055
0.17332090963476063
0.17333906321418724
0.17335707299728906
0.1733749391668504
0.17339266152542068
0.1734102406657246
0.17342767642809306
0.17344496896416056
0.17346211844652037
0.173479124945361
0.1734959885504922
0.1735127095572357
0.17352928789826338
0.17354572376720395
0.17356201737739907
0.1735781687398909
0.17359417799722213
0.17361004529622165
0.1736257707884911
0.17364135461919752
0.17365679672635106
0.17367209744631112
0.1736872568472433
0.17370227508984756
0.17371715202527832
0.17373188823950045
0.17374648338250884
0.1737609380821951
0.17377525206689112
0.1737894255039466
0.1738034587987784
0.17381735173213403
0.17383110466461202
0.17384471765723836
0.17385819067849614
0.1738715241555505
0.1738847180887607
0.17389777252452443
0.17391068761739809
0.17392346347386684
0.1739361004209834
0.1739485983959744
0.17396095748179669
0.17397317800597623
0.17398525986596183
0.17399720341317576
0.17400900856947848
0.1740206755655579
0.1740322046379031
0.1740435957553999
0.17405484903014304
0.17406596467977106
0.1740769429498868
0.17408778367550584
0.17409848724422264
0.17410905365221727
0.1741194829224412
0.174129775575028
0.17413993125699112
0.17414995057535
0.17415983323991313
0.17416957952647696
0.17417918978498648
0.1741886638728391
0.17419800194819388
0.17420720420172478
0.17421627080822524
0.1742252018383095
0.174233997456166
0.17424265769358807
0.17425118278699425
0.17425957278616253
0.17426782807148763
0.17427594842751265
0.17428393425036892
0.17429178549556737
0.17429950225345042
0.17430708494218636
0.1743145334845517
0.1743218479443192
0.17432902858845875
0.17433607555080352
0.17434298882170826
0.17434976875270114
0.17435641533382581
0.1743629287423523
0.17436930917474228
0.17437555655216996
0.17438167118762266
0.1743876531675708
0.17439350254249325
0.17439921974678296
0.1744048044306825
0.17441025713009042
0.1744155779145003
0.17442076677995366
0.17442582378773805
0.17443074949124507
0.1744355435338465
0.17444020619529843
0.17444473784670067
0.17444913841261192
0.1744534079729619
0.174457546808182
0.1744615550021855
0.1744654327823938
0.17446918012104976
0.17447279716320654
0.17447628414705058
0.1744796410473743
0.17448286816382585
0.1744859656697668
0.17448893352287012
0.17449177206155111
0.17449448117504543
0.17449706120449912
0.17449951214345494
0.17450183429061572
0.1745040275884064
0.17450609231509365
0.17450802848707087
0.17450983641487824
0.17451151619668318
0.1745130677298968
0.17451449139845535
0.17451578722521568
0.17451695548109725
0.17451799627789616
0.17451890954934743
0.17451969554473482
0.1745203545117524
0.1745208864382605
0.17452129144670003
0.17452156987835984
0.17452172161984847
0.17452174705758294
0.17452164602011155
0.1745214190628005
0.17452106591104335
0.17452058692647934
0.174519982219534
0.17451925187700232
0.1745183960922397
0.17451741487437183
0.17451630861163567
0.17451507718657672
0.17451372084510022
0.17451223972581703
0.17451063389221333
0.1745089036360358
0.17450704896050342
0.174505070187811
0.17450296715790892
0.17450074009270414
0.17449838936621043
0.17449591489146618
0.17449331693876774
0.17449059552754884
0.1744877508873793
0.17448478312280616
0.1744816923956486
0.1744784786661735
0.17447514242147097
0.17447168348591727
0.17446810211448419
0.17446439852313636
0.17446057268511977
0.17445662487848668
0.1744525551234254
0.17444836365587524
0.1744440505323373
0.174439616131523
0.17443506023785374
0.17443038325254762
0.17442558520957746
0.174420666127813
0.174415626392031
0.17441046605253283
0.174405185237667
0.174399783945418
0.1743942626121838
0.1743886210358776
0.17438285962500064
0.17437697834488952
0.17437097758724554
0.17436485710809582
0.1743586173622465
0.17435225841427932
0.17434578026426095
0.17433918323058742
0.17433246728091084
0.17432563288925998
0.17431867977824744
0.17431160832596906
0.1743044185414818
0.17429711069246556
0.1742896848662299
0.17428214120500893
0.17427447992205106
0.17426670097887678
0.17425880460530777
0.17425079109392605
0.17424266031702715
0.17423441253488836
0.17422604806684303
0.1742175668329691
0.174208968884592
0.17420025459737964
0.1741914240596424
0.17418247725749544
0.1741734145332635
0.17416423581068433
0.17415494146408336
0.17414553147021614
0.17413600614212257
0.17412636543130638
0.1741166095647462
0.17410673852039857
0.1740967527554058
0.17408665224428507
0.17407643705838532
0.17406610741172565
0.17405566353509658
0.1740451053562838
0.17403443322535858
0.17402364705624665
0.17401274722593865
0.17400173376287312
0.17399060678000003
0.17397936660984645
0.173968013093774
0.17395654649061792
0.17394496696145129
0.1739332747729471
0.17392146983883391
0.17390955242736855
0.17389752275991385
0.17388538092243708
0.17387312683745887
0.1738607608921072
0.17384828319939416
0.17383569373570143
0.17382299284626232
0.1738101805399278
0.1737972571608718
0.17378422249052614
0.17377107695119715
0.17375782067812895
0.17374445358614718
0.17373097614364172
0.17371738819097177
0.17370369006689515
0.17368988181003595
0.17367596367473226
0.17366193559365162
0.17364779788124166
0.17363355071414993
0.1736191940581056
0.1736047283532277
0.17359015329081526
0.17357546932092704
0.17356067661718252
0.17354577507362576
0.1735307650698737
0.17351564675599215
0.1735004200589142
0.1734850852660179
0.17346964247929436
0.173454091838657
0.17343843348881136
0.17342266766386422
0.1734067943304654
0.17339081384078692
0.1733747260620447
0.17335853144951424
0.17334222982228742
0.1733258215655203
0.17330930674145043
0.17329268551018653
0.17327595791600037
0.17325912413992303
0.17324218444278558
0.1732251388762459
0.1732079876367138
0.17319073081129968
0.1731733683936914
0.17315590080729046
0.17313832801378054
0.17312065011289
0.17310286745494766
0.1730849801730663
0.1730669880440546
0.1730488915724014
0.17303069076073554
0.17301238588483756
0.17299397687748827
0.17297546402875486
0.17295684732825872
0.17293812711151219
0.17291930349348558
0.17290037644427947
0.1728813462043356
0.17286221288550338
0.17284297663487422
0.17282363780119375
0.1728041963285418
0.17278465224281733
0.17276500581702428
0.17274525724305215
0.17272540662108632
0.17270545402101753
0.17268539966432506
0.17266524373060924
0.17264498622035207
0.17262462735514117
0.17260416742171594
0.17258360617358467
0.17256294409661896
0.1725421813612629
0.17252131775122062
0.17250035370844627
0.17247928940192803
0.17245812470690688
0.1724368600053169
0.1724154954516719
0.1723940309354081
0.1723724667718047
0.17235080313963336
0.17232903999529908
0.1723071775742549
0.1722852162217218
0.17226315584557364
0.1722409965685074
0.17221873874366506
0.17219638218217925
0.17217392728485975
0.1721513743003044
0.172128723017173
0.17210597379219134
0.17208312669721706
0.17206018179015675
0.17203713948698998
0.17201399973569376
0.17199076255414475
0.17196742835263298
0.1719439970554897
0.1719204690544219
0.17189684412513254
0.17187312271493668
0.17184930485458808
0.17182539081248696
0.17180138036888526
0.17177727404777862
0.17175307172627896
0.17172877363354372
0.1717043801704994
0.17167989106177534
0.17165530664682155
0.1716306269859402
0.171605852229029
0.17158098270975075
0.1715560183544565
0.17153095941076113
0.17150580582232589
0.17148055804135173
0.17145521607567113
0.17142977989471891
0.17140424985719246
0.17137862593038594
0.1713529084156862
0.1713270975110722
0.17130119299437715
0.17127519540615257
0.17124910450075853
0.17122292084589702
0.17119664431287232
0.1711702749159082
0.17114381319625876
0.17111725895906973
0.17109061248647414
0.17106387390072358
0.17103704336554257
0.17101012082176148
0.1709831067197089
0.17095600090114205
0.17092880371367478
0.1709015152119269
0.17087413563241466
0.17084666487408687
0.17081910335384584
0.17079145106940577
0.1707637080680371
0.17073587477136226
0.17070795104698583
0.1706799370810625
0.1706518330840927
0.17062363920482163
0.17059535560129663
0.17056698222908018
0.17053851942589457
0.17050996726434084
0.17048132575055788
0.17045259535528504
0.17042377569253225
0.17039486746901558
0.17036587047778928
0.17033678505916544
0.17030761102673364
0.17027834894340824
0.17024899858311504
0.17021956025516913
0.17019003419808887
0.17016042026115247
0.1701307187323659
0.17010092991268813
0.1700710536984065
0.17004109017438654
0.17001103986495714
0.16998090245998645
0.16995067840678996
0.16992036779551434
0.16988997061582178
0.16985948695161857
0.1698289172917827
0.16979826150686392
0.16976751962568443
0.16973669209977224
0.1697057788765494
0.16967478006679462
0.1696436959068223
0.16961252646787245
0.16958127195367315
0.16954993236269056
0.16951850807025795
0.16948699887970153
0.16945540523422534
0.16942372720176252
0.16939196476497584
0.16936011812286766
0.16932818746200587
0.1692961729070327
0.1692640745957501
0.16923189279144663
0.16919962734049332
0.16916727849900765
0.16913484663799172
0.16910233148518355
0.169069733395697
0.16903705253774493
0.1690042891345766
0.16897144297446826
0.1689385145906357
0.16890550374306912
0.16887241082602628
0.1688392359608366
0.16880597909410375
0.16877264067996472
0.1687392204749437
0.16870571884484728
0.16867213600789277
0.16863847180630884
0.16860472671067656
0.16857090058473975
0.1685369936529672
0.16850300604845178
0.16846893789028233
0.16843478939958875
0.16840056066151057
0.16836625183078227
0.16833186295846186
0.16829739421747883
0.16826284569688968
0.1682282177560141
0.16819351014160802
0.1681587232992112
0.16812385736883673
0.16808891218900973
0.16805388819140007
0.16801878542702034
0.167983603978035
0.16794834397988959
0.16791300569715756
0.16787758911089415
0.1678420942920958
0.16780652153392056
0.1677708708921407
0.167735142671006
0.16769933674489904
0.16766345330117882
0.16762749254020365
0.16759145469689152
0.16755533979222087
0.16751914787108038
0.16748287915072474
0.16744653382993482
0.16741011180774992
0.16737361353120556
0.1673370390052725
0.16730038822985469
0.16726366153908317
0.16722685890922345
0.1671899805632609
0.16715302656652473
0.16711599723297066
0.16707889241874319
0.1670417124133009
0.16700445720334484
0.16696712726566723
0.16692972233840206
0.1668922426738971
0.16685468858559416
0.166817060096072
0.16677935714994574
0.16674158013114143
0.16670372910851008
0.16666580410145002
0.16662780526998114
0.1665897329244148
0.16655158701924944
0.1665133676901698
0.16647507501161782
0.16643670943762973
0.16639827064371435
0.16635975914296763
0.166321174839091
0.16628251793866264
0.16624378856566402
0.16620498670170686
0.16616611287981037
0.16612716677485292
0.16608814879191663
0.16604905907234632
0.16600989750038136
0.1659706644207772
0.16593135987624866
0.16589198403900948
0.1658525369888559
0.16581301882152882
0.16577342992847577
0.16573377003617637
0.16569403954134973
0.1656542386548661
0.16561436708819308
0.1655744255279538
0.16553441356460122
0.16549433170742942
0.16545417991444966
0.1654139584516367
0.16537366716198956
0.16533330653620856
0.1652928764005305
0.16525237701274964
0.16521180860949586
0.1651711710780465
0.16513046477781745
0.16508968965270254
0.1650488459370062
0.16500793366487904
0.1649669531864326
0.16492590433626764
0.16488478738859122
0.1648436025389258
0.16480234969653967
0.16476102920279453
0.16471964105313702
0.16467818558067027
0.16463666266803292
0.1645950725123632
0.16455341519237254
0.16451169109422306
0.16446989994378763
0.16442804211121045
0.16438611789131433
0.1643441269687198
0.16430206976958636
0.16425994627353357
0.16421775694752508
0.16417550140367576
0.16413318014649428
0.1640907932135275
0.16404834056193088
0.16400582259650964
0.1639632391237038
0.16392059064832307
0.1638778769980857
0.16383509826408266
0.1637922547611046
0.16374934653851778
0.16370637385101602
0.16366333663151283
0.1636202351153654
0.16357706924255222
0.16353383935042154
0.16349054564476925
0.1634471879023358
0.1634037665369943
0.16336028154527318
0.16331673314840017
0.16327312127455854
0.16322944627081495
0.1631857081912448
0.16314190704925635
0.16309804320490678
0.16305411650355528
0.16301012728058695
0.16296607543333014
0.1629219613885005
0.16287778502115943
0.1628335466662877
0.1627892461180739
0.16274488388569427
0.16270045984090054
0.1626559740857232
0.16261142701675646
0.16256681839263049
0.1625221486390825
0.16247741769189863
0.16243262587738252
0.16238777300621524
0.16234285949082186
0.1622978852042529
0.16225285050510074
0.16220775531935952
0.16216259997824098
0.16211738438776838
0.16207210886146814
0.16202677320124093
0.16198137796350223
0.16193592291636386
0.16189040838289814
0.1618448344765523
0.16179920120356267
0.16175350866750535
0.16170775719469668
0.16166194670891657
0.1616160774015575
0.16157014950426846
0.16152416287961224
0.16147811777841214
0.1614320144406868
0.16138585280503903
0.1613396330172546
0.16129335542808196
0.16124701974966607
0.16120062640349336
0.16115417562981718
0.16110766713045382
0.16106110122090314
0.1610144781945927
0.1609677978951694
0.16092106063870837
0.16087426643911917
0.16082741545482518
0.16078050774290908
0.16073354360650538
0.16068652300464828
0.16063944597728158
0.16059231290350692
0.16054512355401154
0.16049787829057324
0.16045057730209727
0.16040322054701545
0.16035580816903408
0.1603083402750424
0.1602608170202042
0.16021323848899074
0.16016560489074852
0.16011791620445293
0.16007017266138082
0.16002237428002164
0.15997452121745634
0.15992661381532655
0.15987865170039123
0.1598306354242192
0.15978256488010767
0.15973444024575115
0.15968626176423198
0.15963802933761384
0.15958974314831725
0.15954140336384362
0.15949301014110864
0.15944456351809688
0.15939606354023408
0.15934751054086033
0.1592989043858678
0.15925024540296487
0.15920153354242594
0.15915276897302338
0.1591039518808776
0.1590550823654524
0.15900616034258636
0.1589571861986416
0.15890815997748609
0.15885908178177233
0.15880995162407135
0.15876076972572595
0.1587115361064706
0.158662251075479
0.15861291448323525
0.15856352671870533
0.15851408758702823
0.15846459740170538
0.15841505628400177
0.15836546433495674
0.15831582171503394
0.1582661284198987
0.15821638458356432
0.15816659036081265
0.15811674571260176
0.15806685114989358
0.15801690633098286
0.15796691156826595
0.15791686707180932
0.1578667728226451
0.157816628962665
0.15776643559214615
0.15771619286352428
0.15766590074641548
0.15761555958563384
0.15756516935106474
0.15751473022007295
0.1574642422569077
0.15741370557933693
0.1573631201762498
0.15731248653512805
0.15726180428552913
0.15721107395411812
0.1571602952845486
0.15710946863068667
0.15705859421463544
0.15700767187018558
0.15695670171039383
0.15690568419088677
0.15685461908418066
0.1568035065119911
0.15675234669566737
0.15670113989516496
0.15664988582837727
0.15659858507453184
0.15654723730249978
0.15649584281095197
0.15644440179160624
0.15639291434689254
0.15634138049613233
0.15628980032205406
0.1562381740655918
0.15618650160578623
0.1561347833090855
0.15608301914827996
0.1560312092934575
0.15597935384837305
0.15592745283313023
0.15587550651166293
0.15582351471627748
0.15577147795107052
0.15571939601845952
0.15566726920419927
0.15561509748327582
0.15556288105472607
0.15551061983834977
0.15545831436464275
0.15540596422730374
0.155353569950212
0.15530113141152502
0.1552486486805056
0.15519612213566575
0.15514355159840634
0.1550909372274845
0.15503827934080816
0.15498557782918673
0.1549328328903593
0.1548800445891889
0.15482721315066425
0.1547743384487094
0.1547214207481513
0.15466846015346336
0.15461545667761015
0.15456241060029544
0.15450932192874142
0.15445619071981617
0.15440301711634324
0.15434980117631944
0.15429654324835024
0.15424324321322863
0.15418990105615638
0.1541365170688791
0.15408309146577642
0.1540296240814077
0.15397611529985666
0.1539225651314459
0.15386897348745177
0.15381534055578924
0.15376166664389768
0.15370795173682372
0.15365419589684154
0.1536003991664247
0.1535465618300759
0.15349268388990087
0.1534387654062294
0.15338480648950628
0.1533308074477143
0.15327676813743987
0.1532226887409382
0.15316856930852107
0.15311441018811378
0.15306021123149424
0.15300597251366208
0.15295169430115635
0.15289737672572515
0.15284301962118077
0.15278862341342275
0.1527341879407182
0.1526797135207141
0.15262520019923917
0.15257064792365452
0.15251605700885854
0.15246142739728732
0.15240675934237513
0.15235205273105984
0.15229730796641283
0.15224252487973827
0.15218770363140646
0.15213284446516834
0.1520779471745718
0.15202301238846214
0.15196803955227708
0.15191302933150577
0.15185798148103324
0.1518028963274742
0.15174777386109323
0.15169261406795426
0.15163741719607374
0.15158218338807708
0.15152691259913825
0.15147160504404486
0.15141626088614246
0.15136087990754948
0.15130546259893699
0.15125000878402467
0.1511945186935123
0.15113899247290982
0.15108343003388908
0.15102783162227995
0.15097219732397169
0.15091652713823486
0.1508608214401887
0.15080507999238962
0.15074930301452588
0.15069349069630378
0.1506376430085387
0.15058176003434234
0.15052584211614697
0.1504698891225442
0.1504139011361391
0.15035787845217002
0.15030182097885397
0.15024572900678557
0.150189602265138
0.15013344138907952
0.15007724601366473
0.1500210163567446
0.14996475263902823
0.14990845499618305
0.14985212333349215
0.14979575777495002
0.14973935851723913
0.14968292559851235
0.1496264590779034
0.14956995916023363
0.14951342591426708
0.14945685936676412
0.14940025970216583
0.14934362700868278
0.14928696130487934
0.14923026269587836
0.14917353126771116
0.1491167672055272
0.1490599706211391
0.14900314163348205
0.14894627999572044
0.148889386221912
0.1488324603208339
0.1487755021209449
0.14871851204280187
0.14866149004453735
0.14860443615959165
0.14854735050872758
0.14849023332693953
0.14843308471031835