0.38386009166218793
0.39602385571162724
0.3963785224356233
0.3916039039807768
0.3945365800323951
0.40073817549784796
0.40103672657453937
0.4025429476872498
0.39933676789680045
0.39953259257973694
0.3975410084958674
0.39448401426384655
0.396032626063848
0.3969011979315174
0.39766252777065547
0.39974291422651687
0.4021302220342709
0.4029502895702656
0.4034936815968547
0.40225929994305193
0.40346546184252086
0.4043489570859359
0.4037211830359343
0.4030760534756881
0.40184969740498055
0.4007176937028227
0.40087303413460534
0.4005615045337599
0.4007132018428213
0.4002417134346674
0.3992279120490652
0.3977415282028633
0.39596465790372426
0.39555522484509814
0.39550230057150804
0.39625832675470063
0.3968954202904009
0.3972114626043708
0.3976205982448593
0.39767727704912215
0.3974073822642769
0.3979951415359018
0.3985252854329886
0.39868683684458095
0.3997844024251971
0.4009418017128116
0.4019007116179448
0.4025574996019228
0.4029270734534082
0.40302363980530165
0.40343123245165347
0.40386063169972075
0.40401938733919396
0.40398826901210083
0.40370963966618295
0.40318877988987034
0.4028014129740198
0.40317010524410213
0.4035501836586536
0.4041336270536607
0.4045438307024423
0.4047498018773281
0.4047616380532261
0.40458907263921456
0.4042414815608639
0.4037830074462777
0.4037079413834915
0.40353025192327313
0.4032140706569446
0.402767291920897
0.40219743407093134
0.40151342270467316
0.4009564900196083
0.4011875176933713
0.40130009585068904
0.40129140424958637
0.4012751348491837
0.40114905604328244
0.40094549903354126
0.4010698658470762
0.4011394682788092
0.40112614886386544
0.40103392383652925
0.40086660451817485
0.40062780725638497
0.40032096317176563
0.3999493271504437
0.3995159868553856
0.39902387148515217
0.3984757599268615
0.3978742886388907
0.3972219611595129
0.3965211498644922
0.3962795126905579
0.39613793888736004
0.39593752380229547
0.3958092114057689
0.3956404197149132
0.3958139865258174
0.3960521102242079
0.39629256000915014
0.3966028877590491
0.3968640837389699
0.39707758372955765
0.39724476125310393
0.39736693076373975
0.39744535153066035
0.3975879800026129
0.39775025506056016
0.3978665312058494
0.39793806388206476
0.39796606176810095
0.39795168938773473
0.3978960695626124
0.39780028592979494
0.3976653847937507
0.3977163225586347
0.3980356692074741
0.39830449551628905
0.39852398693077834
0.3986953000316524
0.39881956361714554
0.3988978797961802
0.39893132502321843
0.39905892287119943
0.39951079522922445
0.39992347543280365
0.40029763335710333
0.4007081326060556
0.40112495335263054
0.4015017273935255
0.4018391692034156
0.40213797978174703
0.40239884688881183
0.4026224458142032
0.40280944004149355
0.4029604814642401
0.40307621121963055
0.403157259752876
0.40320424762163176
0.4032177854665248
0.40328106465339647
0.4034692740259695
0.4036200258484712
0.40376603178409665
0.40392540091713436
0.4040471294172076
0.4041319177568774
0.40418045699088395
0.4042054204162861
0.4042156715928468
0.4041927310922985
0.40413725235028
0.40404992715881216
0.4039347291185178
0.40378878124193285
0.4036127039614488
0.4034071087409426
0.4031725981648839
0.40290976597433775
0.4029498807141817
0.40305968897011785
0.4032053762835142
0.40333756264315623
0.40344496783016787
0.40356715160323825
0.40378242451579177
0.40397537109814013
0.4041854889952138
0.40436833357213353
0.4045243809808185
0.40465410170338906
0.4047579600843606
0.4048364146808515
0.40488991808038655
0.4049189172436221
0.4049238530677128
0.40490516102895296
0.4048632706989246
0.40479860591386474
0.40471158508593774
0.40460262081464476
0.404472120180977
0.40432048486208244
0.4041481109905912
0.4039575426660335
0.4038977777187783
0.4038925287132849
0.40386833100885633
0.40382556801279595
0.40376461717116113
0.40368584937971863
0.40358962943834703
0.4034763159674297
0.40334626140349245
0.4031998121224196
0.4030373086113545
0.40285908543394483
0.4026654713870472
0.40245678958933634
0.4022333573800212
0.40199548652388867
0.40174348332032234
0.40153694946322277
0.4013329620245696
0.40112997698587294
0.40117298481570174
0.401258629153314
0.40132801315820327
0.4013814044804341
0.40141906695035956
0.4014412606367347
0.4014482415978728
0.40144026269711375
0.40143491425196176
0.40143871975461415
0.401427546003428
0.40140164332667294
0.40136125789720606
0.4013066328811713
0.4012393377811137
0.40117413086958886
0.40109508320415505
0.401115858700366
0.40117079857926424
0.4012145955459748
0.4012474447145846
0.40126953768492024
0.4012810628928282
0.40128220527700514
0.4012731459795718
0.40125406333199454
0.4012251318572448
0.4011865234993924
0.40113840652798644
0.40108094629373
0.4010143049260521
0.40093864171788096
0.40085411324593617
0.40076087262320775
0.4006590706807094
0.4005488550193958
0.40043037071368653
0.40030376030727965
0.4001691633927496
0.40002671711586446
0.3998765560861413
0.39971881241756096
0.39955361573596815
0.39938109325095733
0.3992013698853585
0.39901456834648286
0.3988208087558405
0.3986202093751277
0.3984128859816958
0.39819895243327236
0.3979785203191561
0.39775169929678716
0.3975185971805171
0.3972793192815593
0.3970339694619522
0.39678264940013047
0.396525459188695
0.39646243971655254
0.39642211029592606
0.39638104490260806
0.3963323676178617
0.39627617403475135
0.39621255798598054
0.39614161246786295
0.39606342904116704
0.39600281326204373
0.3959629873150182
0.3959157243861964
0.3958608487246438
0.39579845566146343
0.395728639001736
0.39578722035675284
0.39588541380374537
0.3959776192368985
0.3960639018015621
0.3961443254818628
0.39621895305190236
0.3962878464022641
0.3963908761758707
0.39650692222288514
0.396616657296692
0.39672014828017066
0.3968174614084848
0.39690866161757643
0.39699381268471773
0.3970729776876318
0.3971462183627642
0.3972135959336998
0.3972751701500643
0.39733100033644675
0.3973811445619851
0.3974256603832065
0.3974646040091336
0.39749803114577525
0.3975259966275986
0.39754855436345093
0.3975657575232338
0.3976299171622366
0.3976973523823236
0.397758845078482
0.3978144539701513
0.39786423695020384
0.39790825152498416
0.39794655400872697
0.39797920015184995
0.39800624482268804
0.39802774249952505
0.39804374645928997
0.3980543096330521
0.3980594840437984
0.39805932134751876
0.3980538720351834
0.3980431864349528
0.3980273140629217
0.3980063037686146
0.397980203678161
0.3979490617546032
0.3979129248195243
0.39787183949302
0.39782585180001695
0.3977750071236286
0.39771935020951305
0.39767966752888834
0.39778574920442655
0.3979057585069097
0.398019300708527
0.3981264302141259
0.3982272012052642
0.3983216665441215
0.3984098795415702
0.3984918923739771
0.3985677571018191
0.39863752544997855
0.3987012482690544
0.398758976486644
0.39881076009310007
0.39885664915298225
0.39889669279552786
0.39893093978796335
0.39895943912857174
0.3989822385909303
0.3989993861348789
0.3990109291235633
0.3990169144803542
0.3990173886453407
0.39902031232293367
0.39918856920660534
0.399351814579722
0.39951007919440434
0.3996633936112712
0.3998117880499223
0.3999552925181935
0.4000939369832926
0.4002277507059003
0.40035676310815954
0.4004810035505523
0.4006250254696657
0.4007824437671091
0.400934729183955
0.40108191457620257
0.4012240324095579
0.4013611150818627
0.4014931945509732
0.4016203027420901
0.4017424713852658
0.40185973182629864
0.4019721152351972
0.4020796526191854
0.4021823749326396
0.4022803125459219
0.4023734960548153
0.4024619556077538
0.4025457210553028
0.40262482237027597
0.40269928926358173
0.40276915100897964
0.40283443712227823
0.40289517629654525
0.40295139776598987
0.4030031303531982
0.40305040228001726
0.40309324224048304
0.40313167833382024
0.40316573867581806
0.4031954512332769
0.40322084380415907
0.40324194388309836
0.4032587789101103
0.40327137626936255
0.4032797631269232
0.40328396625234403
0.4032840130063497
0.4032799295122325
0.40330768149245266
0.40338161789164895
0.4034507644963008
0.40351515196268467
0.40357481066995265
0.4036297708020041
0.4036800619492074
0.40372571455553424
0.40376675809945095
0.4038254296667036
0.40388656388687605
0.4039428997128107
0.40399446868669997
0.4040413022205148
0.404083432169825
0.4041208894631522
0.40415370521883115
0.40418191053330826
0.4042055362066161
0.4042246130599916
0.4042391712951112
0.40424924156271136
0.40425485373572534
0.4042659667503248
0.40427403323029654
0.40427786256020226
0.40427748451033096
0.4042729284520239
0.40426422351184693
0.4042513993630112
0.4042344845969417
0.4042135083059663
0.40418849928157674
0.4041594857152351
0.4041264965582501
0.4040895597717376
0.404048703625109
0.40400477965669584
0.403957375719033
0.4039061214844592
0.4038510447081282
0.40379217281988455
0.4037295331843738
0.40366315339722003
0.4035930605591649
0.4035192815349615
0.40344184348553996
0.4033607729474116
0.4032760965556635
0.4031878407976036
0.4030960320341509
0.4030006965675239
0.40290186038202636
0.4029500565084272
0.4029962868764923
0.40303896870916617
0.4030781217565938
0.40311376593443277
0.4031605489378132
0.40321598776734613
0.40326823850102006
0.40331731996030123
0.4033632511999094
0.40340605071611263
0.40344573751277985
0.4034823301336685
0.4035158471889619
0.40354630697301114
0.40360470804373694
0.40368503807467393
0.4037619207399381
0.40383537646175266
0.4039054262666324
0.4039720910026956
0.4040353910515199
0.40411260220579615
0.40418642114637504
0.4042567908602561
0.40432373329761173
0.4043872695230332
0.404447420669963
0.40450420801699655
0.4045576525782114
0.404607775510768
0.4046545973437081
0.4046981391334289
0.404738421311238
0.4047754648905308
0.4048092897519166
0.4048399168083136
0.4048673661088233
0.4048916580615863
0.4049128126641489
0.4049308496839801
0.40494578959054955
0.40495765191170935
0.4049664564814026
0.40497222280480544
0.4049749706475543
0.40497471951065944
0.4049714885694164
0.40496529724407637
0.40495616502843945
0.40494411043340395
0.4049291529195073
0.4049113114987435
0.40489060460630955
0.4048670514446547
0.4048406703423638
0.40481148002133455
0.40477949880050673
0.4047447456015336
0.4047072381679372
0.4046669949276303
0.40462403411768816
0.4045783738644379
0.4045300318448997
0.40447902614247494
0.40442537423799696
0.40436909443744645
0.4043102038655485
0.4042487201027401
0.4041846607984879
0.40411804296431986
0.40404888425276025
0.40399426373010716
0.4039626828518149
0.40395000994518504
0.4039513687261977
0.403950302321138
0.4039468285699701
0.40394096486860154
0.4039327285035542
0.40392213625295303
0.40390920566842786
0.40389395320533916
0.4038763961256765
0.4038565509276341
0.4038344345130655
0.4038100630622791
0.40378345351287426
0.40375462177707133
0.40372358443903905
0.4036903574389408
0.4036549570864285
0.403617398972188
0.4035776991863011
0.4035358736189475
0.40349193773695785
0.40344590711946887
0.40339779732020914
0.4033476239351833
0.403295401898837
0.40324114655406035
0.4031848731134245
0.40312659638782217
0.4030663313017525
0.40300409302215395
0.40293989586907203
0.4028737547083869
0.40280568426457247
0.4027356984867889
0.40266381216373204
0.4025900395855829
0.40251439463465943
0.4024368919893756
0.40235754496312576
0.40227636765524816
0.40219337431074526
0.4021085782189931
0.40202199338914013
0.40193363339420435
0.401843511415067
0.40175713859442647
0.4016881549248046
0.40161728005192904
0.4015445277607289
0.40146991240281354
0.4013947159713394
0.4013246863150817
0.4012527743845763
0.40117899431186055
0.4011576082564646
0.40119362463553365
0.40122754975760205
0.40125939581499315
0.4012891750280845
0.4013168994741791
0.4013425811723324
0.40136623221854834
0.4013878644311305
0.4014074897168905
0.40142511989764684
0.40144076669187534
0.40145444182067913
0.4014661568996529
0.4014759234677748
0.40148375308636136
0.4014896571406913
0.4014936470561324
0.4014957341706512
0.40149592975079007
0.4014942450326891
0.4014906911279223
0.4014852791681675
0.40147802019265616
0.4014835352755254
0.40148726626238684
0.4014890867422757
0.40148900811200894
0.40148704164776283
0.4014831986053129
0.40147749011858275
0.40146992737358106
0.4014605213852321
0.4014492832069928
0.40143622370940907
0.4014213538495745
0.401404684442087
0.40138622626560616
0.4013659900308314
0.40134398639492025
0.40132022600056133
0.40129548703069107
0.40127438577200697
0.4012515199929027
0.4012269003033674
0.4012005372258517
0.401172441243881
0.4011426228061843
0.4011256882611789
0.4011489077269334
0.4011706927546531
0.4011910522674719
0.40120999523272527
0.4012275305374393
0.4012436669347832
0.40125841322376643
0.40127177809793135
0.4012837701346644
0.40129439801078676
0.40130367016627233
0.40131159513499276
0.4013181812784982
0.40132343701203643
0.40132737058739765
0.4013299902828357
0.40133130432467784
0.40133132079754924
0.4013300477820112
0.4013274933868911
0.40132366557746
0.40131857225404577
0.40131222126920374
0.40130462054661176
0.4012957777581709
0.4012857007199846
0.401274397057861
0.40126187438981825
0.4012481403072588
0.401233202301467
0.4012170679280952
0.4011997445274921
0.40118123950055995
0.40116156019098026
0.40114071387689326
0.4011187077841838
0.4010955490893515
0.4010712449558345
0.4010458023850936
0.4010192285522791
0.40099153030680756
0.4009627147608867
0.4009327886858248
0.4009017590025256
0.40086963245816315
0.40083641593897645
0.40080211606396193
0.40076673953859226
0.4007302930398862
0.40069278310703327
0.4006542162821111
0.4006145991075752
0.4005739379954097
0.40053223944070604
0.40048950974754766
0.4004457552424118
0.4004009822830657
0.4003551970840806
0.4003084057917995
0.4002606146842354
0.40021182982312403
0.4001620573168318
0.4001113032049259
0.4000595734694905
0.4000068741065637
0.3999532109884702
0.39989859010578227
0.39984301719517706
0.39978649811942313
0.3997290386841789
0.39967064453016005
0.39961132145513945
0.3995510750319325
0.399489910918797
0.3994278346958059
0.39936485190623994
0.3993009680341486
0.3992361886101202
0.3991705190294909
0.39910396471386883
0.3990365309917791
0.39896822324283265
0.39889904669422366
0.39882900666904203
0.39875810837474696
0.3986863569994382
0.3986137576964015
0.39854031557028086
0.3984660357674942
0.3983909232562571
0.3983149831145172
0.3982382203299732
0.39816063984030464
0.39808224659817437
0.3980030454880838
0.39792304131630896
0.397842238987091
0.39776064324594823
0.39767825884973423
0.3975950905606237
0.3975111430841265
0.39742642109478493
0.39734092917745334
0.3972546719804324
0.39716765409808596
0.3970798800888172
0.3969913544226469
0.39690208161552487
0.39681206612983694
0.39672131241691116
0.39662982483988785
0.3965504263527989
0.39653403637907864
0.39651669555881514
0.3964984081451796
0.3964836817695109
0.3964711994935683
0.396457745457105
0.3964433241023553
0.39642793968641116
0.3964115965264308
0.39639429889512856
0.3963760510898842
0.3963568573537348
0.3963367218408459
0.3963156488553161
0.39629364248970905
0.3962707069295649
0.39624684636681956
0.3962220648513006
0.3961963665151432
0.3961697554109956
0.3961422356101382
0.39611381113648014
0.39608448607306923
0.3960617310969089
0.39604671834891236
0.39603073966123264
0.3960164425678107
0.3960013250882404
0.3959852377618236
0.3959681848762451
0.3959501708419926
0.3959311999000293
0.3959112762638257
0.3958904043048875
0.3958685881645305
0.39584583206451845
0.39582214024205464
0.3957975167815836
0.39577196593197594
0.39575610729396893
0.3957930828476345
0.3958292934207998
0.39586474200447763
0.3958994315410154
0.3959333650383473
0.3959665454006179
0.39599897554911867
0.39603065839155493
0.3960615968365773
0.3960917936629415
0.39612125181507496
0.3961499740271407
0.39617796318782345
0.39620522210310943
0.3962317535100283
0.39625756017723135
0.39628264481191616
0.3963070102031323
0.3963306590207533
0.3963572794233198
0.39640048298676617
0.3964428814785508
0.3964844779052699
0.39652527534187193
0.3965652768026404
0.39660448532301823
0.39664290392324514
0.39668053558379307
0.39671738326823114
0.3967534498947334
0.3967887384461307
0.39682325185143436
0.3968569929335095
0.39688996467887744
0.396922169872566
0.39695361140979946
0.3969842921151871
0.397014214833735
0.39704338233996
0.3970717974006188
0.3970994628655268
0.39712638144779777
0.3971525558863533
0.3971779889130528
0.3972026832353343
0.39722664157432525
0.39724986662023787
0.3972723609902977
0.3972941273399228
0.39731516841034265
0.397335486687758
0.3973550849083083
0.39737396553883364
0.39739213128643547
0.39740958464760856
0.397426328207292
0.39744236446677134
0.3974576960171198
0.39747232530966076
0.39748625485326755
0.3974994872010722
0.3975120247494358
0.39752386998455375
0.39753502534629526
0.39754549332145417
0.39755527625655124
0.39756437662275734
0.3975727967706657
0.3975805391012835
0.39758760599891574
0.3975939998456212
0.3975997229181922
0.3976069674612494
0.3976332166797235
0.3976587070571763
0.3976834412050673
0.39770742187892216
0.39773065170777067
0.39775313332612816
0.397774869432425
0.3977958626260115
0.39781611552031004
0.39783563069205624
0.3978544107746499
0.39787245833745766
0.3978897759051841
0.3979063660692522
0.39792223136487803
0.3979373743001205
0.39795179741266345
0.3979655032014646
0.3979784941548078
0.39799077273763156
0.3980023414292737
0.39801320267876394
0.39802335894561797
0.3980328126249733
0.3980415662044801
0.39804962203934396
0.39805698251390603
0.3980636500597875
0.3980696270558349
0.3980749158093586
0.3980795187272858
0.398083438137577
0.3980866763308692
0.3980892356882986
0.3980911184992457
0.39809232704479086
0.3980928636529484
0.39809273055424954
0.3980919300456432
0.39809046436946954
0.39808833580297504
0.398085546549949
0.39808209886385615
0.3980779949309569
0.3980732369919101
0.3980678272094361
0.39806176777726116
0.3980550609010262
0.39804770871087725
0.3980397134177005
0.3980310771273457
0.3980218019880596
0.3980118901293531
0.3980013436868983
0.3979901647546701
0.39797835542170285
0.39796591781078605
0.39795285401998864
0.3979391660534129
0.3979248560597617
0.397909926034731
0.397894378076916
0.39787821414566255
0.39786143637043103
0.39784404669837786
0.39782604719453285
0.3978074398344815
0.3977882266473639
0.3977684095577581
0.39774799059503163
0.3977269717141581
0.3977106992077541
0.3977079779241128
0.39775163350416215
0.39779614660171536
0.3978398374837723
0.39788270862884983
0.397924762460079
0.39796600139993527
0.3980064279478647
0.39804604445483577
0.3980848534351949
0.39812285716982476
0.39816005821310996
0.3981964588696864
0.3982320615840722
0.39826686865434396
0.39830088258577007
0.3983341056349957
0.3983665402049871
0.3983981886110875
0.3984290532832252
0.39845913651716974
0.3984884405994917
0.39851696795060676
0.3985447207738514
0.3985717014516067
0.3985979123008246
0.39862335558149836
0.39864803356644
0.3986719485787835
0.3986951028526935
0.39871749871006223
0.39873913837773994
0.398760024104826
0.39878015813443113
0.3987995427413312
0.39881818013882087
0.3988360725311158
0.398853222158115
0.39886963127571007
0.3988853020003062
0.3989002366310435
0.3989144372720365
0.39892790620180485
0.3989406455070376
0.3989526574441164
0.39896394410454633
0.3989745077106111
0.39898435039863356
0.39899347429583454
0.39900188161136346
0.3990095743530637
0.39901655480895853
0.3990228250069356
0.3990283870434491
0.399033243132032
0.3990373952601349
0.39904084564931935
0.39904359627098146
0.39904564927942704
0.39904700675667604
0.3990476707627915
0.39904764335172915
0.3990469266236841
0.3990455226042242
0.39904343333360226
0.3990801523356129
0.3991400799249672
0.39919937480362955
0.3992580384028843
0.39931607196312
0.39937347699701525
0.39943025476000066
0.39948640673141694
0.3995419341792744
0.39959683850276617
0.3996511210660933
0.3997047831885793
0.3997578262490545
0.3998102515900792
0.39986206048875306
0.39991325435539615
0.3999638345260885
0.4000138023541982
0.4000631591267825
0.40011190613425013
0.4001600447458639
0.4002075762079761
0.40025450189094275
0.4003008231037643
0.4003465410883912
0.40039165722127473
0.4004361727430096
0.40048008894125775
0.40052340720803137
0.40056612873304276
0.40062265523571966
0.4006793954766641
0.40073548613085824
0.4007909286472613
0.40084572450253486
0.40089987521794823
0.4009533822455436
0.4010062470088206
0.4010584709557431
0.4011100555984984
0.4011610023348537
0.401211312651662
0.40126098798366167
0.40131002976433766
0.4013584393742469
0.40140621836704216
0.4014533680636401
0.4014998899174159
0.40154578537185454
0.40159105582104815
0.40163570271299515
0.4016797274176147
0.40172313135712623
0.4017659159347978
0.40180808259754425
0.4018496326708144
0.401890567564055
0.40193088867732285
0.4019705974410576
0.4020096952060253
0.4020481833348746
0.40208606320692547
0.40212333621279966
0.40216000373944194
0.40219606714703043
0.4022315277326237
0.40226638697625133
0.4023006461447449
0.40233430665477177
0.4023673698196419
0.4023998369730474
0.40243170952399804
0.4024629887069691
0.4024936759973783
0.4025237726706354
0.40255328001725266
0.4025821994198501
0.4026105322032964
0.40263827970244964
0.4026654431860959
0.4026920240442327
0.40271802356759046
0.40274344303383086
0.4027682837837152
0.4027925471212247
0.4028162343579677
0.4028393468086795
0.40286188573927406
0.4028838524702761
0.4029052482943404
0.4029260745113308
0.4029463323736112
0.4029660231806068
0.4029851482399991
0.4030037087810314
0.4030217061482825
0.4030391415800089
0.40305601634102817
0.4030723317252826
0.40308808898122167
0.40310328938157214
0.40311793418721603
0.40313202465201164
0.403145562018833
0.40315854759536185
0.4031709825590416
0.40318286821024274
0.40319420580469634
0.4032049965369457
0.40321524166698397
0.40322494247395235
0.40323410014238986
0.40324271592668504
0.4032507910263585
0.4032583267267037
0.40326532424042677
0.4032717847575272
0.40327770954450765
0.40328309977007915
0.40328795671803086
0.4032922815305053
0.40329607545564955
0.40329933970908133
0.4033020754788917
0.4033042839724732
0.40330596641984623
0.40330712400337515
0.40330775791292844
0.4033078693357673
0.40330745951897323
0.40330652959687546
0.40330508078878546
0.40330311422489984
0.4033006311907858
0.403312528048997
0.4033397563999589
0.40336637817929544
0.40339239489742146
0.4034178078783516
0.40344261842363816
0.40346682789185734
0.4034904377195569
0.4035134491763972
0.4035358636917189
0.4035576825877877
0.40357890716768813
0.4035995388360743
0.403619578908267
0.4036390287491871
0.4036578897273437
0.4036761631019367
0.40369385022731596
0.40371095251245115
0.403727471225749
0.4037434076885405
0.40375876326221327
0.40377353927360815
0.40378773707519117
0.4038013578867365
0.40382213319542587
0.4038450461064328
0.40386735074116137
0.4038890484837498
0.4039101407558291
0.4039306289784948
0.4039505146452593
0.4039697991120163
0.4039884837872118
0.40400657014944596
0.4040240595398961
0.4040409533546305
0.40405725305083057
0.40407295996982057
0.40408807555835413
0.40410260124368064
0.40411653832731254
0.40412988833616115
0.404142652519873
0.4041548323368544
0.4041664291126963
0.40417744435984665
0.4041878793119854
0.4041977354971391
0.40420701414842075
0.4042157167236542
0.4042238445685395
0.40423139902682936
0.40423838154957814
0.4042447934079019
0.40425063599148037
0.4042559107159674
0.4042606188248434
0.4042647617969513
0.4042683409241964
0.4042713575827422
0.4042738130277029
0.40427570873086865
0.40427704600115344
0.4042813982036973
0.40428558419719673
0.4042892322416806
0.4042923437123597
0.40429491988740335
0.40429696213909055
0.4042984717100339
0.4042994500258782
0.4042998983522574
0.40429981802983256
0.40429921036844435
0.4042980766204524
0.4042964182575295
0.4042942364872417
0.40429153255782024
0.4042883077871208
0.4042845635626186
0.40428030114588
0.4042755218976439
0.4042702269648899
0.4042644178060769
0.4042580956780147
0.4042512617518233
0.4042439174048833
0.40423606389239697
0.4042277024539537
0.40421883453748086
0.40420946118850154
0.4041995838656204
0.40418920382915674
0.40417832211884325
0.4041669403251758
0.40415505950065134
0.404142680991499
0.40412980605573906
0.4041164358805513
0.4041025719378261
0.40408821517138066
0.4040733670015719
0.40405802859271084
0.40404220140055447
0.4040258864209745
0.4040094787716974
0.4039926221004546
0.40397527956552837
0.40395745260800686
0.4039391422503677
0.4039203497166796
0.4039010764971931
0.4038813235513187
0.4038610923673935
0.40384038391027394
0.4038191994851093
0.4037975404506557
0.4037754079811397
0.4037528031964104
0.4037297273425571
0.4037061817498321
0.403682167583594
0.40365768585391376
0.4036327380291044
0.4036073252406656
0.4035814487933073
0.4035551096210333
0.4035283091430017
0.40350104845571977
0.40347332879840564
0.40344515137066334
0.4034165174116067
0.40338742804940536
0.40335788436197584
0.40332788780290335
0.40329743925539485
0.4032665401319084
0.4032351915658351
0.40320339464580096
0.4031711505199714
0.4031384604622422
0.40310532571316454
0.4030717472745748
0.4030377263524192
0.40300326412919163
0.40296836180424234
0.4029330205717418
0.40293150673022393
0.40294926822971294
0.4029665795179118
0.4029834414557835
0.4029998549855068
0.40301582096667415
0.40303134028406246
0.40304641372632
0.40306104228127737
0.40307522674497426
0.403088968046702
0.4031022670959174
0.40311512473682964
0.4031275417350856
0.4031395190663481
0.4031539300988167
0.40317445401982743
0.4031945740159759
0.40321429085442645
0.4032336054832722
0.40325251870751555
0.4032710313597003
0.4032891441997639
0.4033068582605033
0.40332417431404255
0.4033410931030845
0.40335761555320204
0.40337374257534514
0.40338947486763255
0.4034048133398799
0.40341975879149
0.4034343121355718
0.4034484741063224
0.4034622456643342
0.4034756274809376
0.4034886205261193
0.40350122551298123
0.4035134434106243
0.4035252748749505
0.4035367208487018
0.40354778211370407
0.4035584595170662
0.4035687538962712
0.40358372732687875
0.4036132324862792
0.40364230061256645
0.4036709325714125
0.4036991293609083
0.4037268919404589
0.4037542211407548
0.40378111799277544
0.40380758339784356
0.4038336182869454
0.4038592236446198
0.40388440022341693
0.4039091490968518
0.4039334712590185
0.40395736736040533
0.4039808386498397
0.40400388577168944
0.4040265097959525
0.4040487115836848
0.4040722637241138
0.40409978070402613
0.4041268595750562
0.40415350149422
0.40417970725424446
0.40420547788908817
0.4042308144407517
0.4042557176696554
0.4042801886837505
0.40430422842224084
0.40432783780728737
0.40435101777359106
0.40437376929858504
0.4043960934239451
0.4044179908883875
0.4044394627810349
0.4044605100338802
0.40448113362053745
0.40450133436895486
0.40452111336597096
0.4045404714784297
0.40455940959732145
0.40457792870947684
0.4045960297728882
0.40461371364133353
0.4046309813906958
0.40464783372937135
0.40466427186632703
0.4046802964725576
0.4046959086942303
0.4047111092200899
0.40472589911198137
0.4047402793035639
0.4047542507220537
0.4047678141840442
0.4047809707326623
0.40479372117619644
0.4048060664938868
0.40481800761368575
0.4048295453111528
0.4048406807150345
0.4048514145942247
0.4048617478068358
0.40487168139039825
0.40488121617066997
0.4048903530631349
0.40489909297289384
0.40490743678402963
0.40491538540442007
0.40492293979044536
0.4049301007753607
0.4049368691772661
0.40494324600880655
0.40494923215850154
0.404954828497337
0.40496003580402445
0.4049648550512254
0.4049692872656697
0.4049733330621794
0.40497699347753074
0.4049802694023434
0.40498316169297977
0.4049856711624583
0.4049877987871325
0.4049895453584814
0.40499091180610347
0.4049918989673254
0.40499250772421935
0.4049927389579477
0.4049925934596364
0.40499207220631844
0.40499117604762164
0.404989905810168
0.40498826227613316
0.40498624653012205
0.40498385921102115
0.4049811012813293
0.40497797356877097
0.4049744768960691
0.4049706121546674
0.40496638022878845
0.40496178192947563
0.4049568181029521
0.40495148958878696
0.40494579728482544
0.4049397419294636
0.4049333245102458
0.4049265458024878
0.40491940652772657
0.4049119077285242
0.40490405009020275
0.40489583447148736
0.4048872618499184
0.4048783329079977
0.40486904847723887
0.40485940949930166
0.4048494167250137
0.40483907095543065
0.40482837305012187
0.4048173238942561
0.4048059241409944
0.4047941748284171
0.4047820765850459
0.40476963039291874
0.4047568370066626
0.40474369717817316
0.40473021181836827
0.4047163816963646
0.40470220755101466
0.40468769033045265
0.4046728308026077
0.4046576297168204
0.4046420879066293
0.4046262062255863
0.4046099854266865
0.4045934263382963
0.40457652965002244
0.4045592963694414
0.40454172714094955
0.40452382286371186
0.4045055841717413
0.40448701207351045
0.4044681071490631
0.40444887035794885
0.4044293024201869
0.40440940411090653
0.404389176268997
0.40436861952756575
0.40434773491828024
0.404326523085999
0.40430498471456544
0.40428312081713796
0.40426093192624135
0.40423841901642504
0.4042155828213062
0.40419242403842204
0.40416894355022487
0.4041451419819316
0.404121020246355
0.4040965790535999
0.4040718191041115
0.404046741260653
0.40402215724036755
0.40401148908623047
0.4040005440863444
0.40398932301546764
0.4039778265119218
0.4039664634448903
0.40396773823711657
0.4039687049309948
0.40396936452874926
0.4039697175554451
0.4039697649744296
0.4039695073050218
0.4039689457114197
0.4039680806455371
0.4039669131372913
0.40396544376407423
0.40396367333657324
0.40396160271548526
0.4039592327752081
0.4039565639340025
0.40395359736673214
0.40395033341716885
0.4039467731645685
0.4039429172861123
0.40393876650550375
0.4039343216376634
0.40392958339497026
0.40392455250951087
0.4039192299261186
0.4039136160780652
0.4039077120080895
0.4039015182739155
0.4038950357807813
0.40388826515724896
0.40388120713835846
0.4038738625398146
0.4038662321321566
0.4038583164840375
0.40385011662541426
0.4038416330084903
0.40383286652811223
0.4038238177845526
0.40381448768439043
0.40380487683689636
0.40379498600311586
0.40378481592003207
0.4037743673844492
0.4037636408994484
0.4037526375014811
0.4037413576432315
0.40372980216102494
0.40371797180996866
0.40370586721997326
0.40369348917259623
0.40368083837143764
0.4036679155401845
0.40365472121339824
0.403641256418619
0.4036275215479526
0.4036135174989867
0.4035992449852862
0.40358470464980273
0.40356989720812625
0.40355482326048914
0.403539483794137
0.40352387913441995
0.403508010226016
0.4034918777184537
0.40347548227419555
0.40345882453722715
0.40344190530289736
0.40342472512309313
0.40340728486562194
0.4033895850757308
0.4033716265183108
0.4033534097600285
0.4033349355541832
0.4033162046374622
0.4032972177166186
0.4032779752187195
0.4032584781160278
0.4032387268980405
0.40321872222564026
0.40319846492502404
0.4031779556053857
0.4031571947952796
0.4031361833224655
0.40311492185898884
0.4030934109150914
0.40307165124925765
0.40304964352153005
0.40302738852999576
0.403004886647587
0.40298213863728494
0.40295914526098153
0.4029359071863712
0.40291242478677936
0.4028886989315465
0.40286473045684834
0.40284051952667965
0.4028160671680327
0.40279137390778114
0.4027664403921198
0.40274126723305564
0.4027158550881332
0.40269020466556305
0.40266431648676637
0.402638191221757
0.4026118296602464
0.4025852322089196
0.40255839957709477
0.4025313324157974
0.40250403131803764
0.40247649708334754
0.40244872999338754
0.4024207310014968
0.4023925006631915
0.40236403941506466
0.40233534812787974
0.40230642715485077
0.40227727732119534
0.40224789923104626
0.40221829334137915
0.40218846037413053
0.40215840096855243
0.4021281158072915
0.4020976053038298
0.4020668701007017
0.40203591094698415
0.40200472834750645
0.40197332292840665
0.4019416951924629
0.4019098459298583
0.40187777556314935
0.4018454848380994
0.4018129742844054
0.4017841618921897
0.4017599755584415
0.4017355497236332
0.4017108851113103
0.4016859821825582
0.40166084174166095
0.40163546432490355
0.4016098506559971
0.4015840011988094
0.40155791682036013
0.40153159792593257
0.40150504523487524
0.40147825927192504
0.4014512408321403
0.4014239904343404
0.4013977431892806
0.4013729695610939
0.4013479581993216
0.4013227096312484
0.4012972246990294
0.4012715036657875
0.40124554765482845
0.4012193569463961
0.40119293224023295
0.4011662741591084
0.4011647863242902
0.40117798699685725
0.40119092290760583
0.4012035947969237
0.40121600312312733
0.40122814834522175
0.4012400310523384
0.40125165191345397
0.4012630113981528
0.40127411005563063
0.4012849482653421
0.40129552682096625
0.4013058461527199
0.4013159067505668
0.4013257093550911
0.4013352541199808
0.40134454205574727
0.4013535733670448
0.40136234858729686
0.4013708684908886
0.40137913334615694
0.40138714392869307
0.40139490060309335
0.40140240394354937
0.4014096544449524
0.4014166527444024
0.40142339925842474
0.4014298945629541
0.40143613919871146
0.40144213361759884
0.4014478784135195
0.4014533740696548
0.40145862114615416
0.40146362017238096
0.40146837159017096
0.40147287599730436
0.4014771337913593
0.40148114566244864
0.4014849120798547
0.4014884334792571
0.4014917103424599
0.4014947434033441
0.4014975329960433
0.401500079543581
0.4015023838408408
0.40150444612610625
0.40150626706764697
0.4015078471409743
0.4015091867434488
0.40151028658579
0.4015111470288875
0.4015117685796323
0.4015121518359353
0.4015122971018439
0.4015122050719388
0.40151187632198343
0.40151131107335614
0.40151050993754217
0.40150947349953237
0.40150820222116357
0.4015066965475
0.40150495702004946
0.40150298402062673
0.4015007782670021
0.40149834005876445
0.40149566993013525
0.40149600517568906
0.40149811017457326
0.4014999726465434
0.40150159300250843
0.4015029716659792
0.4015041092431801
0.4015050062346259
0.40150566298797485
0.40150608028181867
0.40150625849106464
0.40150619812329136
0.4015058995955225
0.40150536355858557
0.4015045903713375
0.40150358067468306
0.4015023349282602
0.4015008536531205
0.40149913715187446
0.4014971862125788
0.4014950012098234
0.40149258247668246
0.40148993083173484
0.4014870465427987
0.4014839301154631
0.401480582124237
0.40147700297420286
0.4014731932749438
0.40146915331905536
0.40146488386405005
0.40146038519995825
0.40145565781640163
0.4014507023206718
0.4014455191022047
0.40144010869600744
0.40143447158364165
0.4014286081779129
0.4014225189522429
0.4014162044734699
0.4014096653088803
0.40140290169141657
0.40139591424812976
0.40138870353395184
0.40138126983403455
0.40137361370222363
0.4013657356578195
0.40135763617979503
0.4013493156923477
0.4013407746100219
0.401332013599402
0.4013230328790493
0.4013144213626451
0.4013071873721495
0.40129973032319516
0.4012920505357798
0.4012841486532607
0.40127602507376037
0.4012676802082551
0.4012591145383333
0.40125032853539006
0.40124132280076397
0.40123209764571355
0.4012226537142707
0.40121299135942884
0.4012031109269565
0.40119301311470923
0.4011826982768784
0.40117216682896134
0.4011614192572401
0.40115045617066825
0.4011392779277116
0.4011422417965263
0.4011506366720822
0.40115885016102526
0.4011668827595714
0.401174734853075
0.4011824068111071
0.40118989908840214
0.40119721197460595
0.4012043460205743
0.4012113014840168
0.4012180787953512
0.40122467846507825
0.4012311007915321
0.4012373461385839
0.4012434150066551
0.4012493077177962
0.4012550245663719
0.4012605661556061
0.40126593274863737
0.4012711247192768
0.40127614243627696
0.4012809864068179
0.40128565695639096
0.40129015449488303
0.401294479298051
0.4012986319309944
0.40130261251241345
0.40130642175140024
0.40131005972428535
0.4013135270209588
0.4013168240845741
0.4013199509826382
0.4013229083144275
0.40132569640222765
0.4013283156292483
0.401330766372107
0.40133304905707823
0.4013351639176535
0.4013371114625331
0.4013388919891238
0.40134050595052634
0.401341953631602
0.4013432354873922
0.40134435169326826
0.40134530287305403
0.4013460891806437
0.40134671113915127
0.40134716894674116
0.4013474630930811
0.40134759401126335
0.4013475619247426
0.40134736724274295
0.4013470102629139
0.4013464914476881
0.40134581104847694
0.40134496951617443
0.4013439672606199
0.4013428044261564
0.40134148149777676
0.40133999890601424
0.4013383569214224
0.40133655585335587
0.4013345961322921
0.4013324781108273
0.4013302020310755
0.4013277683199362
0.4013251772890351
0.40132242951584157
0.40131952492278394
0.40131646421217926
0.4013132475678317
0.40130987531278817
0.4013063479965556
0.40130266572622103
0.40129882895326
0.4012948379427097
0.4012906931734536
0.40128639486843154
0.4012819433620508
0.4012773390075459
0.4012725822011989
0.40126767331428825
0.40126261258828494
0.4012574002674585
0.4012520369097079
0.4012465226776264
0.4012408581076949
0.401235043334919
0.4012290786808504
0.4012229645181017
0.40121670118823605
0.4012102891222369
0.40120372862040726
0.40119701982599615
0.40119016321147
0.40118315901551554
0.40117600780855894
0.4011687095914585
0.40116126485025205
0.40115367389326995
0.40114593707137036
0.40113805463899493
0.4011300269167398
0.4011218542795644
0.4011135370533326
0.4011050754913405
0.4010964699867902
0.4010877208183888
0.40107882823227486
0.4010697926637038
0.40106061430749534
0.40105129364966924
0.4010418307658558
0.40103222615160283
0.4010224801876842
0.40101259290186925
0.40100256487458885
0.4009923961911968
0.40098208742090874
0.4009716386517787
0.400961050255186
0.40095032251172047
0.400939455890473
0.4009284504583058
0.4009173066951695
0.400906024824382
0.4008946051707784
0.40088304798393093
0.40087135364989024
0.4008595224255964
0.40084755463870925
0.4008354505457303
0.40082321049546826
0.4008108347336473
0.4007983235935136
0.4007856773546259
0.4007728962526252
0.4007599807733627
0.4007469310067651
0.4007337473637292
0.40072043005265007
0.4007069794808178
0.4006933958373227
0.4006796794755869
0.40066583056697
0.4006518496516625
0.4006377367140537
0.4006234922706573
0.4006091165118485
0.4005946097349704
0.4005799721306975
0.40056520413826624
0.4005503060785868
0.4005352780615631
0.4005201205468816
0.4005048336652383
0.40048941770510554
0.4004738731696912
0.4004581999746539
0.4004423986679966
0.40042646954256533
0.40041041270642813
0.40039422851552686
0.4003779173037107
0.40036147933912997
0.4003449148114831
0.40032822403515983
0.40031140725602343
0.4002944648940167
0.4002773970177082
0.40026020407744106
0.4002428863216047
0.40022544383332365
0.40020787713275097
0.4001901862404378
0.40017237163559305
0.40015443357827835
0.40013637224106424
0.40011818783934744
0.4000998807980999
0.40008145137657936
0.40006289964446723
0.40004422610347806
0.40002543082732217
0.4000065142721343
0.39998747650229943
0.39996831788853215
0.39994903872560605
0.39992963922896285
0.39991011959110595
0.399890480194593
0.39987072128237805
0.3998508430019369
0.3998308456562416
0.39981072957101155
0.39979049502134884
0.39977014217465
0.3997496713321737
0.3997290827338258
0.3997083766257139
0.39968755337361134
0.3996666129958921
0.39964555602133806
0.39962438242196596
0.3996030927534922
0.39958168698304325
0.3995601655453508
0.39953852859744
0.39951677644808364
0.39949490932715187
0.39947292742981055
0.39945083108285334
0.3994286205464958
0.3994062959890425
0.3993838576827327
0.3993613059499614
0.3993386408373742
0.39931586284744985
0.3992929720057891
0.399269968692676
0.39924685304068913
0.39922362543552686
0.39920028609870145
0.3991768351505673
0.39915327282997765
0.3991295994578561
0.3991058152498187
0.39908192049756563
0.3990579154775425
0.39903380018119294
0.3990095751097892
0.3989852403274012
0.3989607961999275
0.3989362429486588
0.39891158064435395
0.39888680968715257
0.3988619302260942
0.398836942657483
0.39881184693724103
0.3987866435527718
0.39876133254418433
0.39873591435141453
0.39871038901905403
0.39868475680390336
0.3986590180746983
0.39863317288888284
0.39860722155073053
0.39858116422430173
0.39855500132476995
0.3985287328350411
0.3985023591358041
0.39847588047181387
0.39844929693003406
0.39842260884503344
0.39839581644907995
0.39836891990625994
0.3983419193898697
0.3983148152316703
0.39828760767139204
0.3982602967505333
0.3982328828687474
0.3982053662859358
0.3981777470856317
0.39815002540209177
0.3981222018136549
0.3980942760803114
0.3980662488225159
0.39803811995735133
0.39800988989425407
0.39798155871848545
0.39795312682550227
0.3979245941948232
0.39789596116443465
0.39786722808896097
0.39783839488366446
0.3978094619460607
0.39778042957345716
0.3977512976795384
0.39772206681710015
0.39769273694852025
0.3976633084246759
0.39763378142863554
0.39760415606931937
0.39757443275985166
0.39754461144844216
0.3975146925908204
0.39748467624216927
0.39745456275226426
0.39742435213038346
0.3973940446666187
0.3973636405713642
0.39733314012624205
0.39730254352095856
0.3972718508053704
0.39724106236117374
0.3972101782103023
0.3971791987803024
0.39714812413076944
0.3971169544385437
0.3970856900739746
0.3970543310022977
0.39702287758779337
0.3969913300646414
0.396959688523338
0.3969279532027297
0.3968961241971287
0.3968642019905601
0.3968321864893885
0.3968000779992702
0.39676787668571695
0.39673558282085297
0.39670319655635644
0.396670718000126
0.3966381475211932
0.3966054852214407
0.396572731317343
0.39656256254187877
0.3965568046879675
0.3965509267711544
0.39654492910579103
0.39653881178834416
0.39653257503226325
0.39652621906189467
0.3965197441049984
0.3965131501714595
0.3965064376147053
0.3965014374676345
0.3964972236598545
0.39649288711769864
0.3964884277967237
0.3964838459344573
0.3964791419158157
0.3964743156150202
0.3964693674453149
0.3964642977151734
0.3964591063623869
0.3964537936965563
0.39644835982178755
0.3964428051001946
0.3964371296477481
0.3964313334958488
0.3964254170988046
0.3964193805044652
0.39641322388516576
0.39640694757721645
0.39640055159373966
0.3963940361608268
0.3963874015370684
0.39638064783912236
0.39637377529613416
0.3963667841694798
0.3963596745352624
0.39635244654492846
0.39634510052696376
0.39633763663777527
0.3963300549992295
0.39632235576857777
0.3963145392186168
0.39630660555693825
0.39629855491070165
0.3962903873525761
0.39628210333386416
0.396273702743985
0.39626518612067857
0.39625655329076437
0.3962478046232657
0.39623894029105317
0.396229960344496
0.39622086517914873
0.39621165487646454
0.3962023295200601
0.39619288948509424
0.39618333483134
0.3961736657806786
0.396163882414937
0.3961539849818052
0.39614397378587024
0.39613384889046127
0.39612361037908317
0.39611325866804203
0.3961027936536775
0.39609221578638465
0.3960815250210698
0.39607617219658986
0.39607098097014315
0.39606566767559614
0.3960602325304955
0.3960546758063699
0.3960489976265201
0.39604319817614025
0.3960372776289847
0.3960321947267889
0.3960270234392227
0.3960217296809115
0.396016313344273
0.3960107749307198
0.39600511443021946
0.3959993320373139
0.3959934281642314
0.3959874027261114
0.395981256015848
0.39597498827312205
0.39596859967109643
0.39596209041386704
0.395955460635407
0.3959487105359626
0.3959418403338952
0.3959348502141446
0.3959277405243255
0.3959205111454865
0.39591316246593977
0.3959056946507069
0.3958981077761162
0.39589040219684907
0.3958825780791201
0.3958746353924598
0.39586657465093217
0.3958583958223373
0.39585009909296426
0.3958416847962927
0.3958331529752269
0.3958245039640195
0.3958157378339229
0.39580685466377225
0.3957978549106343
0.3957887385593639
0.3957795057895998
0.3957701570094652
0.39576202049350073
0.3957752553397537
0.3957883936294535
0.39580143538274315
0.3958143807144245
0.39582722997677583
0.39583998300771084
0.3958526400958672
0.39586520149329796
0.3958776671038128
0.39589003723702176
0.39590231187598973
0.3959144912972364
0.39592657555974037
0.3959385647857595
0.3959504590814309
0.39596225866157486
0.39597396350588726
0.39598557392557954
0.39599709001716593
0.3960085117877964
0.39601983954862274
0.3960310731870499
0.3960422130676354
0.39605325922766765
0.39606421175196344
0.39607507077119275
0.39608583656619023
0.3960965089900148
0.39610708840168507
0.3961175749465756
0.3961279684840051
0.396138269455544
0.3961484777409203
0.39615859359028704
0.39616861723763097
0.39617854853708334
0.3961883877490022
0.39619813511131824
0.39620779057654965
0.39621735423215376
0.3962268264071332
0.39623620713571944
0.39624549649132795
0.3962546945705827
0.39626380174858666
0.39627281775209383
0.3962817430374674
0.396290577536669
0.39629932145923746
0.3963079749212802
0.39631653796596267
0.3963250108111555
0.3963333935026222
0.3963416862549186
0.3963498891049181
0.39635800215824607
0.39637099478375365
0.39638638044612406
0.39640166459505743
0.396416847179002
0.396431928400107
0.3964469085331801
0.39646178760890144
0.3964765657702684
0.39649124319261403
0.39650581997426176
0.39652029625161733
0.3965346721733542
0.39654894782043987
0.396563123501521
0.3965771991106321
0.39659117493427803
0.39660505109308214
0.3966188276424783
0.3966325048268317
0.3966460826863656
0.396659561448392
0.3966729410706429
0.39668622196038605
0.39669940400594134
0.3967124874859578
0.39672547245081685
0.3967383590027107
0.3967511473954068
0.39676383770338175
0.3967764300097868
0.39678892448214675
0.39680132127876794
0.3968136204845001
0.39682582222689905
0.39683792664212675
0.39684993398625784
0.39686184412240966
0.3968736573805839
0.396885373895708
0.39689699368278
0.3969085169272907
0.39691994373902545
0.3969312743639795
0.39694250875260556
0.39695364711367076
0.3969646895335871
0.39697563624277393
0.3969864872067484
0.3969972426894783
0.39700790284220167
0.39701846762776116
0.39702893724289456
0.397039311971573
0.3970495916648092
0.39705977653800656
0.3970698669291639
0.3970798627363203
0.3970897640420925
0.39709957112763566
0.3971092840880599
0.397118902945949
0.39712842790736524
0.39713785902922843
0.3971471965457718
0.39715644046726173
0.3971655910645963
0.39717464832535426
0.3971836123987391
0.39719248329651885
0.3972012613680337
0.39720994659393566
0.39721853911647353
0.39722703906445017
0.3972354466177394
0.3972437617447659
0.3972519846153614
0.3972601154301387
0.39726815429343443
0.3972761012475239
0.39728395646568043
0.3972917201431037
0.39729939221014765
0.397306972906083
0.39731446230201467
0.3973218606474275
0.3973291678247414
0.3973363841106419
0.3973435096366078
0.39735054455495605
0.3973574887629196
0.3973643425315367
0.39737110600660697
0.3973777791950632
0.3973843622699951
0.3973908554161261
0.397397258690015
0.3974035720750843
0.39740979588426706
0.39741593019063265
0.3974219750014188
0.39742793054104747
0.3974337969033338
0.39743957414611475
0.39744526244187106
0.3974508618777977
0.39745637255272925
0.39746179456243347
0.3974671281787314
0.3974723732394314
0.3974775301976336
0.39748259879241016
0.3974875793568452
0.39749247199783216
0.39749727670866736
0.3975019937394158
0.3975066231832685
0.39751116508428996
0.39751561954736997
0.39751998669819405
0.39752426664623713
0.3975284595733327
0.39753256548875643
0.3975365845375825
0.3975405169239345
0.39754436259674936
0.3975481217700134
0.3975517944675313
0.3975553808353171
0.3975588810733973
0.39756229513417995
0.3975656232353043
0.3975688653421804
0.397572021800039
0.39757509257056495
0.39757807774750537
0.3975809775120318
0.3975837918103983
0.39758652095060143
0.39758916490609997
0.39759172381510477
0.3975941978636066
0.39759658708799156
0.39759889150005073
0.39760111135799664
0.39760324665891983
0.3976052976347373
0.39760726425007437
0.3976091466887178
0.3976109449984581
0.3976131023932859
0.39762250168556273
0.397631805142147
0.3976410129268327
0.39765012510254544
0.3976591418826911
0.3976680634654331
0.39767688982081095
0.3976856210111821
0.397694257242655
0.3977027986980127
0.3977112455084637
0.39771959766551107
0.3977278553428411
0.3977360186601584
0.3977440877731611
0.3977520627259623
0.3977599437918632
0.3977677308023967
0.3977754241378525
0.39778302392495957
0.3977905300161134
0.397797942755021
0.39780526223972246
0.39781248847959155
0.3978196217160547
0.39782666202987826
0.397833609446863
0.3978404641357329
0.3978472263301146
0.39785389587264913
0.3978604730893895
0.3978669581821114
0.39787335105646915
0.3978796518787172
0.3978858608826316
0.39789197796101355
0.3978980033874248
0.3979039373787133
0.39790977980637837
0.39791553091045295
0.39792119076600474
0.3979267595015722
0.39793223727188154
0.3979376241405078
0.39794292017203503
0.3979481256349486
0.39795324046246494
0.39795826491833225
0.39796319898114674
0.39796804287050763
0.39797279663123447
0.39797746049086735
0.3979820343422019
0.39798651846502425
0.39799091285539995
0.3979952176982291
0.3979994332624199
0.39800355933725756
0.3980075962674886
0.39801154398192323
0.39801540271826574
0.3980191726536533
0.3980228537336418
0.3980264461223835
0.3980299499249536
0.3980333653380366
0.3980366923951911
0.3980399311920236
0.39804308182267484
0.39804614439420877
0.39804911905336227
0.39805200605775
0.3980548051485609
0.3980575167794308
0.39806014078668467
0.39806267749840524
0.3980651269306767
0.39806748909196027
0.39806976430899377
0.39807195248339233
0.39807405384838385
0.3980760684598429
0.39807799642982905
0.39807983779342915
0.3980815927795853
0.398083261443595
0.3980848438733344
0.3980863401349399
0.3980877504452496
0.39808907479318784
0.39809031334475864
0.39809146625483327
0.39809253345575835
0.39809351524918296
0.39809441161393266
0.3980952226624388
0.3980959485600898
0.39809658937475495
0.3980971451989958
0.3980976161262372
0.39809800233030823
0.39809830380322975
0.3980985206841126
0.3980986531979828
0.3980987011481145
0.3980986650359873
0.3980985446221602
0.3980983402469357
0.39809805178448493
0.39809767960081843
0.39809722354308247
0.3980966838877327
0.39809606069189324
0.3980953539165863
0.39809456381453856
0.3980936905258727
0.3980927340513323
0.3980916943982126
0.3980905719791056
0.3980893665343924
0.3980880784096498
0.39808670759678716
0.3980852542270961
0.39808371828287775
0.39808210014519235
0.3980803996768585
0.3980786169095599
0.39807675218643235
0.3980748054461369
0.3980727768598979
0.3980706664565497
0.39806847435481485
0.3980662007150695
0.3980638455214823
0.39806140902246473
0.3980588910968879
0.3980562920849299
0.39805361194317784
0.39805085078375463
0.3980480086366215
0.39804508572758784
0.39804208213333137
0.39803899787471325
0.3980358332012021
0.3980325879231913
0.39802926236045866
0.3980258566381868
0.3980223706636481
0.39801880464913053
0.39801515868408277
0.39801143295552827
0.3980076273141578
0.39800374209558487
0.3979997772181885
0.39799573285385503
0.3979916091407565
0.39798740604749233
0.3979831238873002
0.39797876248641145
0.39797432208439865
0.3979698028396642
0.39796520468904606
0.39796052784464386
0.3979557722968051
0.3979509381897054
0.3979460256082591
0.3979410346883763
0.39793596548183857
0.397930818095219
0.3979255926336019
0.39792028913029887
0.39791490774825994
0.39790944843918474
0.39790391154493365
0.3978982969023232
0.3978926047044021
0.3978868351352012
0.3978809881264126
0.39787506386484767
0.39786906240374553
0.39786298388192826
0.39785682835382435
0.3978505958954539
0.3978442866431729
0.39783790056554696
0.39783143789092595
0.3978248986136235
0.3978182829853368
0.3978115908519952
0.3978048224778776
0.3977979778634589
0.3977910571958008
0.39778406051720083
0.397776987883219
0.397769839335607
0.39776261512737754
0.397755315159571
0.3977479396185661
0.3977404886443846
0.3977329622622178
0.3977253605058553
0.39771768350608605
0.39771401282797547
0.3977131111149673
0.39771212457021243
0.39771235665234433
0.3977285065907258
0.39774455240741996
0.3977604944776686
0.39777633261099077
0.3977920669945267
0.397807697929094
0.3978232253706202
0.3978386493280651
0.39785397012099516
0.39786918778687014
0.39788430232913946
0.3978993139434548
0.39791422280364
0.39792902893596305
0.3979437324186215
0.3979583333521974
0.39797283207681106
0.3979872283400552
0.398001522550309
0.3980157146737956
0.3980298048317618
0.3980437931529422
0.3980576796227511
0.39807146467135246
0.39808514805575324
0.3980987300789942
0.3981122108835793
0.39812559033192724
0.39813886877706406
0.39815204622140227
0.3981651227914677
0.3981780985680339
0.39819097363217765
0.3982037482963498
0.3982164223694519
0.39822899613691815
0.39824146978251324
0.3982538430913084
0.3982661166111038
0.39827829000239734
0.3982903636741432
0.3983023376300854
0.39831421206571793
0.3983259868649405
0.3983376624072285
0.3983492385644623
0.39836071555973057
0.3983720935523671
0.3983833724905138
0.398394552638078
0.3984056339723643
0.39841661666534467
0.3984275007864676
0.3984382865507138
0.39844897388336065
0.39845956299895635
0.39847005403243746
0.39848044692390394
0.39849074197782985
0.3985009391397226
0.39851103873691884
0.3985210406322459
0.39853094498922825
0.398540751908889
0.3985504616633332
0.3985600740481593
0.39856958936511394
0.3985790078513515
0.398588329253458
0.39859755390141094
0.3986066818108877
0.39861571335633544
0.3986246482058678
0.39863348675764243
0.39864222907428504
0.3986508750876261
0.39865942515944186
0.3986678791281885
0.39867623738423325
0.39868449980978515
0.39869266642796763
0.3987007375740886
0.3987087132258248
0.3987165936134378
0.3987243786717806
0.39873206861544813
0.3987396633706125
0.39874716321353143
0.3987545683137346
0.3987618784992079
0.39876909409290207
0.3987762151187042
0.3987832417071084
0.3987901738346067
0.398797011783973
0.39880375556641884
0.3988104052483538
0.39881696106332243
0.3988234229090196
0.3988297910451263
0.3988360654253174
0.39884224634949655
0.3988483337364619
0.3988543278606719
0.3988602285493425
0.39886603621239625
0.3988717507487585
0.3988773722313131
0.3988829009975049
0.39888833683376757
0.3988936800983226
0.3988989307270748
0.39890408898758223
0.39890915471802046
0.3989141282715861
0.39891900950088155
0.39892379877823564
0.3989284959365191
0.39893310132429843
0.39893761482261725
0.3989420367229937
0.3989463668273784
0.39895060557609396
0.39895475283641957
0.398958808802277
0.39896277359598115
0.398966647236093
0.39897042977969
0.3989741214958111
0.3989777223380251
0.39898123242759476
0.39898465197901567
0.3989879808749958
0.39899121929068687
0.3989943674642804
0.3989974253138773
0.3990003929590735
0.3990032706730629
0.399006058251762
0.39900875600059393
0.3990113641429747
0.39901388240504954
0.3990163110791583
0.39901865034418404
0.39902090012890906
0.39902306067761956
0.39902513196421424
0.3990271141482
0.39902900726689755
0.39903081153929865
0.39903252697691266
0.3990341535749245
0.39903569165245223
0.3990371410052339
0.39903850194478296
0.39903977461623863
0.39904095897661834
0.39904205514933266
0.39904306318121213
0.39904398327321955
0.39904481544154186
0.3990455598445728
0.39904621648127314
0.39904678554433454
0.39904726701688553
0.3990476610536815
0.39904796791704283
0.3990481873071556
0.39904831967715415
0.3990483649121535
0.39904832315172545
0.39904819463250857
0.399047979229373
0.3990476771189026
0.3990472884198492
0.39904681325817837
0.3990462516247877
0.39904560363916763
0.3990448695121145
0.39904404912772984
0.39904314277687847
0.3990572477182724
0.3990786470300114
0.39909996651932483
0.39912120625527164
0.39914236611890497
0.3991634463962926
0.39918444709438117
0.3992053682398219
0.3992262098368347
0.39924697204265275
0.39926765481773746
0.3992882584060855
0.39930878262418784
0.39932922777543756
0.399349593674361
0.3993698805334439
0.39939008842346596
0.39941021739797483
0.39943026753704225
0.39945023885039055
0.3994701313668265
0.39948994519983094
0.3995096802929304
0.3995293370130417
0.39954891506145196
0.39956841468606014
0.3995878359724128
0.39960717891647607
0.39962644357277155
0.39964563002408726
0.3996647383181747
0.39968376845726566
0.3997027206440317
0.39972159485253617
0.3997403911639371
0.3997591096323886
0.3997777502936098
0.3997963131376471
0.39981479850212637
0.39983320606155315
0.39985153621745917
0.39986978874084766
0.39988796386213693
0.3999060617532305
0.39992408224094445
0.39994202538716855
0.3999598915421371
0.39997768046824717
0.3999953922347227
0.4000130270175302
0.40003058495566446
0.40004806583915603
0.40006547005666576
0.4000827973470883
0.4001000479053233
0.40011722187548443
0.4001343192609464
0.4001513401209739
0.40016828441853974
0.40018515237170565
0.4002019438265387
0.40021865906295656
0.40023529799621316
0.40025186079343955
0.4002683474490215
0.40028475798921387
0.4003010925740759
0.40031735105591554
0.4003335337947838
0.4003496406186804
0.4003656717197695
0.4003816270444325
0.4003975067226475
0.4004133106973948
0.4004290393418504
0.40044469229271323
0.4004602699530984
0.40047577216300984
0.40049119898719665
0.40050655068710145
0.4005218270914978
0.40053702828371535
0.4005521545141399
0.4005672056460698
0.4005868536480552
0.4006071692953754
0.40062740299608496
0.4006475546043716
0.40066762435075526
0.4006876122607886
0.40070751834901497
0.40072734281469463
0.40074708563926786
0.40076674684121066
0.40078632654669366
0.4008058247610857
0.4008252417338628
0.40084457736825946
0.40086383162846795
0.40088300473817656
0.4009020968324495
0.4009211077649843
0.40094003782648285
0.4009588870019924
0.40097765521622475
0.4009963425852851
0.40101494934335546
0.401033475456028
0.40105192096043224
0.4010702858657127
0.40108857038771906
0.40110677449154164
0.4011248982267647
0.40114294166703834
0.40116090500354445
0.4011787881502552
0.4011965912046149
0.4012143141954881
0.4012319573727694
0.4012495206173835
0.4012670039767294
0.4012844076114161
0.4013017316398563
0.401318975900373
0.40133614070202933
0.4013532259293307
0.4013702317818917
0.40138715829932187
0.4014040054200424
0.40142077336885995
0.40143746208049
0.40145407175007175
0.40147060226921966
0.4014870539308198
0.40150342659966465
0.4015197203591419
0.40153593540985016
0.4015520715617803
0.40156812928863667
0.4015841081553954
0.40160000864817413
0.4016158305625511
0.4016315741473431
0.40164723937298547
0.40166282620661964
0.4016783348385362
0.40169376536706414
0.40170911772167744
0.40172439206892213
0.40173958850731567
0.4017547068668318
0.40176974750465366
0.4017847102822055
0.4017995953473894
0.40181440280174185
0.40182913257045905
0.4018437848153207
0.4018583595920437
0.40187285689171687
0.4018872769718325
0.4019016196616833
0.40191588510318454
0.40193007342911136
0.40194418459661624
0.40195821867294007
0.4019721758770735
0.4019860561184109
0.4019998594355471
0.4020135860553607
0.40202723587324785
0.4020408091123119
0.4020543055487681
0.4020677256481366
0.4020810691314314
0.4020943361386466
0.4021075268264521
0.4021206412888948
0.4021336794478718
0.4021466413741609
0.4021595272063647
0.4021723369658482
0.4021850706746057
0.40219772847881546
0.4022103104358174
0.4022228165299315
0.4022352468913546
0.4022476015931997
0.40225988061294704
0.40227208403624065
0.402284211905969
0.40229626435273363
0.4023082414384851
0.4023201432588373
0.40233196962348217
0.4023437208798238
0.4023553970406738
0.4023669979438502
0.4023785239238835
0.4023899749285978
0.40240135096151103
0.40241265212007776
0.4024238785441779
0.40243503031296135