   0.1716289637E-002     0.4986768702E-006     0.2083037630E+000     0.5367928371E+002     0.9524882382E+007     0.1451050053E+013
   0.2372783565E-002     0.4986868607E-006     0.2276448448E+000     0.5128333923E+002     0.8717660416E+007     0.1266774903E+013
   0.3022410828E-002     0.4986968509E-006     0.2473537262E+000     0.4903441646E+002     0.7985957891E+007     0.1108652604E+013
   0.3665277737E-002     0.4987068419E-006     0.2674359634E+000     0.4692596548E+002     0.7321834652E+007     0.9724779580E+012
   0.4301488129E-002     0.4987168326E-006     0.2878972900E+000     0.4495199994E+002     0.6718300583E+007     0.8548166550E+012
   0.4931143433E-002     0.4987268237E-006     0.3087436117E+000     0.4310706824E+002     0.6169185798E+007     0.7528445561E+012
   0.5554342719E-002     0.4987368151E-006     0.3299810045E+000     0.4138622885E+002     0.5669031011E+007     0.6642247243E+012
   0.6171182755E-002     0.4987468065E-006     0.3516157127E+000     0.3978502849E+002     0.5212994531E+007     0.5870123466E+012
   0.6781758097E-002     0.4987567983E-006     0.3736541400E+000     0.3829948125E+002     0.4796773084E+007     0.5195805104E+012
   0.7386161121E-002     0.4987667903E-006     0.3961028532E+000     0.3692605329E+002     0.4416534127E+007     0.4605617474E+012
   0.7984482063E-002     0.4987767823E-006     0.4189685823E+000     0.3566164971E+002     0.4068857812E+007     0.4088016211E+012
   0.8576809026E-002     0.4987867748E-006     0.4422582320E+000     0.3450360715E+002     0.3750687043E+007     0.3633216032E+012
   0.9163228180E-002     0.4987967671E-006     0.4659788509E+000     0.3344967544E+002     0.3459284370E+007     0.3232891735E+012
   0.9743823730E-002     0.4988067599E-006     0.4901376492E+000     0.3249801597E+002     0.3192194686E+007     0.2879935852E+012
   0.1031867795E-001     0.4988167526E-006     0.5147420016E+000     0.3164719834E+002     0.2947212854E+007     0.2568261068E+012
   0.1088787114E-001     0.4988267456E-006     0.5397994722E+000     0.3089620849E+002     0.2722355567E+007     0.2292638242E+012
   0.1145148189E-001     0.4988367389E-006     0.5653177639E+000     0.3024442901E+002     0.2515836766E+007     0.2048562948E+012
   0.1200958706E-001     0.4988467323E-006     0.5913047428E+000     0.2969164930E+002     0.2326046201E+007     0.1832144984E+012
   0.1256226179E-001     0.4988567258E-006     0.6177684396E+000     0.2923806949E+002     0.2151530647E+007     0.1640016504E+012
   0.1310957957E-001     0.4988667195E-006     0.6447170505E+000     0.2888430621E+002     0.1990977443E+007     0.1469255300E+012
   0.1365161229E-001     0.4988767135E-006     0.6721589394E+000     0.2863140040E+002     0.1843200024E+007     0.1317320503E+012
   0.1418843027E-001     0.4988867082E-006     0.7001026390E+000     0.2848082698E+002     0.1707125210E+007     0.1181998483E+012
   0.1472010231E-001     0.4988967029E-006     0.7285568528E+000     0.2843450644E+002     0.1581782000E+007     0.1061357191E+012
   0.1524669575E-001     0.4989066981E-006     0.7575304572E+000     0.2849481830E+002     0.1466291702E+007     0.9537074742E+011
   0.1576827649E-001     0.4989166942E-006     0.7870325034E+000     0.2866461635E+002     0.1359859222E+007     0.8575702309E+011
   0.1628490906E-001     0.4989266913E-006     0.8170722201E+000     0.2894724578E+002     0.1261765364E+007     0.7716484170E+011
   0.1679665661E-001     0.4989366893E-006     0.8476590150E+000     0.2934656193E+002     0.1171360032E+007     0.6948031347E+011
   0.1730358102E-001     0.4989466893E-006     0.8788024782E+000     0.2986695078E+002     0.1088056212E+007     0.6260331506E+011
   0.1780574287E-001     0.4989566920E-006     0.9105123841E+000     0.3051335110E+002     0.1011324638E+007     0.5644573058E+011
   0.1830320152E-001     0.4989666984E-006     0.9427986944E+000     0.3129127808E+002     0.9406890712E+006     0.5092993741E+011
   0.1879601514E-001     0.4989767097E-006     0.9756715605E+000     0.3220684849E+002     0.8757221076E+006     0.4598749956E+011
   0.1928424071E-001     0.4989867274E-006     0.1009141327E+001     0.3326680718E+002     0.8160414538E+006     0.4155803748E+011
   0.1976793412E-001     0.4989967551E-006     0.1043218534E+001     0.3447855483E+002     0.7613066117E+006     0.3758824837E+011
   0.2024715013E-001     0.4990067952E-006     0.1077913920E+001     0.3585017694E+002     0.7112159235E+006     0.3403105492E+011
   0.2072194245E-001     0.4990168526E-006     0.1113238425E+001     0.3739047376E+002     0.6655039289E+006     0.3084486403E+011
   0.2119236376E-001     0.4990269324E-006     0.1149203196E+001     0.3910899115E+002     0.6239389954E+006     0.2799291989E+011
   0.2165846571E-001     0.4990370427E-006     0.1185819586E+001     0.4101605219E+002     0.5863211860E+006     0.2544273816E+011
   0.2212029900E-001     0.4990471922E-006     0.1223099161E+001     0.4312278935E+002     0.5524803296E+006     0.2316560989E+011
   0.2257791337E-001     0.4990573935E-006     0.1261053699E+001     0.4544117709E+002     0.5222742678E+006     0.2113616581E+011
   0.2303135764E-001     0.4990676618E-006     0.1299695200E+001     0.4798406466E+002     0.4955872503E+006     0.1933199261E+011
   0.2348067973E-001     0.4990780161E-006     0.1339035883E+001     0.5076520900E+002     0.4723284568E+006     0.1773329433E+011
   0.2392592668E-001     0.4990884808E-006     0.1379088193E+001     0.5379930740E+002     0.4524306239E+006     0.1632259296E+011
   0.2436714468E-001     0.4990990856E-006     0.1419864804E+001     0.5710202987E+002     0.4358487593E+006     0.1508446306E+011
   0.2480437913E-001     0.4991098682E-006     0.1461378623E+001     0.6069005089E+002     0.4225589269E+006     0.1400529604E+011
   0.2523767457E-001     0.4991208739E-006     0.1503642791E+001     0.6458108042E+002     0.4125570880E+006     0.1307309044E+011
   0.2566707481E-001     0.4991321586E-006     0.1546670690E+001     0.6879389384E+002     0.4058579862E+006     0.1227726486E+011
   0.2609262286E-001     0.4991437917E-006     0.1590475944E+001     0.7334836067E+002     0.4024940656E+006     0.1160849085E+011
   0.2651436102E-001     0.4991558564E-006     0.1635072426E+001     0.7826547191E+002     0.4025144117E+006     0.1105854342E+011
   0.2693233085E-001     0.4991684536E-006     0.1680474257E+001     0.8356736553E+002     0.4059837084E+006     0.1062016699E+011
   0.2734657321E-001     0.4991817044E-006     0.1726695814E+001     0.8927735024E+002     0.4129812025E+006     0.1028695515E+011
   0.2775712829E-001     0.4991957558E-006     0.1773751732E+001     0.9541992697E+002     0.4235996724E+006     0.1005324259E+011
   0.2816403560E-001     0.4992107829E-006     0.1821656907E+001     0.1020208081E+003     0.4379443945E+006     0.9914007973E+010
   0.2856733399E-001     0.4992269935E-006     0.1870426500E+001     0.1091069340E+003     0.4561321054E+006     0.9864786547E+010
   0.2896706172E-001     0.4992446362E-006     0.1920075941E+001     0.1167064871E+003     0.4782899561E+006     0.9901591535E+010
   0.2936325638E-001     0.4992640043E-006     0.1970620933E+001     0.1248489024E+003     0.5045544586E+006     0.1002084343E+011
   0.2975595499E-001     0.4992854443E-006     0.2022077454E+001     0.1335648756E+003     0.5350704219E+006     0.1021930643E+011
   0.3014519398E-001     0.4993093637E-006     0.2074461762E+001     0.1428863670E+003     0.5699898787E+006     0.1049403145E+011
   0.3053100921E-001     0.4993362420E-006     0.2127790398E+001     0.1528466028E+003     0.6094710035E+006     0.1084230491E+011
   0.3091343597E-001     0.4993666384E-006     0.2182080189E+001     0.1634800718E+003     0.6536770225E+006     0.1126160313E+011
   0.3129250902E-001     0.4994012063E-006     0.2237348250E+001     0.1748225190E+003     0.7027751179E+006     0.1174955155E+011
   0.3166826257E-001     0.4994407060E-006     0.2293611989E+001     0.1869109349E+003     0.7569353277E+006     0.1230388855E+011
   0.3204073033E-001     0.4994860202E-006     0.2350889109E+001     0.1997835406E+003     0.8163294448E+006     0.1292243356E+011
   0.3240994550E-001     0.4995381703E-006     0.2409197613E+001     0.2134797691E+003     0.8811299176E+006     0.1360305893E+011
   0.3277594078E-001     0.4995983367E-006     0.2468555801E+001     0.2280402419E+003     0.9515087553E+006     0.1434366551E+011
   0.3313874838E-001     0.4996678786E-006     0.2528982280E+001     0.2435067416E+003     0.1027636441E+007     0.1514216149E+011
   0.3349840006E-001     0.4997483594E-006     0.2590495961E+001     0.2599221798E+003     0.1109680859E+007     0.1599644432E+011
   0.3385492710E-001     0.4998415720E-006     0.2653116062E+001     0.2773305608E+003     0.1197806233E+007     0.1690438556E+011
   0.3420836034E-001     0.4999495691E-006     0.2716862111E+001     0.2957769403E+003     0.1292172087E+007     0.1786381825E+011
   0.3455873017E-001     0.5000746948E-006     0.2781753949E+001     0.3153073810E+003     0.1392932229E+007     0.1887252684E+011
   0.3490606656E-001     0.5002196218E-006     0.2847811728E+001     0.3359689016E+003     0.1500233761E+007     0.1992823929E+011
   0.3525039906E-001     0.5003873907E-006     0.2915055915E+001     0.3578094234E+003     0.1614216120E+007     0.2102862128E+011
   0.3559175679E-001     0.5005814546E-006     0.2983507293E+001     0.3808777117E+003     0.1735010149E+007     0.2217127236E+011
   0.3593016848E-001     0.5008057259E-006     0.3053186958E+001     0.4052233121E+003     0.1862737212E+007     0.2335372375E+011
   0.3626566248E-001     0.5010646336E-006     0.3124116325E+001     0.4308964844E+003     0.1997508349E+007     0.2457343788E+011
   0.3659826673E-001     0.5013631775E-006     0.3196317124E+001     0.4579481305E+003     0.2139423468E+007     0.2582780922E+011
   0.3692800881E-001     0.5017069965E-006     0.3269811401E+001     0.4864297196E+003     0.2288570590E+007     0.2711416649E+011
   0.3725491593E-001     0.5021024363E-006     0.3344621518E+001     0.5163932091E+003     0.2445025149E+007     0.2842977609E+011
   0.3757901492E-001     0.5025566291E-006     0.3420770150E+001     0.5478909614E+003     0.2608849329E+007     0.2977184642E+011
   0.3790033229E-001     0.5030775767E-006     0.3498280286E+001     0.5809756577E+003     0.2780091471E+007     0.3113753328E+011
   0.3821889416E-001     0.5036742433E-006     0.3577175226E+001     0.6157002085E+003     0.2958785528E+007     0.3252394590E+011
   0.3853472635E-001     0.5043566565E-006     0.3657478578E+001     0.6521176600E+003     0.3144950580E+007     0.3392815379E+011
   0.3884785433E-001     0.5051360158E-006     0.3739214259E+001     0.6902810987E+003     0.3338590407E+007     0.3534719406E+011
   0.3915830325E-001     0.5060248126E-006     0.3822406485E+001     0.7302435525E+003     0.3539693126E+007     0.3677807926E+011
   0.3946609793E-001     0.5070369602E-006     0.3907079776E+001     0.7720578894E+003     0.3748230890E+007     0.3821780551E+011
   0.3977126289E-001     0.5081879331E-006     0.3993258944E+001     0.8157767142E+003     0.3964159639E+007     0.3966336102E+011
   0.4007382234E-001     0.5094949197E-006     0.4080969095E+001     0.8614522624E+003     0.4187418930E+007     0.4111173467E+011
   0.4037380017E-001     0.5109769884E-006     0.4170235619E+001     0.9091362934E+003     0.4417931811E+007     0.4255992481E+011
   0.4067122002E-001     0.5126552640E-006     0.4261084187E+001     0.9588799812E+003     0.4655604774E+007     0.4400494794E+011
   0.4096610520E-001     0.5145531229E-006     0.4353540744E+001     0.1010733804E+004     0.4900327752E+007     0.4544384751E+011
   0.4125847875E-001     0.5166963998E-006     0.4447631503E+001     0.1064747435E+004     0.5151974193E+007     0.4687370246E+011
   0.4154836343E-001     0.5191136120E-006     0.4543382936E+001     0.1120969626E+004     0.5410401180E+007     0.4829163571E+011
   0.4183578173E-001     0.5218362029E-006     0.4640821769E+001     0.1179448100E+004     0.5675449619E+007     0.4969482230E+011
   0.4212075588E-001     0.5248988008E-006     0.4739974969E+001     0.1240229436E+004     0.5946944475E+007     0.5108049736E+011
   0.4240330783E-001     0.5283394998E-006     0.4840869741E+001     0.1303358958E+004     0.6224695067E+007     0.5244596370E+011
   0.4268345928E-001     0.5322001608E-006     0.4943533513E+001     0.1368880621E+004     0.6508495416E+007     0.5378859904E+011
   0.4296123169E-001     0.5365267348E-006     0.5047993926E+001     0.1436836904E+004     0.6798124643E+007     0.5510586286E+011
   0.4323664624E-001     0.5413696083E-006     0.5154278826E+001     0.1507268694E+004     0.7093347414E+007     0.5639530284E+011
   0.4350972390E-001     0.5467839760E-006     0.5262416251E+001     0.1580215181E+004     0.7393914432E+007     0.5765456076E+011
   0.4378048537E-001     0.5528302376E-006     0.5372434418E+001     0.1655713751E+004     0.7699562969E+007     0.5888137809E+011
   0.4404895114E-001     0.5595744250E-006     0.5484361708E+001     0.1733799878E+004     0.8010017446E+007     0.6007360090E+011
   0.4431514146E-001     0.5670886541E-006     0.5598226657E+001     0.1814507022E+004     0.8324990041E+007     0.6122918443E+011
   0.4457907633E-001     0.5754516139E-006     0.5714057936E+001     0.1897866529E+004     0.8644181340E+007     0.6234619706E+011
   0.4484077556E-001     0.5847490833E-006     0.5831884341E+001     0.1983907529E+004     0.8967281015E+007     0.6342282381E+011
   0.4510025872E-001     0.5950744846E-006     0.5951734774E+001     0.2072656843E+004     0.9293968532E+007     0.6445736929E+011
   0.4535754517E-001     0.6065294739E-006     0.6073638225E+001     0.2164138892E+004     0.9623913886E+007     0.6544826016E+011
   0.4561265405E-001     0.6192245680E-006     0.6197623759E+001     0.2258375605E+004     0.9956778357E+007     0.6639404711E+011
   0.4586560431E-001     0.6332798134E-006     0.6323720495E+001     0.2355386332E+004     0.1029221528E+008     0.6729340627E+011
   0.4611641467E-001     0.6488254966E-006     0.6451957585E+001     0.2455187766E+004     0.1062987087E+008     0.6814514021E+011
   0.4636510366E-001     0.6660028995E-006     0.6582364202E+001     0.2557793865E+004     0.1096938496E+008     0.6894817839E+011
   0.4661168961E-001     0.6849651012E-006     0.6714969510E+001     0.2663215775E+004     0.1131039190E+008     0.6970157722E+011
   0.4685619065E-001     0.7058778297E-006     0.6849802650E+001     0.2771461761E+004     0.1165252132E+008     0.7040451963E+011
   0.4709862472E-001     0.7289203643E-006     0.6986892716E+001     0.2882537146E+004     0.1199539900E+008     0.7105631420E+011
   0.4733900958E-001     0.7542864930E-006     0.7126268732E+001     0.2996444246E+004     0.1233864767E+008     0.7165639394E+011
   0.4757736278E-001     0.7821855257E-006     0.7267959630E+001     0.3113182317E+004     0.1268188786E+008     0.7220431461E+011
   0.4781370169E-001     0.8128433663E-006     0.7411994224E+001     0.3232747505E+004     0.1302473871E+008     0.7269975278E+011
   0.4804804353E-001     0.8465036484E-006     0.7558401189E+001     0.3355132799E+004     0.1336681882E+008     0.7314250341E+011
   0.4828040529E-001     0.8834289359E-006     0.7707209032E+001     0.3480327990E+004     0.1370774703E+008     0.7353247721E+011
   0.4851080383E-001     0.9239019896E-006     0.7858446068E+001     0.3608319638E+004     0.1404714323E+008     0.7386969770E+011
   0.4873925580E-001     0.9682271053E-006     0.8012140392E+001     0.3739091043E+004     0.1438462916E+008     0.7415429796E+011
   0.4896577770E-001     0.1016731529E-005     0.8168319855E+001     0.3872622216E+004     0.1471982916E+008     0.7438651713E+011
   0.4919038586E-001     0.1069766943E-005     0.8327012029E+001     0.4008889865E+004     0.1505237095E+008     0.7456669673E+011
   0.4941309643E-001     0.1127711042E-005     0.8488244188E+001     0.4147867378E+004     0.1538188635E+008     0.7469527676E+011
   0.4963392540E-001     0.1190969181E-005     0.8652043269E+001     0.4289524818E+004     0.1570801197E+008     0.7477279159E+011
   0.4985288861E-001     0.1259976125E-005     0.8818435851E+001     0.4433828918E+004     0.1603038996E+008     0.7479986574E+011
   0.5007000173E-001     0.1335197875E-005     0.8987448115E+001     0.4580743084E+004     0.1634866862E+008     0.7477720953E+011
   0.5028528026E-001     0.1417133602E-005     0.9159105823E+001     0.4730227408E+004     0.1666250305E+008     0.7470561461E+011
   0.5049873955E-001     0.1506317672E-005     0.9333434278E+001     0.4882238676E+004     0.1697155580E+008     0.7458594937E+011
   0.5071039481E-001     0.1603321774E-005     0.9510458297E+001     0.5036730389E+004     0.1727549742E+008     0.7441915433E+011
   0.5092026109E-001     0.1708757161E-005     0.9690202175E+001     0.5193652791E+004     0.1757400700E+008     0.7420623751E+011
   0.5112835327E-001     0.1823276991E-005     0.9872689656E+001     0.5352952896E+004     0.1786677276E+008     0.7394826967E+011
   0.5133468610E-001     0.1947578797E-005     0.1005794389E+002     0.5514574526E+004     0.1815349246E+008     0.7364637965E+011
   0.5153927418E-001     0.2082407062E-005     0.1024598742E+002     0.5678458348E+004     0.1843387395E+008     0.7330174969E+011
   0.5174213196E-001     0.2228555927E-005     0.1043684212E+002     0.5844541923E+004     0.1870763552E+008     0.7291561071E+011
   0.5194327374E-001     0.2386872026E-005     0.1063052916E+002     0.6012759754E+004     0.1897450637E+008     0.7248923772E+011
   0.5214271368E-001     0.2558257452E-005     0.1082706903E+002     0.6183043344E+004     0.1923422691E+008     0.7202394526E+011
   0.5234046580E-001     0.2743672862E-005     0.1102648140E+002     0.6355321256E+004     0.1948654915E+008     0.7152108284E+011
   0.5253654398E-001     0.2944140725E-005     0.1122878518E+002     0.6529519174E+004     0.1973123697E+008     0.7098203062E+011
   0.5273096195E-001     0.3160748714E-005     0.1143399845E+002     0.6705559980E+004     0.1996806640E+008     0.7040819497E+011
   0.5292373332E-001     0.3394653257E-005     0.1164213838E+002     0.6883363819E+004     0.2019682584E+008     0.6980100434E+011
   0.5311487153E-001     0.3647083242E-005     0.1185322127E+002     0.7062848183E+004     0.2041731627E+008     0.6916190512E+011
   0.5330438993E-001     0.3919343881E-005     0.1206726247E+002     0.7243927991E+004     0.2062935144E+008     0.6849235760E+011
   0.5349230169E-001     0.4212820751E-005     0.1228427633E+002     0.7426515673E+004     0.2083275799E+008     0.6779383222E+011
   0.5367861986E-001     0.4528984002E-005     0.1250427619E+002     0.7610521264E+004     0.2102737555E+008     0.6706780575E+011
   0.5386335737E-001     0.4869392746E-005     0.1272727434E+002     0.7795852491E+004     0.2121305685E+008     0.6631575776E+011
   0.5404652700E-001     0.5235699632E-005     0.1295328199E+002     0.7982414874E+004     0.2138966774E+008     0.6553916716E+011
   0.5422814139E-001     0.5629655610E-005     0.1318230917E+002     0.8170111824E+004     0.2155708721E+008     0.6473950895E+011
   0.5440821307E-001     0.6053114890E-005     0.1341436480E+002     0.8358844746E+004     0.2171520740E+008     0.6391825107E+011
   0.5458675442E-001     0.6508040110E-005     0.1364945656E+002     0.8548513140E+004     0.2186393356E+008     0.6307685141E+011
   0.5476377770E-001     0.6996507697E-005     0.1388759089E+002     0.8739014717E+004     0.2200318396E+008     0.6221675505E+011
   0.5493929503E-001     0.7520713464E-005     0.1412877297E+002     0.8930245499E+004     0.2213288985E+008     0.6133939153E+011
   0.5511331840E-001     0.8082978403E-005     0.1437300663E+002     0.9122099941E+004     0.2225299531E+008     0.6044617244E+011
   0.5528585967E-001     0.8685754722E-005     0.1462029439E+002     0.9314471037E+004     0.2236345710E+008     0.5953848900E+011
   0.5545693058E-001     0.9331632108E-005     0.1487063734E+002     0.9507250443E+004     0.2246424457E+008     0.5861770995E+011
   0.5562654272E-001     0.1002334422E-004     0.1512403517E+002     0.9700328589E+004     0.2255533940E+008     0.5768517951E+011
   0.5579470756E-001     0.1076377546E-004     0.1538048610E+002     0.9893594801E+004     0.2263673543E+008     0.5674221550E+011
   0.5596143643E-001     0.1155596792E-004     0.1563998684E+002     0.1008693742E+005     0.2270843848E+008     0.5579010764E+011
   0.5612674054E-001     0.1240312869E-004     0.1590253260E+002     0.1028024393E+005     0.2277046604E+008     0.5483011600E+011
   0.5629063097E-001     0.1330863736E-004     0.1616811700E+002     0.1047340105E+005     0.2282284707E+008     0.5386346960E+011
   0.5645311865E-001     0.1427605379E-004     0.1643673206E+002     0.1066629492E+005     0.2286562169E+008     0.5289136511E+011
   0.5661421440E-001     0.1530912618E-004     0.1670836818E+002     0.1085881114E+005     0.2289884093E+008     0.5191496575E+011
   0.5677392888E-001     0.1641179944E-004     0.1698301408E+002     0.1105083497E+005     0.2292256641E+008     0.5093540029E+011
   0.5693227263E-001     0.1758822380E-004     0.1726065679E+002     0.1124225140E+005     0.2293687002E+008     0.4995376221E+011
   0.5708925607E-001     0.1884276377E-004     0.1754128160E+002     0.1143294530E+005     0.2294183363E+008     0.4897110894E+011
   0.5724488945E-001     0.2018000735E-004     0.1782487205E+002     0.1162280153E+005     0.2293754870E+008     0.4798846129E+011
   0.5739918292E-001     0.2160477557E-004     0.1811140989E+002     0.1181170508E+005     0.2292411600E+008     0.4700680296E+011
   0.5755214645E-001     0.2312213240E-004     0.1840087504E+002     0.1199954117E+005     0.2290164521E+008     0.4602708013E+011
   0.5770378992E-001     0.2473739484E-004     0.1869324557E+002     0.1218619536E+005     0.2287025459E+008     0.4505020125E+011
   0.5785412301E-001     0.2645614352E-004     0.1898849769E+002     0.1237155372E+005     0.2283007060E+008     0.4407703684E+011
   0.5800315532E-001     0.2828423349E-004     0.1928660570E+002     0.1255550290E+005     0.2278122753E+008     0.4310841946E+011
   0.5815089625E-001     0.3022780539E-004     0.1958754195E+002     0.1273793024E+005     0.2272386716E+008     0.4214514371E+011
   0.5829735510E-001     0.3229329702E-004     0.1989127687E+002     0.1291872395E+005     0.2265813831E+008     0.4118796640E+011
   0.5844254099E-001     0.3448745517E-004     0.2019777891E+002     0.1309777315E+005     0.2258419654E+008     0.4023760668E+011
   0.5858646290E-001     0.3681734788E-004     0.2050701449E+002     0.1327496802E+005     0.2250220372E+008     0.3929474642E+011
   0.5872912965E-001     0.3929037705E-004     0.2081894804E+002     0.1345019990E+005     0.2241232767E+008     0.3836003047E+011
   0.5887054994E-001     0.4191429135E-004     0.2113354194E+002     0.1362336140E+005     0.2231474177E+008     0.3743406716E+011
   0.5901073227E-001     0.4469719964E-004     0.2145075651E+002     0.1379434652E+005     0.2220962458E+008     0.3651742873E+011
   0.5914968500E-001     0.4764758460E-004     0.2177055000E+002     0.1396305070E+005     0.2209715947E+008     0.3561065193E+011
   0.5928741633E-001     0.5077431690E-004     0.2209287856E+002     0.1412937099E+005     0.2197753425E+008     0.3471423858E+011
   0.5942393429E-001     0.5408666965E-004     0.2241769623E+002     0.1429320610E+005     0.2185094076E+008     0.3382865623E+011
   0.5955924674E-001     0.5759433330E-004     0.2274495494E+002     0.1445445653E+005     0.2171757455E+008     0.3295433886E+011
   0.5969336139E-001     0.6130743089E-004     0.2307460448E+002     0.1461302461E+005     0.2157763451E+008     0.3209168763E+011
   0.5982628574E-001     0.6523653378E-004     0.2340659248E+002     0.1476881466E+005     0.2143132247E+008     0.3124107159E+011
   0.5995802714E-001     0.6939267767E-004     0.2374086445E+002     0.1492173301E+005     0.2127884289E+008     0.3040282858E+011
   0.6008859275E-001     0.7378737915E-004     0.2407736370E+002     0.1507168812E+005     0.2112040250E+008     0.2957726597E+011
   0.6021798954E-001     0.7843265256E-004     0.2441603141E+002     0.1521859068E+005     0.2095620996E+008     0.2876466156E+011
   0.6034622430E-001     0.8334102732E-004     0.2475680655E+002     0.1536235362E+005     0.2078647552E+008     0.2796526447E+011
   0.6047330362E-001     0.8852556569E-004     0.2509962595E+002     0.1550289226E+005     0.2061141072E+008     0.2717929600E+011
   0.6059923390E-001     0.9399988085E-004     0.2544442423E+002     0.1564012433E+005     0.2043122803E+008     0.2640695056E+011
   0.6072402133E-001     0.9977815553E-004     0.2579113387E+002     0.1577397005E+005     0.2024614059E+008     0.2564839658E+011
   0.6084767190E-001     0.1058751610E-003     0.2613968515E+002     0.1590435222E+005     0.2005636187E+008     0.2490377743E+011
   0.6097019138E-001     0.1123062764E-003     0.2649000618E+002     0.1603119624E+005     0.1986210540E+008     0.2417321240E+011
   0.6109158533E-001     0.1190875086E-003     0.2684202292E+002     0.1615443020E+005     0.1966358449E+008     0.2345679757E+011
   0.6121185909E-001     0.1262355127E-003     0.2719565915E+002     0.1627398492E+005     0.1946101194E+008     0.2275460679E+011
   0.6133101776E-001     0.1337676121E-003     0.2755083654E+002     0.1638979399E+005     0.1925459977E+008     0.2206669258E+011
   0.6144906623E-001     0.1417018203E-003     0.2790747458E+002     0.1650179384E+005     0.1904455901E+008     0.2139308712E+011
   0.6156600913E-001     0.1500568618E-003     0.2826549066E+002     0.1660992378E+005     0.1883109941E+008     0.2073380309E+011
   0.6168185085E-001     0.1588521945E-003     0.2862480006E+002     0.1671412603E+005     0.1861442923E+008     0.2008883466E+011
   0.6179659555E-001     0.1681080317E-003     0.2898531596E+002     0.1681434575E+005     0.1839475499E+008     0.1945815832E+011
   0.6191024709E-001     0.1778453648E-003     0.2934694946E+002     0.1691053109E+005     0.1817228129E+008     0.1884173386E+011
   0.6202280910E-001     0.1880859868E-003     0.2970960963E+002     0.1700263322E+005     0.1794721058E+008     0.1823950517E+011
   0.6213428493E-001     0.1988525153E-003     0.3007320348E+002     0.1709060635E+005     0.1771974297E+008     0.1765140115E+011
   0.6224467765E-001     0.2101684170E-003     0.3043763604E+002     0.1717440774E+005     0.1749007607E+008     0.1707733653E+011
   0.6235399005E-001     0.2220580315E-003     0.3080281035E+002     0.1725399774E+005     0.1725840475E+008     0.1651721274E+011
   0.6246222461E-001     0.2345465960E-003     0.3116862749E+002     0.1732933979E+005     0.1702492106E+008     0.1597091869E+011
   0.6256938353E-001     0.2476602708E-003     0.3153498664E+002     0.1740040048E+005     0.1678981402E+008     0.1543833156E+011
   0.6267546868E-001     0.2614261641E-003     0.3190178506E+002     0.1746714946E+005     0.1655326948E+008     0.1491931761E+011
   0.6278048163E-001     0.2758723580E-003     0.3226891819E+002     0.1752955955E+005     0.1631547000E+008     0.1441373292E+011
   0.6288442361E-001     0.2910279347E-003     0.3263627963E+002     0.1758760668E+005     0.1607659471E+008     0.1392142410E+011
   0.6298729553E-001     0.3069230026E-003     0.3300376123E+002     0.1764126992E+005     0.1583681921E+008     0.1344222903E+011
   0.6308909794E-001     0.3235887229E-003     0.3337125307E+002     0.1769053147E+005     0.1559631543E+008     0.1297597756E+011
   0.6318983104E-001     0.3410573372E-003     0.3373864356E+002     0.1773537662E+005     0.1535525158E+008     0.1252249213E+011
   0.6328949467E-001     0.3593621938E-003     0.3410581944E+002     0.1777579380E+005     0.1511379201E+008     0.1208158849E+011
   0.6338808830E-001     0.3785377761E-003     0.3447266588E+002     0.1781177452E+005     0.1487209716E+008     0.1165307623E+011
   0.6348561101E-001     0.3986197296E-003     0.3483906646E+002     0.1784331338E+005     0.1463032348E+008     0.1123675949E+011
   0.6358206148E-001     0.4196448905E-003     0.3520490327E+002     0.1787040803E+005     0.1438862336E+008     0.1083243745E+011
   0.6367743801E-001     0.4416513134E-003     0.3557005698E+002     0.1789305918E+005     0.1414714508E+008     0.1043990493E+011
   0.6377173846E-001     0.4646782998E-003     0.3593440682E+002     0.1791127052E+005     0.1390603275E+008     0.1005895291E+011
   0.6386496026E-001     0.4887664265E-003     0.3629783070E+002     0.1792504877E+005     0.1366542629E+008     0.9689369037E+010
   0.6395710044E-001     0.5139575746E-003     0.3666020528E+002     0.1793440359E+005     0.1342546138E+008     0.9330938147E+010
   0.6404815552E-001     0.5402949575E-003     0.3702140596E+002     0.1793934757E+005     0.1318626943E+008     0.8983442690E+010
   0.6413812162E-001     0.5678231505E-003     0.3738130700E+002     0.1793989618E+005     0.1294797757E+008     0.8646663197E+010
   0.6422699434E-001     0.5965881190E-003     0.3773978159E+002     0.1793606777E+005     0.1271070865E+008     0.8320378706E+010
   0.6431476882E-001     0.6266372478E-003     0.3809670188E+002     0.1792788349E+005     0.1247458120E+008     0.8004367158E+010
   0.6440143968E-001     0.6580193699E-003     0.3845193906E+002     0.1791536726E+005     0.1223970945E+008     0.7698405786E+010
   0.6448700104E-001     0.6907847949E-003     0.3880536344E+002     0.1789854576E+005     0.1200620335E+008     0.7402271474E+010
   0.6457144649E-001     0.7249853383E-003     0.3915684454E+002     0.1787744831E+005     0.1177416854E+008     0.7115741105E+010
   0.6465476909E-001     0.7606743499E-003     0.3950625111E+002     0.1785210690E+005     0.1154370642E+008     0.6838591878E+010
   0.6473696132E-001     0.7979067421E-003     0.3985345126E+002     0.1782255610E+005     0.1131491411E+008     0.6570601621E+010
   0.6481801512E-001     0.8367390184E-003     0.4019831251E+002     0.1778883300E+005     0.1108788455E+008     0.6311549070E+010
   0.6489792184E-001     0.8772293014E-003     0.4054070187E+002     0.1775097720E+005     0.1086270646E+008     0.6061214145E+010
   0.6497667221E-001     0.9194373607E-003     0.4088048593E+002     0.1770903068E+005     0.1063946443E+008     0.5819378197E+010
   0.6505425637E-001     0.9634246400E-003     0.4121753093E+002     0.1766303784E+005     0.1041823892E+008     0.5585824244E+010
   0.6513066384E-001     0.1009254285E-002     0.4155170286E+002     0.1761304534E+005     0.1019910635E+008     0.5360337190E+010
   0.6520588347E-001     0.1056991168E-002     0.4188286753E+002     0.1755910213E+005     0.9982139101E+007     0.5142704030E+010
   0.6527990348E-001     0.1106701919E-002     0.4221089067E+002     0.1750125932E+005     0.9767405592E+007     0.4932714031E+010
   0.6535271138E-001     0.1158454945E-002     0.4253563799E+002     0.1743957015E+005     0.9554970336E+007     0.4730158912E+010
   0.6542429401E-001     0.1212320460E-002     0.4285697533E+002     0.1737408993E+005     0.9344893991E+007     0.4534833002E+010
   0.6549463751E-001     0.1268370508E-002     0.4317476866E+002     0.1730487595E+005     0.9137233426E+007     0.4346533379E+010
   0.6556372727E-001     0.1326678987E-002     0.4348888426E+002     0.1723198744E+005     0.8932041781E+007     0.4165060010E+010
   0.6563154797E-001     0.1387321672E-002     0.4379918874E+002     0.1715548548E+005     0.8729368535E+007     0.3990215867E+010
   0.6569808349E-001     0.1450376239E-002     0.4410554920E+002     0.1707543294E+005     0.8529259576E+007     0.3821807035E+010
   0.6576331697E-001     0.1515922285E-002     0.4440783327E+002     0.1699189442E+005     0.8331757270E+007     0.3659642809E+010
   0.6582723074E-001     0.1584041350E-002     0.4470590924E+002     0.1690493617E+005     0.8136900536E+007     0.3503535776E+010
   0.6588980631E-001     0.1654816935E-002     0.4499964611E+002     0.1681462601E+005     0.7944724917E+007     0.3353301897E+010
   0.6595102438E-001     0.1728334524E-002     0.4528891377E+002     0.1672103329E+005     0.7755262661E+007     0.3208760564E+010
   0.6601086477E-001     0.1804681599E-002     0.4557358300E+002     0.1662422878E+005     0.7568542792E+007     0.3069734661E+010
   0.6606930647E-001     0.1883947661E-002     0.4585352563E+002     0.1652428462E+005     0.7384591195E+007     0.2936050606E+010
   0.6612632755E-001     0.1966224237E-002     0.4612861464E+002     0.1642127423E+005     0.7203430692E+007     0.2807538394E+010
   0.6618190521E-001     0.2051604907E-002     0.4639872420E+002     0.1631527226E+005     0.7025081121E+007     0.2684031621E+010
   0.6623601569E-001     0.2140185304E-002     0.4666372984E+002     0.1620635451E+005     0.6849559421E+007     0.2565367512E+010
   0.6628863431E-001     0.2232063135E-002     0.4692350851E+002     0.1609459784E+005     0.6676879714E+007     0.2451386930E+010
   0.6633973542E-001     0.2327338188E-002     0.4717793867E+002     0.1598008010E+005     0.6507053383E+007     0.2341934388E+010
   0.6638929239E-001     0.2426112341E-002     0.4742690043E+002     0.1586288007E+005     0.6340089158E+007     0.2236858052E+010
   0.6643727759E-001     0.2528489568E-002     0.4767027559E+002     0.1574307739E+005     0.6175993197E+007     0.2136009730E+010
   0.6648366237E-001     0.2634575947E-002     0.4790794780E+002     0.1562075245E+005     0.6014769170E+007     0.2039244871E+010
   0.6652841705E-001     0.2744479663E-002     0.4813980260E+002     0.1549598636E+005     0.5856418344E+007     0.1946422543E+010
   0.6657151086E-001     0.2858311008E-002     0.4836572757E+002     0.1536886085E+005     0.5700939658E+007     0.1857405416E+010
   0.6661291198E-001     0.2976182386E-002     0.4858561239E+002     0.1523945821E+005     0.5548329815E+007     0.1772059738E+010
   0.6665258749E-001     0.3098208308E-002     0.4879934893E+002     0.1510786120E+005     0.5398583356E+007     0.1690255302E+010
   0.6669050333E-001     0.3224505389E-002     0.4900683138E+002     0.1497415300E+005     0.5251692746E+007     0.1611865420E+010
   0.6672662432E-001     0.3355192343E-002     0.4920795632E+002     0.1483841713E+005     0.5107648453E+007     0.1536766881E+010
   0.6676091412E-001     0.3490389976E-002     0.4940262282E+002     0.1470073736E+005     0.4966439028E+007     0.1464839915E+010
   0.6679333520E-001     0.3630221177E-002     0.4959073251E+002     0.1456119767E+005     0.4828051188E+007     0.1395968147E+010
   0.6682384884E-001     0.3774810902E-002     0.4977218972E+002     0.1441988216E+005     0.4692469887E+007     0.1330038556E+010
   0.6685241511E-001     0.3924286166E-002     0.4994690149E+002     0.1427687500E+005     0.4559678403E+007     0.1266941422E+010
   0.6687899283E-001     0.4078776023E-002     0.5011477776E+002     0.1413226032E+005     0.4429658408E+007     0.1206570282E+010
   0.6690353957E-001     0.4238411547E-002     0.5027573134E+002     0.1398612219E+005     0.4302390045E+007     0.1148821870E+010
   0.6692601164E-001     0.4403325813E-002     0.5042967810E+002     0.1383854455E+005     0.4177852006E+007     0.1093596072E+010
   0.6694636402E-001     0.4573653870E-002     0.5057653697E+002     0.1368961108E+005     0.4056021601E+007     0.1040795864E+010
   0.6696455041E-001     0.4749532720E-002     0.5071623007E+002     0.1353940524E+005     0.3936874835E+007     0.9903272560E+009
   0.6698052316E-001     0.4931101283E-002     0.5084868275E+002     0.1338801012E+005     0.3820386474E+007     0.9420992371E+009
   0.6699423327E-001     0.5118500373E-002     0.5097382371E+002     0.1323550841E+005     0.3706530120E+007     0.8960237130E+009
   0.6700563039E-001     0.5311872657E-002     0.5109158502E+002     0.1308198234E+005     0.3595278274E+007     0.8520154476E+009
   0.6701466276E-001     0.5511362622E-002     0.5120190223E+002     0.1292751362E+005     0.3486602408E+007     0.8099920021E+009
   0.6702127722E-001     0.5717116536E-002     0.5130471441E+002     0.1277218339E+005     0.3380473029E+007     0.7698736735E+009
   0.6702541920E-001     0.5929282404E-002     0.5139996425E+002     0.1261607212E+005     0.3276859743E+007     0.7315834335E+009
   0.6702703268E-001     0.6148009925E-002     0.5148759808E+002     0.1245925962E+005     0.3175731317E+007     0.6950468660E+009
   0.6702606018E-001     0.6373450442E-002     0.5156756594E+002     0.1230182493E+005     0.3077055743E+007     0.6601921058E+009
   0.6702244276E-001     0.6605756894E-002     0.5163982165E+002     0.1214384630E+005     0.2980800295E+007     0.6269497760E+009
   0.6701611998E-001     0.6845083761E-002     0.5170432287E+002     0.1198540112E+005     0.2886931589E+007     0.5952529266E+009
   0.6700702990E-001     0.7091587009E-002     0.5176103110E+002     0.1182656588E+005     0.2795415643E+007     0.5650369722E+009
   0.6699510907E-001     0.7345424029E-002     0.5180991178E+002     0.1166741612E+005     0.2706217924E+007     0.5362396310E+009
   0.6698029249E-001     0.7606753576E-002     0.5185093431E+002     0.1150802638E+005     0.2619303411E+007     0.5088008635E+009
   0.6696251361E-001     0.7875735705E-002     0.5188407208E+002     0.1134847016E+005     0.2534636641E+007     0.4826628123E+009
   0.6694170434E-001     0.8152531702E-002     0.5190930252E+002     0.1118881986E+005     0.2452181765E+007     0.4577697412E+009
   0.6691779499E-001     0.8437304015E-002     0.5192660712E+002     0.1102914677E+005     0.2371902592E+007     0.4340679765E+009
   0.6689071429E-001     0.8730216179E-002     0.5193597147E+002     0.1086952101E+005     0.2293762639E+007     0.4115058480E+009
   0.6686038937E-001     0.9031432738E-002     0.5193738525E+002     0.1071001146E+005     0.2217725179E+007     0.3900336306E+009
   0.6682674575E-001     0.9341119173E-002     0.5193084232E+002     0.1055068581E+005     0.2143753282E+007     0.3696034873E+009
   0.6678970733E-001     0.9659441811E-002     0.5191634065E+002     0.1039161042E+005     0.2071809862E+007     0.3501694125E+009
   0.6674919636E-001     0.9986567749E-002     0.5189388239E+002     0.1023285038E+005     0.2001857713E+007     0.3316871764E+009
   0.6670513346E-001     0.1032266476E-001     0.5186347386E+002     0.1007446940E+005     0.1933859556E+007     0.3141142706E+009
   0.6665743760E-001     0.1066790120E-001     0.5182512555E+002     0.9916529850E+004     0.1867778072E+007     0.2974098538E+009
   0.6660602608E-001     0.1102244595E-001     0.5177885212E+002     0.9759092678E+004     0.1803575941E+007     0.2815346990E+009
   0.6655081453E-001     0.1138646825E-001     0.5172467240E+002     0.9602217414E+004     0.1741215878E+007     0.2664511423E+009
   0.6649171692E-001     0.1176013767E-001     0.5166260939E+002     0.9445962139E+004     0.1680660666E+007     0.2521230312E+009
   0.6642864553E-001     0.1214362399E-001     0.5159269022E+002     0.9290383459E+004     0.1621873190E+007     0.2385156753E+009
   0.6636151094E-001     0.1253709707E-001     0.5151494616E+002     0.9135536490E+004     0.1564816466E+007     0.2255957977E+009
   0.6629022205E-001     0.1294072680E-001     0.5142941258E+002     0.8981474834E+004     0.1509453674E+007     0.2133314869E+009
   0.6621468608E-001     0.1335468293E-001     0.5133612893E+002     0.8828250569E+004     0.1455748183E+007     0.2016921502E+009
