0.06152535505705921
0.06213493771452009
0.06258134332486442
0.0628826298521501
0.06305544900928128
0.0631150429503254
0.06307525733200732
0.06294856958599238
0.06274613123248504
0.062477821788745516
0.062152313579825647
0.06177714476115756
0.06405502445078026
0.06742550044510785
0.07080873597420316
0.0741913252657427
0.07756051323769796
0.08090422707228119
0.08421110247404581
0.08747050804623496
0.09067256353770499
0.09380815542433064
0.09686894638307092
0.09984738016784797
0.10273668215109079
0.10553085372769128
0.10822466189002075
0.11081362484203805
0.11329399201129858
0.1156627204362696
0.11791744590554923
0.12005645234894731
0.12207863646278962
0.12398346963960419
0.12577095881796024
0.1274416037810583
0.1289963547168702
0.1304365678637398
0.13176396131389617
0.13298057077681308
0.13408870619900656
0.13509090935697335
0.13598991234443905
0.13678859927496495
0.13748996838461583
0.13809709796313707
0.13861311414162755
0.13904116217949916
0.1393843801133073
0.13964587613714333
0.13982870801465025
0.139935867769341
0.1399702663358275
0.13993472452948397
0.1398319640693066
0.13966460307996925
0.1394351537167891
0.13914646982172293
0.13884994790757743
0.13849653291385453
0.1383939015887269
0.14148363264636413
0.14453084815698672
0.1475307217886901
0.15047863155928803
0.15337017744426376
0.15620119625328233
0.15896777469360585
0.16166626095911296
0.16429327377808453
0.16684570917179842
0.16932074602187747
0.17171584852117028
0.17402876719303198
0.1762575377997192
0.17840047818822838
0.18045618317787587
0.18242351810471408
0.18430161052429408
0.18608984026137243
0.1877878284369087
0.18939542511544244
0.19091269614496517
0.19233990903616144
0.19367751834843566
0.19492615053049644
0.19608658840157
0.19715975591206691
0.19814670259376357
0.19904858852915674
0.19986666959196409
0.20060228315638448
0.20125683502160904
0.2018317861647273
0.20232864143565532
0.2027489385340015
0.20309423796340734
0.20336611490374557
0.20356615111610563
0.20369592849356813
0.2037570240638341
0.2037510051856868
0.2036794266050421
0.20354382809060811
0.2033457332967469
0.2030866488972741
0.20276806529923785
0.2023914573266886
0.20195828595754864
0.2030101370294259
0.20602725128445565
0.20899115264093465
0.2118985622307711
0.21474634978770615
0.21753154287313747
0.22025133523345458
0.2229030938049327
0.22548436513963882
0.22799287986251812
0.23042655647078375
0.232783503800441
0.2350620222759603
0.23726060387252257
0.2393779310874607
0.24141287469600092
0.24336449040637984
0.24523201460934071
0.2470148590280497
0.24871260480592478
0.25032499537279795
0.25185192922049776
0.2532934514030204
0.2546497451729325
0.2559211229465492
0.2571080171266364
0.2582109705064414
0.25923062709516675
0.2601677224460583
0.2610230746337973
0.261797575061792
0.26249217987725576
0.26310790152683466
0.2636458011768097
0.26410698113233416
0.2644925783429098
0.2648037581207275
0.2650417087014061
0.26520763654227913
0.2653027621598673
0.26532831660258605
0.2652855387371072
0.26517567297858163
0.2649999678715817
0.26475967506914355
0.2644560488378765
0.2640903460236139
0.2636638265959634
0.2631777543983981
0.26471718840482245
0.2677831434756774
0.27079088671790136
0.273737640425746
0.27662074629378136
0.2794376729724753
0.28218602272782267
0.2848635375121184
0.2874681039892812
0.2899977577044701
0.2924506863634681
0.294825232675501
0.2971198954126764
0.29933333021762765
0.30146434959997626
0.3035119214917328
0.3054751675660498
0.3073533602697879
0.30914591956388965
0.3108524085388591
0.31247252890303456
0.31400611508109366
0.31545312885648924
0.3168136526635969
0.31808788299705343
0.3192761235320269
0.32037877790688907
0.3213963424372814
0.3223293987385478
0.3231786065661167
0.3239446966129139
0.3246284633585839
0.325230758593546
0.32575248474209917
0.32619458883722924
0.3265580568696832
0.32684390845025013
0.32705319214167156
0.32718698098871796
0.32724636887347075
0.3272324671487529
0.32714640194190103
0.32698931193411485
0.3267623463133415
0.3264666640397897
0.32610343241022427
0.3256738268738383
0.3251790309555389
0.3246202365105407
0.32651400473786835
0.32963370008992304
0.3326917165810061
0.33568545323800936
0.3386124066420816
0.3414701788257586
0.3442564834846509
0.34696915177249177
0.34960613810280355
0.352165524328795
0.3546455240958747
0.357044485599513
0.35936089425397766
0.36159337444504547
0.36374069002247267
0.3658017449962672
0.36777558236059904
0.36966138330244785
0.37145846466766985
0.37316627659819257
0.37478439913272393
0.37631253827743516
0.3777505215975044
0.3790982934095619
0.38035590935066416
0.3815235309722335
0.3826014195729448
0.38358993021392357
0.384489505488847
0.3853006689932
0.3860240191765096
0.3866602229198477
0.38721000929168053
0.38767416382015213
0.38805352222412437
0.38834896541304237
0.3885614136499381
0.3886918224737968
0.38874117745183384
0.3887104908620922
0.3886007974114824
0.38841315149715855
0.38814862427379143
0.387808301491922
0.38739328132826223
0.3869046734998681
0.3863435975759043
0.38571118287792105
0.3850085678404781
0.3873404119752518
0.3904242096972983
0.39344269635550444
0.3963933030432937
0.39927353905066854
0.40208099904004063
0.4048133698735154
0.4074684375525726
0.41004409255279367
0.41253833595645634
0.41494928387323876
0.41727517164111705
0.4195143576308688
0.4216653259567843
0.42372668874944164
0.42569718781343774
0.4275756952786397
0.429361213910935
0.4310528762287652
0.43264994392349826
0.4341518054330937
0.43555797386793166
0.43686808384272807
0.4380818881036237
0.43919925339047144
0.44022015611544896
0.4411446774645068
0.4419729983299815
0.44270539387611074
0.44334222799848816
0.44388394769440753
0.44433107702228003
0.4446842116007673
0.44494401263016925
0.4451112011664113
0.4451865528765518
0.44517089248068276
0.44506508883992496
0.4448700499143939
0.44458671864834626
0.44421606875430586
0.4437591007118061
0.44321683885483254
0.44259032805698656