0.3106264198219807
0.311819260764665
0.3129326763137448
0.3139698865665617
0.3149084789425371
0.3157686734111597
0.31655576393017004
0.31725201554183274
0.31786888939110336
0.31845004347144446
0.3195731754369687
0.320620820555928
0.3215896988273916
0.3224770152145335
0.32341203053269635
0.32433760229974956
0.3252049149863953
0.3260124063512795
0.32675865305509416
0.32744236012896766
0.3280623526109887
0.3287024911204108
0.32944923731583176
0.33013246000525726
0.3310815632500499
0.33256776132503013
0.3340658208225893
0.33550140622787833
0.3368720837414331
0.33818369534448794
0.3394363401440863
0.340617048460851
0.3417239126767606
0.3427551709496514
0.3437414307825245
0.34514666166098773
0.3464951253228543
0.3477839868402492
0.349010540175824
0.35019132732712704
0.3518129040731084
0.3533519206569862
0.3548058930291217
0.35617257365968513
0.35744995091243237
0.35864957997238944
0.3598807494215177
0.36152987887334564
0.36309593042780813
0.3645763853198586
0.3659689649705994
0.3672716310918267
0.36848258333814116
0.36960204859331686
0.37089342731897695
0.3722667265145003
0.3735265425999056
0.3747123147295037
0.37584645823182394
0.37751309601924876
0.37909476879272397
0.3806949931682256
0.3822892176665472
0.3837869099717156
0.38518733894459994
0.38648993358028827
0.38769427801335354
0.3888166372979909
0.39034653634150984
0.39188915608737107
0.39334487626784465
0.39522411682326813
0.397105086209644
0.39888684450532225
0.4005686274666218
0.40214980765423847
0.4038569201997487
0.40572945810608296
0.40751480997703105
0.40921194358520985
0.4108199260367923
0.4123832943712259
0.41404957620064786
0.4160734967628206
0.41799131659109623
0.41980227889183697
0.42182022324139334
0.42401165602839735
0.42610563064495877
0.4281008761642586
0.4299962526071753
0.43179075182252313
0.43348349846584255
0.43515045765999033
0.4371565397908569
0.4390624200407326
0.4408511414385968
0.443100851367104
0.4453081694928105
0.44740309338384876
0.44938472131971674
0.45125230886302126
0.45300526748520514
0.454682378153086
0.45655202714027665
0.45833199140084324
0.4600021068580426
0.46160028115654284
0.4636759132709172
0.46562694749120714
0.4674934050233661
0.46931056314354513
0.47105041946407655
0.47288587168539115
0.47479877768857776
0.47667344266513884
0.47842784404290306
0.480062233650115
0.4819022668117856
0.483921191359338
0.48617460030592974
0.4885571888573813
0.49082196347542684
0.49296863559545534
0.4949970268928556
0.49690706757259184
0.4987502836379185
0.5005482635568084
0.5028594725551434
0.5055130721017776
0.5080492948742488
0.5105422459790702
0.5129143361912569
0.515179950338958
0.5173392215408572
0.5193755094217277
0.5212887578127121
0.5235353837744121
0.526312321814385
0.5289669074476466
0.531498334299198
0.5339059235030973
0.5361891235754318
0.5383475091280863
0.5403807804888348
0.5422887619006422
0.5444660524632895
0.5470669730270471
0.5496604161853815
0.5521250632899755
0.5544603208247705
0.5566657356509064
0.5587409934916832
0.5609330966615527
0.5630612809002116
0.5650526257223922
0.5669421625728606
0.5693378469227259
0.5715979514255185
0.573906539525611
0.5761321956976638
0.5782165696019571
0.5801598071032467
0.5820812057027095
0.5840446019083705
0.5858672464528316
0.58806557617727
0.5906280044021801
0.5930821566206683
0.5954364350970163
0.5976583672902244
0.5997414615775651
0.6020226804287596
0.6042781261842036
0.6064039425706103
0.6088163606594543
0.6112730119897807
0.6135954862239682
0.6157836485462433
0.618044228283247
0.6205322327217662
0.6228941617970507
0.6251296275687023
0.6275403225827674
0.6300404376213475
0.6324075461853472
0.6346413076006829
0.636741499629692
0.6393032276029745
0.6417933210378299
0.6443137381949281
0.6469873763400281
0.649525958733634
0.6519289117184544
0.6541957893512419
0.6563262724886988
0.6583708742899432
0.6612683058939566
0.6640425848321247
0.6666773453420066
0.6691719411603582
0.6715278422740606
0.6740201011055053
0.6763662271273423
0.6785660070752115
0.6806365605841984
0.6834470320965867
0.6861082532549146
0.6886488698336888
0.6911362072851188
0.6935068386937326
0.6957419712011551
0.6978243147854558
0.699754106770546
0.7017930977329377
0.7042292234428154
0.7065140727580083
0.7086476203768844
0.710896216900348
0.7130453783422451
0.7150495597034229
0.716908900700176
0.718812543528565
0.7212444401811551
0.7237602208871594
0.7261357026458727
0.7283705411257806
0.7304645023742956
0.7324174612462804
0.7342294001981432
0.7367837821525096
0.7394586440282115
0.7419949052369557
0.7443919029128967
0.7466490849225412
0.748766009701447
0.7509627885748548
0.7532715657749991
0.755911043187784
0.758606654117204
0.7611609548162459
0.7635731380253119
0.7661955487240261
0.7687097762244006
0.771075104169816
0.7732909838064423
0.775731946571256
0.7786747828546895
0.7814662983839398
0.7841055497164754
0.7867698184270624
0.7893242031859801
0.7917672302477721
0.7941471094331201
0.7964612833508277
0.7993031312455986
0.8019839740871704
0.8045030857075635
0.806859887572083
0.8090539472064433
0.8110849761919192
0.8129528278733708
0.814683089688015
0.8169218179758739
0.8189967515937097
0.8209076497916731
0.8227756302795779
0.8245048767443353
0.8260727101191463
0.8277472479054164
0.8296854592355366
0.8317509067527695
0.833658226456288
0.8354071627951112
0.837375215300285
0.839296354307545
0.8410656787364114
0.8431324290915165
0.8451732258151768
0.8470576469676901
0.8489367156491304
0.8511163745565711
0.8531456460537473
0.8554196922757157
0.8576433189680084
0.8597103824645552
0.861620149849154
0.8633720069009689
0.8657991123021251
0.868342264371059
0.8707274767977974
0.8729536369410873
0.8751781952624896
0.8774105898244235
0.8794776620423753
0.8814372135747495
0.8841015766545697
0.886641716841399
0.889165192093583
0.8915681775795444