   0.9883506215E+000     0.9999995013E+000     0.2465426236E+001     0.3448623564E+003     0.2500025916E+009     0.2000019952E+015
   0.9778728740E+000     0.9999995013E+000     0.2555491963E+001     0.3465562207E+003     0.2500051084E+009     0.2000039697E+015
   0.9675124485E+000     0.9999995013E+000     0.2648971546E+001     0.3484855336E+003     0.2500076215E+009     0.2000059238E+015
   0.9572678790E+000     0.9999995013E+000     0.2745993977E+001     0.3506814468E+003     0.2500101406E+009     0.2000078576E+015
   0.9471377224E+000     0.9999995013E+000     0.2846693261E+001     0.3531791513E+003     0.2500126789E+009     0.2000097716E+015
   0.9371205576E+000     0.9999995013E+000     0.2951208603E+001     0.3560183887E+003     0.2500152554E+009     0.2000116660E+015
   0.9272149851E+000     0.9999995013E+000     0.3059684605E+001     0.3592440328E+003     0.2500178966E+009     0.2000135412E+015
   0.9174196267E+000     0.9999995013E+000     0.3172271464E+001     0.3629067443E+003     0.2500206397E+009     0.2000153978E+015
   0.9077331251E+000     0.9999995012E+000     0.3289125175E+001     0.3670636893E+003     0.2500235370E+009     0.2000172369E+015
   0.8981541431E+000     0.9999995012E+000     0.3410407751E+001     0.3717793734E+003     0.2500266620E+009     0.2000190603E+015
   0.8886813637E+000     0.9999995012E+000     0.3536287464E+001     0.3771265801E+003     0.2500301177E+009     0.2000208717E+015
   0.8793134895E+000     0.9999995012E+000     0.3666939104E+001     0.3831874617E+003     0.2500340482E+009     0.2000226777E+015
   0.8700492421E+000     0.9999995012E+000     0.3802544156E+001     0.3900546255E+003     0.2500386547E+009     0.2000244905E+015
   0.8608873620E+000     0.9999995012E+000     0.3943291096E+001     0.3978325095E+003     0.2500442166E+009     0.2000263311E+015
   0.8518266080E+000     0.9999995012E+000     0.4089375664E+001     0.4066388926E+003     0.2500511209E+009     0.2000282353E+015
   0.8428657572E+000     0.9999995012E+000     0.4241001209E+001     0.4166067179E+003     0.2500599022E+009     0.2000302625E+015
   0.8340036042E+000     0.9999995012E+000     0.4398378842E+001     0.4278857570E+003     0.2500712928E+009     0.2000325082E+015
   0.8252389611E+000     0.9999995012E+000     0.4561727791E+001     0.4406448385E+003     0.2500862903E+009     0.2000351222E+015
   0.8165706568E+000     0.9999995011E+000     0.4731275717E+001     0.4550742474E+003     0.2501062465E+009     0.2000383344E+015
   0.8079975371E+000     0.9999995011E+000     0.4907259033E+001     0.4713884220E+003     0.2501329801E+009     0.2000424904E+015
   0.7995184641E+000     0.9999995011E+000     0.5089923241E+001     0.4898289832E+003     0.2501689230E+009     0.2000481003E+015
   0.7911323160E+000     0.9999995011E+000     0.5279523280E+001     0.5106681371E+003     0.2502173046E+009     0.2000559033E+015
   0.7828379866E+000     0.9999995011E+000     0.5476323884E+001     0.5342124936E+003     0.2502823850E+009     0.2000669548E+015
   0.7746343854E+000     0.9999995011E+000     0.5680599966E+001     0.5608073497E+003     0.2503697468E+009     0.2000827384E+015
   0.7665204370E+000     0.9999995011E+000     0.5892637000E+001     0.5908414911E+003     0.2504866573E+009     0.2001053128E+015
   0.7584950808E+000     0.9999995011E+000     0.6112731431E+001     0.6247525710E+003     0.2506425165E+009     0.2001374980E+015
   0.7505572711E+000     0.9999995011E+000     0.6341191098E+001     0.6630331307E+003     0.2508494057E+009     0.2001831126E+015
   0.7427059763E+000     0.9999995011E+000     0.6578335664E+001     0.7062373333E+003     0.2511227574E+009     0.2002472714E+015
   0.7349401789E+000     0.9999995010E+000     0.6824497081E+001     0.7549884890E+003     0.2514821671E+009     0.2003367560E+015
   0.7272588755E+000     0.9999995010E+000     0.7080020053E+001     0.8099874575E+003     0.2519523718E+009     0.2004604737E+015
   0.7196610761E+000     0.9999995010E+000     0.7345262531E+001     0.8720220197E+003     0.2525644237E+009     0.2006300198E+015
   0.7121458042E+000     0.9999995010E+000     0.7620596221E+001     0.9419773228E+003     0.2533570913E+009     0.2008603639E+015
   0.7047120964E+000     0.9999995010E+000     0.7906407113E+001     0.1020847508E+004     0.2543785231E+009     0.2011706806E+015
   0.6973590022E+000     0.9999995010E+000     0.8203096031E+001     0.1109748644E+004     0.2556882136E+009     0.2015853497E+015
   0.6900855837E+000     0.9999995010E+000     0.8511079202E+001     0.1209933093E+004     0.2573593194E+009     0.2021351548E+015
   0.6828909156E+000     0.9999995010E+000     0.8830788846E+001     0.1322805458E+004     0.2594813719E+009     0.2028587091E+015
   0.6757740848E+000     0.9999995010E+000     0.9162673799E+001     0.1449940256E+004     0.2621634454E+009     0.2038041461E+015
   0.6687341904E+000     0.9999995010E+000     0.9507200141E+001     0.1593101498E+004     0.2655378422E+009     0.2050311132E+015
   0.6617703430E+000     0.9999995009E+000     0.9864851870E+001     0.1754264338E+004     0.2697643615E+009     0.2066131117E+015
   0.6548816653E+000     0.9999995009E+000     0.1023613158E+002     0.1935638995E+004     0.2750352296E+009     0.2086402330E+015
   0.6480672912E+000     0.9999995009E+000     0.1062156118E+002     0.2139697155E+004     0.2815807740E+009     0.2112223434E+015
   0.6413263658E+000     0.9999995009E+000     0.1102168265E+002     0.2369201078E+004     0.2896759316E+009     0.2144927780E+015
   0.6346580455E+000     0.9999995009E+000     0.1143705878E+002     0.2627235638E+004     0.2996476922E+009     0.2186126083E+015
   0.6280614975E+000     0.9999995009E+000     0.1186827400E+002     0.2917243572E+004     0.3118835846E+009     0.2237755566E+015
   0.6215358998E+000     0.9999995009E+000     0.1231593520E+002     0.3243064199E+004     0.3268413255E+009     0.2302136333E+015
   0.6150804410E+000     0.9999995009E+000     0.1278067258E+002     0.3608975902E+004     0.3450597587E+009     0.2382035870E+015
   0.6086943198E+000     0.9999995009E+000     0.1326314056E+002     0.4019742700E+004     0.3671712254E+009     0.2480742573E+015
   0.6023767456E+000     0.9999995008E+000     0.1376401872E+002     0.4480665229E+004     0.3939155166E+009     0.2602149350E+015
   0.5961269374E+000     0.9999995008E+000     0.1428401273E+002     0.4997636496E+004     0.4261555717E+009     0.2750848389E+015
   0.5899441246E+000     0.9999995008E+000     0.1482385537E+002     0.5577202782E+004     0.4648950985E+009     0.2932238314E+015
   0.5838275460E+000     0.9999995008E+000     0.1538430756E+002     0.6226630096E+004     0.5112983071E+009     0.3152644991E+015
   0.5777764501E+000     0.9999995008E+000     0.1596615946E+002     0.6953976610E+004     0.5667119593E+009     0.3419457431E+015
   0.5717900949E+000     0.9999995008E+000     0.1657023155E+002     0.7768171511E+004     0.6326899552E+009     0.3741280261E+015
   0.5658677478E+000     0.9999995008E+000     0.1719737582E+002     0.8679100776E+004     0.7110206902E+009     0.4128104414E+015
   0.5600086852E+000     0.9999995007E+000     0.1784847695E+002     0.9697700344E+004     0.8037574351E+009     0.4591497771E+015
   0.5542121927E+000     0.9999995007E+000     0.1852445357E+002     0.1083605724E+005     0.9132520073E+009     0.5144817625E+015
   0.5484775646E+000     0.9999995007E+000     0.1922625956E+002     0.1210751923E+005     0.1042192020E+010     0.5803446978E+015
   0.5428041044E+000     0.9999995007E+000     0.1995488535E+002     0.1352681350E+005     0.1193642013E+010     0.6585056803E+015
   0.5371911237E+000     0.9999995006E+000     0.2071135936E+002     0.1511017517E+005     0.1371088796E+010     0.7509896558E+015
   0.5316379430E+000     0.9999995006E+000     0.2149674942E+002     0.1687548612E+005     0.1578491338E+010     0.8601115395E+015
   0.5261438911E+000     0.9999995006E+000     0.2231216425E+002     0.1884242492E+005     0.1820335580E+010     0.9885116631E+015
   0.5207083049E+000     0.9999995005E+000     0.2315875505E+002     0.2103262851E+005     0.2101694555E+010     0.1139194827E+016
   0.5153305298E+000     0.9999995005E+000     0.2403771704E+002     0.2346986651E+005     0.2428294226E+010     0.1315573248E+016
   0.5100099188E+000     0.9999995004E+000     0.2495029117E+002     0.2618022886E+005     0.2806585472E+010     0.1521513708E+016
   0.5047458331E+000     0.9999995003E+000     0.2589776584E+002     0.2919232762E+005     0.3243822688E+010     0.1761389247E+016
   0.4995376417E+000     0.9999995003E+000     0.2688147867E+002     0.3253751386E+005     0.3748149479E+010     0.2040135720E+016
   0.4943847212E+000     0.9999995002E+000     0.2790281834E+002     0.3625011053E+005     0.4328691957E+010     0.2363313620E+016
   0.4892864557E+000     0.9999995001E+000     0.2896322652E+002     0.4036766227E+005     0.4995660175E+010     0.2737175520E+016
   0.4842422370E+000     0.9999994999E+000     0.3006419985E+002     0.4493120304E+005     0.5760458273E+010     0.3168739564E+016
   0.4792514641E+000     0.9999994998E+000     0.3120729198E+002     0.4998554288E+005     0.6635803909E+010     0.3665869425E+016
   0.4743135433E+000     0.9999994996E+000     0.3239411570E+002     0.5557957452E+005     0.7635857617E+010     0.4237361189E+016
   0.4694278881E+000     0.9999994994E+000     0.3362634513E+002     0.6176660128E+005     0.8776362729E+010     0.4893037629E+016
   0.4645939189E+000     0.9999994992E+000     0.3490571800E+002     0.6860468724E+005     0.1007479655E+011     0.5643850379E+016
   0.4598110633E+000     0.9999994989E+000     0.3623403800E+002     0.7615703089E+005     0.1155053349E+011     0.6501990517E+016
   0.4550787556E+000     0.9999994986E+000     0.3761317718E+002     0.8449236370E+005     0.1322502094E+011     0.7481008114E+016
   0.4503964371E+000     0.9999994983E+000     0.3904507854E+002     0.9368537464E+005     0.1512196857E+011     0.8595941315E+016
   0.4457635554E+000     0.9999994979E+000     0.4053175853E+002     0.1038171623E+006     0.1726755200E+011     0.9863455551E+016
   0.4411795650E+000     0.9999994974E+000     0.4207530982E+002     0.1149757156E+006     0.1969063160E+011     0.1130199350E+017
   0.4366439267E+000     0.9999994969E+000     0.4367790403E+002     0.1272564254E+006     0.2242298730E+011     0.1293193649E+017
   0.4321561080E+000     0.9999994963E+000     0.4534179461E+002     0.1407626268E+006     0.2549957035E+011     0.1477577790E+017
   0.4277155824E+000     0.9999994956E+000     0.4706931981E+002     0.1556061763E+006     0.2895877305E+011     0.1685830949E+017
   0.4233218297E+000     0.9999994949E+000     0.4886290572E+002     0.1719080623E+006     0.3284271728E+011     0.1920682113E+017
   0.4189743361E+000     0.9999994940E+000     0.5072506945E+002     0.1897990537E+006     0.3719756305E+011     0.2185131491E+017
   0.4146725936E+000     0.9999994930E+000     0.5265842238E+002     0.2094203854E+006     0.4207383796E+011     0.2482473431E+017
   0.4104161003E+000     0.9999994918E+000     0.5466567355E+002     0.2309244853E+006     0.4752678886E+011     0.2816320929E+017
   0.4062043602E+000     0.9999994905E+000     0.5674963308E+002     0.2544757416E+006     0.5361675667E+011     0.3190631819E+017
   0.4020368831E+000     0.9999994890E+000     0.5891321580E+002     0.2802513152E+006     0.6040957566E+011     0.3609736720E+017
   0.3979131846E+000     0.9999994873E+000     0.6115944493E+002     0.3084419970E+006     0.6797699845E+011     0.4078368857E+017
   0.3938327860E+000     0.9999994854E+000     0.6349145589E+002     0.3392531128E+006     0.7639714787E+011     0.4601695821E+017
   0.3897952141E+000     0.9999994833E+000     0.6591250022E+002     0.3729054782E+006     0.8575499707E+011     0.5185353388E+017
   0.3858000013E+000     0.9999994809E+000     0.6842594963E+002     0.4096364044E+006     0.9614287925E+011     0.5835481494E+017
   0.3818466855E+000     0.9999994782E+000     0.7103530018E+002     0.4497007590E+006     0.1076610283E+012     0.6558762465E+017
   0.3779348099E+000     0.9999994751E+000     0.7374417656E+002     0.4933720813E+006     0.1204181520E+012     0.7362461616E+017
   0.3740639230E+000     0.9999994717E+000     0.7655633650E+002     0.5409437570E+006     0.1345320389E+012     0.8254470329E+017
   0.3702335787E+000     0.9999994678E+000     0.7947567536E+002     0.5927302527E+006     0.1501302007E+012     0.9243351730E+017
   0.3664433360E+000     0.9999994635E+000     0.8250623078E+002     0.6490684131E+006     0.1673505518E+012     0.1033838907E+018
   0.3626927589E+000     0.9999994586E+000     0.8565218751E+002     0.7103188237E+006     0.1863421268E+012     0.1154963695E+018
   0.3589814166E+000     0.9999994532E+000     0.8891788237E+002     0.7768672408E+006     0.2072658390E+012     0.1288797551E+018
   0.3553088831E+000     0.9999994472E+000     0.9230780936E+002     0.8491260914E+006     0.2302952803E+012     0.1436516767E+018
   0.3516747376E+000     0.9999994404E+000     0.9582662485E+002     0.9275360461E+006     0.2556175648E+012     0.1599391967E+018
   0.3480785640E+000     0.9999994329E+000     0.9947915305E+002     0.1012567666E+007     0.2834342177E+012     0.1778794488E+018
   0.3445199508E+000     0.9999994245E+000     0.1032703914E+003     0.1104723130E+007     0.3139621116E+012     0.1976203116E+018
   0.3409984916E+000     0.9999994153E+000     0.1072055166E+003     0.1204538036E+007     0.3474344519E+012     0.2193211185E+018
   0.3375137844E+000     0.9999994049E+000     0.1112898898E+003     0.1312583295E+007     0.3841018125E+012     0.2431534052E+018
   0.3340654319E+000     0.9999993935E+000     0.1155290633E+003     0.1429467101E+007     0.4242332255E+012     0.2693016968E+018
   0.3306530413E+000     0.9999993808E+000     0.1199287862E+003     0.1555836997E+007     0.4681173244E+012     0.2979643356E+018
   0.3272762245E+000     0.9999993667E+000     0.1244950111E+003     0.1692382025E+007     0.5160635453E+012     0.3293543515E+018
   0.3239345976E+000     0.9999993512E+000     0.1292339001E+003     0.1839834978E+007     0.5684033858E+012     0.3637003760E+018
   0.3206277811E+000     0.9999993340E+000     0.1341518318E+003     0.1998974744E+007     0.6254917266E+012     0.4012476020E+018
   0.3173554001E+000     0.9999993150E+000     0.1392554079E+003     0.2170628748E+007     0.6877082137E+012     0.4422587912E+018
   0.3141170836E+000     0.9999992941E+000     0.1445514605E+003     0.2355675505E+007     0.7554587085E+012     0.4870153296E+018
   0.3109124650E+000     0.9999992711E+000     0.1500470585E+003     0.2555047267E+007     0.8291768028E+012     0.5358183347E+018
   0.3077411820E+000     0.9999992457E+000     0.1557495157E+003     0.2769732789E+007     0.9093254056E+012     0.5889898138E+018
   0.3046028762E+000     0.9999992178E+000     0.1616663979E+003     0.3000780202E+007     0.9963983998E+012     0.6468738777E+018
   0.3014971933E+000     0.9999991872E+000     0.1678055304E+003     0.3249300000E+007     0.1090922375E+013     0.7098380092E+018
   0.2984237832E+000     0.9999991535E+000     0.1741750062E+003     0.3516468145E+007     0.1193458433E+013     0.7782743901E+018
   0.2953822996E+000     0.9999991166E+000     0.1807831935E+003     0.3803529296E+007     0.1304604079E+013     0.8526012870E+018
   0.2923724000E+000     0.9999990761E+000     0.1876387445E+003     0.4111800156E+007     0.1424995186E+013     0.9332644993E+018
   0.2893937461E+000     0.9999990318E+000     0.1947506031E+003     0.4442672949E+007     0.1555308047E+013     0.1020738870E+019
   0.2864460031E+000     0.9999989833E+000     0.2021280137E+003     0.4797619029E+007     0.1696261510E+013     0.1115529861E+019
   0.2835288402E+000     0.9999989302E+000     0.2097805302E+003     0.5178192614E+007     0.1848619209E+013     0.1218175197E+019
   0.2806419302E+000     0.9999988723E+000     0.2177180243E+003     0.5586034662E+007     0.2013191874E+013     0.1329246578E+019
   0.2777849497E+000     0.9999988090E+000     0.2259506949E+003     0.6022876886E+007     0.2190839742E+013     0.1449351460E+019
   0.2749575788E+000     0.9999987400E+000     0.2344890773E+003     0.6490545905E+007     0.2382475061E+013     0.1579134912E+019
   0.2721595012E+000     0.9999986648E+000     0.2433440527E+003     0.6990967544E+007     0.2589064692E+013     0.1719281548E+019
   0.2693904043E+000     0.9999985829E+000     0.2525268575E+003     0.7526171281E+007     0.2811632812E+013     0.1870517531E+019
   0.2666499789E+000     0.9999984937E+000     0.2620490933E+003     0.8098294839E+007     0.3051263719E+013     0.2033612663E+019
   0.2639379192E+000     0.9999983967E+000     0.2719227369E+003     0.8709588941E+007     0.3309104739E+013     0.2209382548E+019
   0.2612539229E+000     0.9999982912E+000     0.2821601501E+003     0.9362422206E+007     0.3586369248E+013     0.2398690844E+019
   0.2585976912E+000     0.9999981767E+000     0.2927740905E+003     0.1005928622E+008     0.3884339798E+013     0.2602451594E+019
   0.2559689285E+000     0.9999980524E+000     0.3037777215E+003     0.1080280075E+008     0.4204371354E+013     0.2821631651E+019
   0.2533673424E+000     0.9999979176E+000     0.3151846230E+003     0.1159571915E+008     0.4547894652E+013     0.3057253183E+019
   0.2507926439E+000     0.9999977714E+000     0.3270088025E+003     0.1244093387E+008     0.4916419667E+013     0.3310396273E+019
   0.2482445473E+000     0.9999976131E+000     0.3392647059E+003     0.1334148225E+008     0.5311539209E+013     0.3582201613E+019
   0.2457227700E+000     0.9999974417E+000     0.3519672284E+003     0.1430055232E+008     0.5734932625E+013     0.3873873287E+019
   0.2432270323E+000     0.9999972563E+000     0.3651317262E+003     0.1532148894E+008     0.6188369646E+013     0.4186681655E+019
   0.2407570581E+000     0.9999970559E+000     0.3787740278E+003     0.1640780001E+008     0.6673714340E+013     0.4521966332E+019
   0.2383125740E+000     0.9999968393E+000     0.3929104454E+003     0.1756316287E+008     0.7192929205E+013     0.4881139268E+019
   0.2358933096E+000     0.9999966053E+000     0.4075577868E+003     0.1879143090E+008     0.7748079387E+013     0.5265687928E+019
   0.2334989979E+000     0.9999963529E+000     0.4227333674E+003     0.2009664033E+008     0.8341337031E+013     0.5677178577E+019
   0.2311293744E+000     0.9999960807E+000     0.4384550222E+003     0.2148301714E+008     0.8974985770E+013     0.6117259671E+019
   0.2287841778E+000     0.9999957872E+000     0.4547411179E+003     0.2295498422E+008     0.9651425337E+013     0.6587665348E+019
   0.2264631496E+000     0.9999954710E+000     0.4716105649E+003     0.2451716869E+008     0.1037317633E+014     0.7090219034E+019
   0.2241660341E+000     0.9999951306E+000     0.4890828304E+003     0.2617440944E+008     0.1114288512E+014     0.7626837157E+019
   0.2218925787E+000     0.9999947643E+000     0.5071779504E+003     0.2793176475E+008     0.1196332886E+014     0.8199532968E+019
   0.2196425332E+000     0.9999943703E+000     0.5259165424E+003     0.2979452023E+008     0.1283742069E+014     0.8810420483E+019
   0.2174156504E+000     0.9999939469E+000     0.5453198185E+003     0.3176819686E+008     0.1376821505E+014     0.9461718523E+019
   0.2152116858E+000     0.9999934920E+000     0.5654095978E+003     0.3385855923E+008     0.1475891314E+014     0.1015575489E+020
   0.2130303975E+000     0.9999930035E+000     0.5862083195E+003     0.3607162401E+008     0.1581286858E+014     0.1089497064E+020
   0.2108715465E+000     0.9999924793E+000     0.6077390561E+003     0.3841366856E+008     0.1693359310E+014     0.1168192447E+020
   0.2087348960E+000     0.9999919170E+000     0.6300255260E+003     0.4089123972E+008     0.1812476249E+014     0.1251929727E+020
   0.2066202123E+000     0.9999913142E+000     0.6530921072E+003     0.4351116284E+008     0.1939022265E+014     0.1340989671E+020
   0.2045272638E+000     0.9999906684E+000     0.6769638502E+003     0.4628055094E+008     0.2073399579E+014     0.1435666202E+020
   0.2024558219E+000     0.9999899767E+000     0.7016664909E+003     0.4920681408E+008     0.2216028680E+014     0.1536266887E+020
   0.2004056602E+000     0.9999892362E+000     0.7272264646E+003     0.5229766888E+008     0.2367348973E+014     0.1643113432E+020
   0.1983765548E+000     0.9999884440E+000     0.7536709186E+003     0.5556114828E+008     0.2527819444E+014     0.1756542199E+020
   0.1963682844E+000     0.9999875969E+000     0.7810277257E+003     0.5900561142E+008     0.2697919340E+014     0.1876904725E+020
   0.1943806300E+000     0.9999866914E+000     0.8093254974E+003     0.6263975370E+008     0.2878148868E+014     0.2004568259E+020
   0.1924133750E+000     0.9999857239E+000     0.8385935974E+003     0.6647261703E+008     0.3069029899E+014     0.2139916311E+020
   0.1904663052E+000     0.9999846909E+000     0.8688621543E+003     0.7051360024E+008     0.3271106692E+014     0.2283349208E+020
   0.1885392089E+000     0.9999835882E+000     0.9001620753E+003     0.7477246964E+008     0.3484946638E+014     0.2435284667E+020
   0.1866318764E+000     0.9999824118E+000     0.9325250587E+003     0.7925936978E+008     0.3711141008E+014     0.2596158378E+020
   0.1847441005E+000     0.9999811572E+000     0.9659836074E+003     0.8398483430E+008     0.3950305721E+014     0.2766424600E+020
   0.1828756762E+000     0.9999798200E+000     0.1000571042E+004     0.8895979697E+008     0.4203082127E+014     0.2946556766E+020
   0.1810264008E+000     0.9999783952E+000     0.1036321511E+004     0.9419560287E+008     0.4470137799E+014     0.3137048102E+020
   0.1791960737E+000     0.9999768779E+000     0.1073270009E+004     0.9970401971E+008     0.4752167344E+014     0.3338412256E+020
   0.1773844965E+000     0.9999752626E+000     0.1111452384E+004     0.1054972493E+009     0.5049893223E+014     0.3551183935E+020
   0.1755914731E+000     0.9999735439E+000     0.1150905351E+004     0.1115879389E+009     0.5364066585E+014     0.3775919565E+020
   0.1738168094E+000     0.9999717158E+000     0.1191666505E+004     0.1179891933E+009     0.5695468112E+014     0.4013197943E+020
   0.1720603134E+000     0.9999697722E+000     0.1233774333E+004     0.1247145864E+009     0.6044908883E+014     0.4263620917E+020
   0.1703217953E+000     0.9999677067E+000     0.1277268226E+004     0.1317781728E+009     0.6413231238E+014     0.4527814063E+020
   0.1686010672E+000     0.9999655125E+000     0.1322188488E+004     0.1391945004E+009     0.6801309666E+014     0.4806427383E+020
   0.1668979435E+000     0.9999631827E+000     0.1368576350E+004     0.1469786218E+009     0.7210051689E+014     0.5100135999E+020
   0.1652122403E+000     0.9999607096E+000     0.1416473978E+004     0.1551461071E+009     0.7640398774E+014     0.5409640873E+020
   0.1635437758E+000     0.9999580857E+000     0.1465924489E+004     0.1637130555E+009     0.8093327234E+014     0.5735669519E+020
   0.1618923704E+000     0.9999553028E+000     0.1516971954E+004     0.1726961077E+009     0.8569849157E+014     0.6078976732E+020
   0.1602578462E+000     0.9999523524E+000     0.1569661414E+004     0.1821124584E+009     0.9071013332E+014     0.6440345327E+020
   0.1586400272E+000     0.9999492257E+000     0.1624038883E+004     0.1919798683E+009     0.9597906180E+014     0.6820586877E+020
   0.1570387395E+000     0.9999459133E+000     0.1680151365E+004     0.2023166767E+009     0.1015165270E+015     0.7220542464E+020
   0.1554538110E+000     0.9999424057E+000     0.1738046856E+004     0.2131418133E+009     0.1073341743E+015     0.7641083431E+020
   0.1538850713E+000     0.9999386926E+000     0.1797774355E+004     0.2244748111E+009     0.1134440538E+015     0.8083112148E+020
   0.1523323521E+000     0.9999347635E+000     0.1859383872E+004     0.2363358181E+009     0.1198586298E+015     0.8547562769E+020
   0.1507954867E+000     0.9999306073E+000     0.1922926432E+004     0.2487456098E+009     0.1265907908E+015     0.9035402008E+020
   0.1492743105E+000     0.9999262126E+000     0.1988454087E+004     0.2617256012E+009     0.1336538587E+015     0.9547629906E+020
   0.1477686603E+000     0.9999215673E+000     0.2056019916E+004     0.2752978587E+009     0.1410615990E+015     0.1008528061E+021
   0.1462783749E+000     0.9999166590E+000     0.2125678033E+004     0.2894851124E+009     0.1488282294E+015     0.1064942313E+021
   0.1448032948E+000     0.9999114744E+000     0.2197483593E+004     0.3043107676E+009     0.1569684306E+015     0.1124116216E+021
   0.1433432622E+000     0.9999060001E+000     0.2271492793E+004     0.3197989163E+009     0.1654973551E+015     0.1186163881E+021
   0.1418981211E+000     0.9999002218E+000     0.2347762880E+004     0.3359743492E+009     0.1744306368E+015     0.1251203137E+021
   0.1404677170E+000     0.9998941248E+000     0.2426352146E+004     0.3528625666E+009     0.1837844010E+015     0.1319355616E+021
   0.1390518971E+000     0.9998876937E+000     0.2507319937E+004     0.3704897896E+009     0.1935752731E+015     0.1390746820E+021
   0.1376505104E+000     0.9998809125E+000     0.2590726651E+004     0.3888829710E+009     0.2038203885E+015     0.1465506204E+021
   0.1362634074E+000     0.9998737645E+000     0.2676633738E+004     0.4080698061E+009     0.2145374015E+015     0.1543767250E+021
   0.1348904403E+000     0.9998662324E+000     0.2765103698E+004     0.4280787426E+009     0.2257444946E+015     0.1625667542E+021
   0.1335314627E+000     0.9998582982E+000     0.2856200083E+004     0.4489389911E+009     0.2374603872E+015     0.1711348840E+021
   0.1321863301E+000     0.9998499431E+000     0.2949987492E+004     0.4706805344E+009     0.2497043449E+015     0.1800957153E+021
   0.1308548992E+000     0.9998411478E+000     0.3046531566E+004     0.4933341374E+009     0.2624961876E+015     0.1894642814E+021
   0.1295370285E+000     0.9998318920E+000     0.3145898985E+004     0.5169313555E+009     0.2758562985E+015     0.1992560547E+021
   0.1282325779E+000     0.9998221546E+000     0.3248157466E+004     0.5415045435E+009     0.2898056318E+015     0.2094869540E+021
   0.1269414088E+000     0.9998119140E+000     0.3353375748E+004     0.5670868638E+009     0.3043657214E+015     0.2201733510E+021
   0.1256633842E+000     0.9998011475E+000     0.3461623591E+004     0.5937122938E+009     0.3195586881E+015     0.2313320772E+021
   0.1243983684E+000     0.9997898316E+000     0.3572971766E+004     0.6214156334E+009     0.3354072473E+015     0.2429804304E+021
   0.1231462274E+000     0.9997779420E+000     0.3687492041E+004     0.6502325114E+009     0.3519347165E+015     0.2551361804E+021
   0.1219068283E+000     0.9997654534E+000     0.3805257175E+004     0.6801993918E+009     0.3691650219E+015     0.2678175758E+021
   0.1206800400E+000     0.9997523397E+000     0.3926340901E+004     0.7113535792E+009     0.3871227048E+015     0.2810433492E+021
   0.1194657326E+000     0.9997385738E+000     0.4050817915E+004     0.7437332236E+009     0.4058329287E+015     0.2948327230E+021
   0.1182637776E+000     0.9997241276E+000     0.4178763858E+004     0.7773773252E+009     0.4253214839E+015     0.3092054146E+021
   0.1170740478E+000     0.9997089721E+000     0.4310255302E+004     0.8123257371E+009     0.4456147941E+015     0.3241816413E+021
   0.1158964176E+000     0.9996930770E+000     0.4445369731E+004     0.8486191691E+009     0.4667399206E+015     0.3397821250E+021
   0.1147307627E+000     0.9996764113E+000     0.4584185521E+004     0.8862991891E+009     0.4887245671E+015     0.3560280965E+021
   0.1135769598E+000     0.9996589427E+000     0.4726781922E+004     0.9254082248E+009     0.5115970841E+015     0.3729412994E+021
   0.1124348874E+000     0.9996406378E+000     0.4873239029E+004     0.9659895640E+009     0.5353864717E+015     0.3905439938E+021
   0.1113044250E+000     0.9996214622E+000     0.5023637768E+004     0.1008087355E+010     0.5601223836E+015     0.4088589593E+021
   0.1101854534E+000     0.9996013803E+000     0.5178059860E+004     0.1051746603E+010     0.5858351285E+015     0.4279094980E+021
   0.1090778549E+000     0.9995803551E+000     0.5336587804E+004     0.1097013173E+010     0.6125556729E+015     0.4477194364E+021
   0.1079815128E+000     0.9995583487E+000     0.5499304841E+004     0.1143933781E+010     0.6403156418E+015     0.4683131280E+021
   0.1068963118E+000     0.9995353217E+000     0.5666294927E+004     0.1192555993E+010     0.6691473195E+015     0.4897154538E+021
   0.1058221378E+000     0.9995112336E+000     0.5837642702E+004     0.1242928219E+010     0.6990836494E+015     0.5119518236E+021
   0.1047588779E+000     0.9994860424E+000     0.6013433454E+004     0.1295099708E+010     0.7301582335E+015     0.5350481766E+021
   0.1037064204E+000     0.9994597050E+000     0.6193753086E+004     0.1349120541E+010     0.7624053307E+015     0.5590309806E+021
   0.1026646550E+000     0.9994321768E+000     0.6378688078E+004     0.1405041619E+010     0.7958598546E+015     0.5839272316E+021
   0.1016334722E+000     0.9994034119E+000     0.6568325450E+004     0.1462914659E+010     0.8305573703E+015     0.6097644524E+021
   0.1006127640E+000     0.9993733628E+000     0.6762752719E+004     0.1522792180E+010     0.8665340912E+015     0.6365706902E+021
   0.9960242343E-001     0.9993419806E+000     0.6962057858E+004     0.1584727489E+010     0.9038268733E+015     0.6643745145E+021
   0.9860234466E-001     0.9993092152E+000     0.7166329255E+004     0.1648774675E+010     0.9424732107E+015     0.6932050135E+021
   0.9761242301E-001     0.9992750147E+000     0.7375655663E+004     0.1714988586E+010     0.9825112283E+015     0.7230917897E+021
   0.9663255494E-001     0.9992393257E+000     0.7590126153E+004     0.1783424821E+010     0.1023979675E+016     0.7540649561E+021
   0.9566263798E-001     0.9992020933E+000     0.7809830070E+004     0.1854139707E+010     0.1066917915E+016     0.7861551298E+021
   0.9470257080E-001     0.9991632610E+000     0.8034856974E+004     0.1927190284E+010     0.1111365919E+016     0.8193934263E+021
   0.9375225312E-001     0.9991227707E+000     0.8265296594E+004     0.2002634283E+010     0.1157364254E+016     0.8538114522E+021
   0.9281158575E-001     0.9990805626E+000     0.8501238769E+004     0.2080530109E+010     0.1204954071E+016     0.8894412979E+021
   0.9188047057E-001     0.9990365754E+000     0.8742773393E+004     0.2160936810E+010     0.1254177093E+016     0.9263155283E+021
   0.9095881049E-001     0.9989907457E+000     0.8989990358E+004     0.2243914064E+010     0.1305075603E+016     0.9644671738E+021
   0.9004650948E-001     0.9989430088E+000     0.9242979491E+004     0.2329522144E+010     0.1357692427E+016     0.1003929720E+022
   0.8914347251E-001     0.9988932981E+000     0.9501830496E+004     0.2417821896E+010     0.1412070921E+016     0.1044737096E+022
   0.8824960560E-001     0.9988415451E+000     0.9766632885E+004     0.2508874707E+010     0.1468254953E+016     0.1086923664E+022
   0.8736481576E-001     0.9987876795E+000     0.1003747592E+005     0.2602742478E+010     0.1526288883E+016     0.1130524202E+022
   0.8648901099E-001     0.9987316295E+000     0.1031444854E+005     0.2699487592E+010     0.1586217549E+016     0.1175573897E+022
   0.8562210027E-001     0.9986733210E+000     0.1059763929E+005     0.2799172878E+010     0.1648086242E+016     0.1222108323E+022
   0.8476399359E-001     0.9986126783E+000     0.1088713626E+005     0.2901861579E+010     0.1711940687E+016     0.1270163428E+022
   0.8391460185E-001     0.9985496238E+000     0.1118302700E+005     0.3007617314E+010     0.1777827019E+016     0.1319775520E+022
   0.8307383694E-001     0.9984840777E+000     0.1148539848E+005     0.3116504039E+010     0.1845791760E+016     0.1370981244E+022
   0.8224161169E-001     0.9984159587E+000     0.1179433694E+005     0.3228586013E+010     0.1915881794E+016     0.1423817567E+022
   0.8141783984E-001     0.9983451831E+000     0.1210992791E+005     0.3343927749E+010     0.1988144340E+016     0.1478321757E+022
   0.8060243607E-001     0.9982716655E+000     0.1243225606E+005     0.3462593976E+010     0.2062626925E+016     0.1534531363E+022
   0.7979531597E-001     0.9981953184E+000     0.1276140515E+005     0.3584649595E+010     0.2139377354E+016     0.1592484191E+022
   0.7899639603E-001     0.9981160523E+000     0.1309745794E+005     0.3710159632E+010     0.2218443682E+016     0.1652218284E+022
   0.7820559363E-001     0.9980337758E+000     0.1344049611E+005     0.3839189189E+010     0.2299874181E+016     0.1713771897E+022
   0.7742282703E-001     0.9979483951E+000     0.1379060019E+005     0.3971803399E+010     0.2383717306E+016     0.1777183471E+022
   0.7664801537E-001     0.9978598147E+000     0.1414784944E+005     0.4108067371E+010     0.2470021665E+016     0.1842491611E+022
   0.7588107865E-001     0.9977679369E+000     0.1451232181E+005     0.4248046143E+010     0.2558835982E+016     0.1909735053E+022
   0.7512193773E-001     0.9976726618E+000     0.1488409382E+005     0.4391804625E+010     0.2650209060E+016     0.1978952642E+022
   0.7437051430E-001     0.9975738877E+000     0.1526324048E+005     0.4539407544E+010     0.2744189743E+016     0.2050183300E+022
   0.7362673090E-001     0.9974715104E+000     0.1564983522E+005     0.4690919392E+010     0.2840826880E+016     0.2123465999E+022
   0.7289051088E-001     0.9973654241E+000     0.1604394976E+005     0.4846404364E+010     0.2940169283E+016     0.2198839726E+022
   0.7216177843E-001     0.9972555203E+000     0.1644565406E+005     0.5005926301E+010     0.3042265687E+016     0.2276343453E+022
   0.7144045853E-001     0.9971416890E+000     0.1685501622E+005     0.5169548630E+010     0.3147164706E+016     0.2356016108E+022
   0.7072647696E-001     0.9970238176E+000     0.1727210237E+005     0.5337334304E+010     0.3254914794E+016     0.2437896536E+022
   0.7001976030E-001     0.9969017917E+000     0.1769697661E+005     0.5509345736E+010     0.3365564195E+016     0.2522023467E+022
   0.6932023590E-001     0.9967754946E+000     0.1812970087E+005     0.5685644738E+010     0.3479160903E+016     0.2608435480E+022
   0.6862783189E-001     0.9966448077E+000     0.1857033487E+005     0.5866292456E+010     0.3595752611E+016     0.2697170970E+022
   0.6794247715E-001     0.9965096100E+000     0.1901893602E+005     0.6051349304E+010     0.3715386667E+016     0.2788268104E+022
   0.6726410135E-001     0.9963697788E+000     0.1947555928E+005     0.6240874899E+010     0.3838110026E+016     0.2881764790E+022
   0.6659263487E-001     0.9962251891E+000     0.1994025713E+005     0.6434927991E+010     0.3963969198E+016     0.2977698636E+022
   0.6592800884E-001     0.9960757138E+000     0.2041307945E+005     0.6633566395E+010     0.4093010202E+016     0.3076106910E+022
   0.6527015512E-001     0.9959212240E+000     0.2089407341E+005     0.6836846924E+010     0.4225278511E+016     0.3177026500E+022
   0.6461900631E-001     0.9957615885E+000     0.2138328343E+005     0.7044825320E+010     0.4360819004E+016     0.3280493874E+022
   0.6397449570E-001     0.9955966742E+000     0.2188075104E+005     0.7257556181E+010     0.4499675913E+016     0.3386545040E+022
   0.6333655729E-001     0.9954263461E+000     0.2238651482E+005     0.7475092892E+010     0.4641892770E+016     0.3495215502E+022
   0.6270512579E-001     0.9952504673E+000     0.2290061032E+005     0.7697487556E+010     0.4787512355E+016     0.3606540220E+022
   0.6208013659E-001     0.9950688987E+000     0.2342306992E+005     0.7924790920E+010     0.4936576642E+016     0.3720553565E+022
   0.6146152576E-001     0.9948814996E+000     0.2395392284E+005     0.8157052304E+010     0.5089126743E+016     0.3837289279E+022
   0.6084923005E-001     0.9946881273E+000     0.2449319494E+005     0.8394319534E+010     0.5245202857E+016     0.3956780428E+022
   0.6024318687E-001     0.9944886374E+000     0.2504090873E+005     0.8636638863E+010     0.5404844213E+016     0.4079059362E+022
   0.5964333430E-001     0.9942828835E+000     0.2559708327E+005     0.8884054908E+010     0.5568089017E+016     0.4204157668E+022
   0.5904961105E-001     0.9940707176E+000     0.2616173405E+005     0.9136610574E+010     0.5734974397E+016     0.4332106130E+022
   0.5846195650E-001     0.9938519901E+000     0.2673487295E+005     0.9394346986E+010     0.5905536346E+016     0.4462934679E+022
   0.5788031065E-001     0.9936265496E+000     0.2731650816E+005     0.9657303417E+010     0.6079809670E+016     0.4596672355E+022
   0.5730461412E-001     0.9933942431E+000     0.2790664411E+005     0.9925517221E+010     0.6257827934E+016     0.4733347260E+022
   0.5673480817E-001     0.9931549162E+000     0.2850528138E+005     0.1019902376E+011     0.6439623404E+016     0.4872986514E+022
   0.5617083467E-001     0.9929084130E+000     0.2911241666E+005     0.1047785635E+011     0.6625226997E+016     0.5015616212E+022
   0.5561263608E-001     0.9926545760E+000     0.2972804266E+005     0.1076204617E+011     0.6814668226E+016     0.5161261382E+022
   0.5506015547E-001     0.9923932464E+000     0.3035214809E+005     0.1105162221E+011     0.7007975146E+016     0.5309945938E+022
   0.5451333651E-001     0.9921242643E+000     0.3098471754E+005     0.1134661122E+011     0.7205174303E+016     0.5461692641E+022
   0.5397212345E-001     0.9918474683E+000     0.3162573146E+005     0.1164703762E+011     0.7406290682E+016     0.5616523055E+022
   0.5343646111E-001     0.9915626960E+000     0.3227516613E+005     0.1195292346E+011     0.7611347657E+016     0.5774457507E+022
   0.5290629488E-001     0.9912697838E+000     0.3293299357E+005     0.1226428835E+011     0.7820366941E+016     0.5935515044E+022
   0.5238157073E-001     0.9909685673E+000     0.3359918150E+005     0.1258114939E+011     0.8033368535E+016     0.6099713396E+022
   0.5186223518E-001     0.9906588808E+000     0.3427369332E+005     0.1290352114E+011     0.8250370682E+016     0.6267068930E+022
   0.5134823529E-001     0.9903405582E+000     0.3495648806E+005     0.1323141554E+011     0.8471389822E+016     0.6437596621E+022
   0.5083951868E-001     0.9900134323E+000     0.3564752035E+005     0.1356484188E+011     0.8696440541E+016     0.6611310005E+022
   0.5033603349E-001     0.9896773352E+000     0.3634674038E+005     0.1390380673E+011     0.8925535536E+016     0.6788221151E+022
   0.4983772841E-001     0.9893320988E+000     0.3705409388E+005     0.1424831390E+011     0.9158685563E+016     0.6968340617E+022
   0.4934455263E-001     0.9889775541E+000     0.3776952211E+005     0.1459836439E+011     0.9395899404E+016     0.7151677422E+022
   0.4885645589E-001     0.9886135318E+000     0.3849296181E+005     0.1495395635E+011     0.9637183822E+016     0.7338239012E+022
   0.4837338840E-001     0.9882398623E+000     0.3922434524E+005     0.1531508505E+011     0.9882543527E+016     0.7528031226E+022
   0.4789530092E-001     0.9878563760E+000     0.3996360011E+005     0.1568174281E+011     0.1013198114E+017     0.7721058268E+022
   0.4742214466E-001     0.9874629029E+000     0.4071064961E+005     0.1605391899E+011     0.1038549715E+017     0.7917322676E+022
   0.4695387138E-001     0.9870592732E+000     0.4146541242E+005     0.1643159996E+011     0.1064308991E+017     0.8116825298E+022
   0.4649043327E-001     0.9866453171E+000     0.4222780270E+005     0.1681476907E+011     0.1090475557E+017     0.8319565261E+022
