   0.0000000000E+000
   0.7987496883E-010
   0.1996874220E-009
   0.3794061015E-009
   0.6489841203E-009
   0.1053351148E-008
   0.1659901686E-008
   0.2569727489E-008
   0.3934466181E-008
   0.5981574193E-008
   0.9052236153E-008
   0.1365822896E-007
   0.2056721787E-007
   0.3093070057E-007
   0.4647592310E-007
   0.6979375349E-007
   0.1047704914E-006
   0.1572355811E-006
   0.2359331770E-006
   0.3539794836E-006
   0.5310487474E-006
   0.7966522019E-006
   0.1195056391E-005
   0.1792660442E-005
   0.2689061492E-005
   0.4033651762E-005
   0.6050511730E-005
   0.9075744449E-005
   0.1361346477E-004
   0.2041975557E-004
   0.3062854011E-004
   0.4594025108E-004
   0.6890452069E-004
   0.1033435116E-003
   0.1549853327E-003
   0.2256877250E-003
   0.3040296897E-003
   0.3962759175E-003
   0.5077566034E-003
   0.6443127568E-003
   0.8128643793E-003
   0.1021843113E-002
   0.1281639851E-002
   0.1605123243E-002
   0.2008263923E-002
   0.2510895402E-002
   0.3137644008E-002
   0.3919063677E-002
   0.4893015360E-002
   0.6106334447E-002
   0.7616832099E-002
   0.9495676651E-002
   0.1000000000E-001
