   0.1901469618E-002     0.4986764083E-006     0.2119428263E-001     0.3849515089E+002     0.6249282768E+007     0.8961534392E+012
   0.1811403662E-002     0.4986850569E-006     0.2065721895E-001     0.3643143444E+002     0.5641546540E+007     0.7646189062E+012
   0.1704110748E-002     0.4986928949E-006     0.1980634961E-001     0.3459766777E+002     0.5119954257E+007     0.6574640462E+012
   0.1580175683E-002     0.4986999899E-006     0.1866357140E-001     0.3296476043E+002     0.4670492782E+007     0.5696088724E+012
   0.1440387135E-002     0.4987064084E-006     0.1725471156E-001     0.3150692156E+002     0.4281448678E+007     0.4970972430E+012
   0.1285738575E-002     0.4987122159E-006     0.1560921996E-001     0.3020138648E+002     0.3943032190E+007     0.4368347074E+012
   0.1117424716E-002     0.4987174763E-006     0.1375974719E-001     0.2902807594E+002     0.3647063926E+007     0.3863915147E+012
   0.1005236596E-002     0.4987222518E-006     0.1294995867E-001     0.2797400729E+002     0.3386713723E+007     0.3438533620E+012
   0.1009177774E-002     0.4987266030E-006     0.1426334826E-001     0.2702802213E+002     0.3156282152E+007     0.3077074573E+012
   0.1013684615E-002     0.4987305886E-006     0.1567010934E-001     0.2616893301E+002     0.2951017492E+007     0.2767549931E+012
   0.1018800761E-002     0.4987342653E-006     0.1717357911E-001     0.2538515651E+002     0.2766962936E+007     0.2500435222E+012
   0.1024553072E-002     0.4987376873E-006     0.1877515881E-001     0.2466699216E+002     0.2600828768E+007     0.2268144497E+012
   0.1030951220E-002     0.4987409070E-006     0.2047428668E-001     0.2400556493E+002     0.2449877692E+007     0.2064620521E+012
   0.1037987271E-002     0.4987439744E-006     0.2226855944E-001     0.2339359821E+002     0.2311840543E+007     0.1885014665E+012
   0.1045635703E-002     0.4987469369E-006     0.2415378512E-001     0.2282497726E+002     0.2184837260E+007     0.1725435094E+012
   0.1053853505E-002     0.4987498398E-006     0.2612407173E-001     0.2229461055E+002     0.2067312188E+007     0.1582748587E+012
   0.1062580200E-002     0.4987527259E-006     0.2817192457E-001     0.2179831113E+002     0.1957979766E+007     0.1454424229E+012
   0.1071738108E-002     0.4987556356E-006     0.3028835742E-001     0.2133268736E+002     0.1855778740E+007     0.1338409765E+012
   0.1081232747E-002     0.4987586071E-006     0.3246301500E-001     0.2089504244E+002     0.1759833640E+007     0.1233033668E+012
   0.1090953377E-002     0.4987616762E-006     0.3468439186E-001     0.2048581624E+002     0.1669461020E+007     0.1136931528E+012
   0.1100773700E-002     0.4987648766E-006     0.3693987537E-001     0.2010531183E+002     0.1584088480E+007     0.1048978212E+012
   0.1110552703E-002     0.4987682400E-006     0.3921575191E-001     0.1974976699E+002     0.1503179474E+007     0.9682341874E+011
   0.1120135664E-002     0.4987717963E-006     0.4149762032E-001     0.1941883706E+002     0.1426329982E+007     0.8939189279E+011
   0.1129355318E-002     0.4987755733E-006     0.4377045762E-001     0.1911258220E+002     0.1353206243E+007     0.8253757664E+011
   0.1138033184E-002     0.4987795972E-006     0.4601878626E-001     0.1883138506E+002     0.1283531068E+007     0.7620474498E+011
   0.1145981059E-002     0.4987838929E-006     0.4822684572E-001     0.1857588427E+002     0.1217072398E+007     0.7034565290E+011
   0.1153002690E-002     0.4987884841E-006     0.5037876761E-001     0.1834691735E+002     0.1153633806E+007     0.6491897176E+011
   0.1158895609E-002     0.4987933940E-006     0.5245875321E-001     0.1814546983E+002     0.1093046654E+007     0.5988854926E+011
   0.1163453145E-002     0.4987986451E-006     0.5445125228E-001     0.1797262865E+002     0.1035163699E+007     0.5522243204E+011
   0.1166466612E-002     0.4988042606E-006     0.5634114236E-001     0.1782953951E+002     0.9798539413E+006     0.5089209934E+011
   0.1167727653E-002     0.4988102638E-006     0.5811390736E-001     0.1771736777E+002     0.9269985438E+006     0.4687186518E+011
   0.1167030756E-002     0.4988166797E-006     0.5975581436E-001     0.1763726282E+002     0.8764876497E+006     0.4313841368E+011
   0.1164175913E-002     0.4988235343E-006     0.6125499065E-001     0.1764323914E+002     0.8297737852E+006     0.3970122602E+011
   0.1158971406E-002     0.4988308576E-006     0.6259930144E-001     0.1770454921E+002     0.7857202260E+006     0.3651808815E+011
   0.1151236707E-002     0.4988386815E-006     0.6377824065E-001     0.1781225954E+002     0.7439136614E+006     0.3356427573E+011
   0.1140805462E-002     0.4988470416E-006     0.6478293977E-001     0.1796856474E+002     0.7042809648E+006     0.3082325933E+011
   0.1127528507E-002     0.4988559785E-006     0.6560613181E-001     0.1817565903E+002     0.6667521586E+006     0.2827972828E+011
   0.1111276896E-002     0.4988655383E-006     0.6624228847E-001     0.1843565419E+002     0.6312571980E+006     0.2591938265E+011
   0.1091944869E-002     0.4988757751E-006     0.6668774469E-001     0.1875051542E+002     0.5977239514E+006     0.2372878954E+011
   0.1069452700E-002     0.4988867513E-006     0.6694080811E-001     0.1912201180E+002     0.5660771362E+006     0.2169529114E+011
   0.1043749370E-002     0.4988985397E-006     0.6700184995E-001     0.1955167774E+002     0.5362379507E+006     0.1980694989E+011
   0.1014814954E-002     0.4989112245E-006     0.6687337328E-001     0.2004078225E+002     0.5081241901E+006     0.1805251805E+011
   0.9826626656E-003     0.4989249025E-006     0.6656005290E-001     0.2059030409E+002     0.4816506805E+006     0.1642142188E+011
   0.9473404211E-003     0.4989396845E-006     0.6606873967E-001     0.2120091121E+002     0.4567299126E+006     0.1490375339E+011
   0.9089318484E-003     0.4989556960E-006     0.6540841995E-001     0.2187294344E+002     0.4332727876E+006     0.1349026473E+011
   0.8675566028E-003     0.4989730785E-006     0.6459011892E-001     0.2260639797E+002     0.4111894169E+006     0.1217236235E+011
   0.8477036604E-003     0.4989919901E-006     0.6471064564E-001     0.2340519664E+002     0.3903899393E+006     0.1094209888E+011
   0.8459456770E-003     0.4990126066E-006     0.6562466643E-001     0.2426813782E+002     0.3707852932E+006     0.9792161842E+010
   0.8443136912E-003     0.4990351218E-006     0.6653004754E-001     0.2523173221E+002     0.3544829267E+006     0.8794619330E+010
   0.8428091616E-003     0.4990597455E-006     0.6743125982E-001     0.2675177665E+002     0.3653898680E+006     0.8781859905E+010
   0.8414324937E-003     0.4990869030E-006     0.6832453532E-001     0.2838176225E+002     0.3787752406E+006     0.8841073235E+010
   0.8401843343E-003     0.4991171041E-006     0.6921027738E-001     0.3011676035E+002     0.3942528375E+006     0.8953314952E+010
   0.8390662690E-003     0.4991508790E-006     0.7008922972E-001     0.3195288462E+002     0.4115457686E+006     0.9105510558E+010
   0.8380808136E-003     0.4991887928E-006     0.7096233345E-001     0.3388664986E+002     0.4304407846E+006     0.9288143967E+010
   0.8372307807E-003     0.4992314561E-006     0.7183042616E-001     0.3591456336E+002     0.4507606120E+006     0.9493885444E+010
   0.8365182299E-003     0.4992795334E-006     0.7269387711E-001     0.3803285727E+002     0.4723469898E+006     0.9716769431E+010
   0.8359432552E-003     0.4993337494E-006     0.7355225188E-001     0.4023731069E+002     0.4950502680E+006     0.9951701361E+010
   0.8355028351E-003     0.4993948946E-006     0.7440407421E-001     0.4252313178E+002     0.5187231253E+006     0.1019416414E+011
   0.8351898953E-003     0.4994638295E-006     0.7524671603E-001     0.4488488135E+002     0.5432169171E+006     0.1044004665E+011
   0.8349926543E-003     0.4995414882E-006     0.7607641179E-001     0.4731642597E+002     0.5683797214E+006     0.1068554684E+011
   0.8348942543E-003     0.4996288808E-006     0.7688836783E-001     0.4981091255E+002     0.5940554894E+006     0.1092711998E+011
   0.8348726346E-003     0.4997270954E-006     0.7767692660E-001     0.5236075885E+002     0.6200839164E+006     0.1116145403E+011
   0.8349005888E-003     0.4998372994E-006     0.7843574651E-001     0.5495765636E+002     0.6463007855E+006     0.1138546053E+011
   0.8349459482E-003     0.4999607395E-006     0.7915796919E-001     0.5759258307E+002     0.6725386193E+006     0.1159627422E+011
   0.8349718443E-003     0.5000987414E-006     0.7983636042E-001     0.6025582521E+002     0.6986275315E+006     0.1179125694E+011
   0.8349370207E-003     0.5002527083E-006     0.8046342557E-001     0.6293700717E+002     0.7243962078E+006     0.1196800316E+011
   0.8347961781E-003     0.5004241179E-006     0.8103151120E-001     0.6562512979E+002     0.7496729646E+006     0.1212434561E+011
   0.8345003502E-003     0.5006145192E-006     0.8153290970E-001     0.6830861745E+002     0.7742868526E+006     0.1225836003E+011
   0.8339973122E-003     0.5008255270E-006     0.8195998411E-001     0.7097537418E+002     0.7980687799E+006     0.1236836850E+011
   0.8332320288E-003     0.5010588158E-006     0.8230532638E-001     0.7361284941E+002     0.8208526354E+006     0.1245294120E+011
   0.8321471492E-003     0.5013161118E-006     0.8256195580E-001     0.7620811353E+002     0.8424763992E+006     0.1251089634E+011
   0.8306835544E-003     0.5015991833E-006     0.8272355705E-001     0.7874794343E+002     0.8627832272E+006     0.1254129828E+011
   0.8287809594E-003     0.5019098296E-006     0.8278474946E-001     0.8121891777E+002     0.8816225015E+006     0.1254345400E+011
   0.8263785722E-003     0.5022498679E-006     0.8274137202E-001     0.8360752106E+002     0.8988508390E+006     0.1251690782E+011
   0.8234158071E-003     0.5026211181E-006     0.8259076013E-001     0.8590025488E+002     0.9143330541E+006     0.1246143467E+011
   0.8198330502E-003     0.5030253858E-006     0.8233198145E-001     0.8808375280E+002     0.9279430710E+006     0.1237703197E+011
   0.8155724679E-003     0.5034644428E-006     0.8196598664E-001     0.9014489318E+002     0.9395647868E+006     0.1226391029E+011
   0.8105788518E-003     0.5039400059E-006     0.8149561920E-001     0.9207090139E+002     0.9490928852E+006     0.1212248303E+011
   0.8048004868E-003     0.5044537124E-006     0.8092542051E-001     0.9384943007E+002     0.9564336055E+006     0.1195335533E+011
   0.7981895946E-003     0.5050070942E-006     0.8025754869E-001     0.9546846232E+002     0.9615054685E+006     0.1175731245E+011
   0.7907019454E-003     0.5056015485E-006     0.7947324493E-001     0.9691498414E+002     0.9642399094E+006     0.1153530781E+011
   0.7823004339E-003     0.5062383065E-006     0.7855230667E-001     0.9817560519E+002     0.9645819430E+006     0.1128845106E+011
   0.7729552401E-003     0.5069183996E-006     0.7750241903E-001     0.9924076905E+002     0.9624910501E+006     0.1101799619E+011
   0.7681166145E-003     0.5076426230E-006     0.7696508425E-001     0.1001049817E+003     0.9579416771E+006     0.1072532993E+011
   0.7674697800E-003     0.5084114970E-006     0.7688331020E-001     0.1007605364E+003     0.9509238336E+006     0.1041196039E+011
   0.7668216334E-003     0.5092252266E-006     0.7676419793E-001     0.1011991168E+003     0.9414437298E+006     0.1007950637E+011
   0.7661689365E-003     0.5100836587E-006     0.7660851885E-001     0.1014158494E+003     0.9295243290E+006     0.9729686933E+010
   0.7655114606E-003     0.5109862387E-006     0.7640272816E-001     0.1014027369E+003     0.9152053210E+006     0.9364311396E+010
   0.7648522503E-003     0.5119319655E-006     0.7614910230E-001     0.1011572392E+003     0.8985447482E+006     0.8985270065E+010
   0.7641973318E-003     0.5129193468E-006     0.7585830803E-001     0.1006805381E+003     0.8796192578E+006     0.8594524964E+010
   0.7635550351E-003     0.5139463552E-006     0.7554192884E-001     0.9997589238E+002     0.8585243285E+006     0.8194100722E+010
   0.7629350880E-003     0.5150103857E-006     0.7521153478E-001     0.9904876713E+002     0.8353746768E+006     0.7786075808E+010
   0.7623476297E-003     0.5161082159E-006     0.7487775240E-001     0.9790688301E+002     0.8103045952E+006     0.7372574386E+010
   0.7618022891E-003     0.5172359711E-006     0.7454610776E-001     0.9655794757E+002     0.7834674521E+006     0.6955758712E+010
   0.7613074234E-003     0.5183890955E-006     0.7420823799E-001     0.9500426157E+002     0.7550339725E+006     0.6537821510E+010
   0.7608695801E-003     0.5195623315E-006     0.7386748556E-001     0.9326002518E+002     0.7251974651E+006     0.6120978283E+010
   0.7604931581E-003     0.5207497111E-006     0.7352665218E-001     0.9134324251E+002     0.6941709938E+006     0.5707456703E+010
   0.7601802602E-003     0.5219445587E-006     0.7318626137E-001     0.8927451201E+002     0.6621866154E+006     0.5299487134E+010
   0.7599307011E-003     0.5231395119E-006     0.7284493718E-001     0.8707698456E+002     0.6294948019E+006     0.4899294491E+010
   0.7597421420E-003     0.5243265631E-006     0.7249992608E-001     0.8477612630E+002     0.5963634299E+006     0.4509090609E+010
   0.7596103315E-003     0.5254971268E-006     0.7214204817E-001     0.8239000372E+002     0.5630686319E+006     0.4131060282E+010
   0.7595294383E-003     0.5266421389E-006     0.7175833629E-001     0.7993195032E+002     0.5298939797E+006     0.3767342282E+010
   0.7594924543E-003     0.5277521883E-006     0.7134790940E-001     0.7743406585E+002     0.4971450771E+006     0.3420007528E+010
   0.7595266262E-003     0.5288176827E-006     0.7105565528E-001     0.7493357184E+002     0.4651341843E+006     0.3091031527E+010
   0.7596486486E-003     0.5298290574E-006     0.7097410940E-001     0.7246708375E+002     0.4341765174E+006     0.2782275575E+010
   0.7597985634E-003     0.5307770367E-006     0.7089375481E-001     0.7006481613E+002     0.4045850323E+006     0.2495461423E+010
   0.7599644269E-003     0.5316529531E-006     0.7081096031E-001     0.6776040602E+002     0.3766608442E+006     0.2232126420E+010
   0.7601329380E-003     0.5324491225E-006     0.7071258746E-001     0.6555354847E+002     0.3506219531E+006     0.1993463838E+010
   0.7602894868E-003     0.5331592183E-006     0.7058892615E-001     0.6345920718E+002     0.3266851923E+006     0.1780338711E+010
   0.7604182121E-003     0.5337786326E-006     0.7043427477E-001     0.6150745244E+002     0.3050616005E+006     0.1593247719E+010
   0.7605020716E-003     0.5343048579E-006     0.7024284783E-001     0.5972480617E+002     0.2859185769E+006     0.1432277805E+010
   0.7605229328E-003     0.5347378941E-006     0.7000942400E-001     0.5813324211E+002     0.2693688990E+006     0.1297048424E+010
   0.7604616839E-003     0.5350806226E-006     0.6973004724E-001     0.5674853696E+002     0.2554534872E+006     0.1186608118E+010
   0.7602983665E-003     0.5353389983E-006     0.6940049914E-001     0.5555740176E+002     0.2440253990E+006     0.1099013596E+010
   0.7600151465E-003     0.5355218087E-006     0.6908190318E-001     0.5449361737E+002     0.2346262756E+006     0.1030943345E+010
   0.7595928679E-003     0.5356397669E-006     0.6881930355E-001     0.5355560611E+002     0.2270850873E+006     0.9799019795E+009
   0.7590404136E-003     0.5357053769E-006     0.6859599577E-001     0.5273794906E+002     0.2212392959E+006     0.9435365058E+009
   0.7582996179E-003     0.5357329801E-006     0.6830924500E-001     0.5203376989E+002     0.2169054948E+006     0.9195300457E+009
   0.7573452950E-003     0.5357386889E-006     0.6794851278E-001     0.5143411231E+002     0.2138795068E+006     0.9055924453E+009
   0.7561535716E-003     0.5357387749E-006     0.6750463238E-001     0.5086723332E+002     0.2112776614E+006     0.8946058461E+009
   0.7547008384E-003     0.5357387852E-006     0.6696677587E-001     0.5020440382E+002     0.2076511360E+006     0.8758683667E+009
   0.7529640177E-003     0.5357388030E-006     0.6633150121E-001     0.4946349750E+002     0.2032248417E+006     0.8513324910E+009
   0.7521478369E-003     0.5357388283E-006     0.6594686696E-001     0.4866488271E+002     0.1982191489E+006     0.8228123687E+009
   0.7520913008E-003     0.5357388607E-006     0.6576714201E-001     0.4782293622E+002     0.1928029842E+006     0.7916652589E+009
   0.7520405750E-003     0.5357389003E-006     0.6557894448E-001     0.4694819165E+002     0.1871071079E+006     0.7589130499E+009
   0.7519966355E-003     0.5357389471E-006     0.6547825172E-001     0.4606095171E+002     0.1812340474E+006     0.7253277266E+009
   0.7519593528E-003     0.5357390010E-006     0.6537632840E-001     0.4515719844E+002     0.1752629881E+006     0.6914926523E+009
   0.7519293520E-003     0.5357390621E-006     0.6527447567E-001     0.4424300276E+002     0.1692567456E+006     0.6578474758E+009
   0.7519074455E-003     0.5357391305E-006     0.6517380684E-001     0.4332325003E+002     0.1632647332E+006     0.6247213573E+009
   0.7518946407E-003     0.5357392063E-006     0.6507532802E-001     0.4240188957E+002     0.1573257756E+006     0.5923579804E+009
   0.7518921349E-003     0.5357392895E-006     0.6497996533E-001     0.4148212456E+002     0.1514702668E+006     0.5609345765E+009
   0.7519012937E-003     0.5357393805E-006     0.6488856160E-001     0.4056656105E+002     0.1457218474E+006     0.5305765407E+009
   0.7519236186E-003     0.5357394794E-006     0.6480187121E-001     0.3965733110E+002     0.1400987203E+006     0.5013687584E+009
   0.7519607400E-003     0.5357395863E-006     0.6475559636E-001     0.3876626053E+002     0.1346160292E+006     0.4733645568E+009
   0.7520143061E-003     0.5357397016E-006     0.6475833418E-001     0.3789533606E+002     0.1292835735E+006     0.4465922787E+009
   0.7520859064E-003     0.5357398254E-006     0.6477718899E-001     0.3703551365E+002     0.1241072368E+006     0.4210610557E+009
   0.7521770968E-003     0.5357399581E-006     0.6481236342E-001     0.3618734822E+002     0.1190918926E+006     0.3967652526E+009
   0.7522893126E-003     0.5357401000E-006     0.6486318607E-001     0.3535090207E+002     0.1142404089E+006     0.3736877933E+009
   0.7524238189E-003     0.5357402513E-006     0.6492813635E-001     0.3452584405E+002     0.1095540391E+006     0.3518029326E+009
   0.7525816661E-003     0.5357404125E-006     0.6500491624E-001     0.3371155921E+002     0.1050327500E+006     0.3310784730E+009
   0.7527636541E-003     0.5357405839E-006     0.6512405408E-001     0.3293064644E+002     0.1006829972E+006     0.3114790066E+009
   0.7529702881E-003     0.5357407659E-006     0.6528897643E-001     0.3218273837E+002     0.9650024148E+005     0.2929623301E+009
   0.7532017425E-003     0.5357409590E-006     0.6547079629E-001     0.3144744524E+002     0.9247504494E+005     0.2754846553E+009
   0.7534578409E-003     0.5357411637E-006     0.6566683960E-001     0.3072330441E+002     0.8860374425E+005     0.2590022692E+009
   0.7537380237E-003     0.5357413804E-006     0.6587350711E-001     0.3000802974E+002     0.8488178571E+005     0.2434707081E+009
   0.7540413219E-003     0.5357416096E-006     0.6608638441E-001     0.2929874950E+002     0.8130405007E+005     0.2288454646E+009
   0.7543663317E-003     0.5357418521E-006     0.6630218316E-001     0.2859540689E+002     0.7786771749E+005     0.2150839100E+009
   0.7547305328E-003     0.5357421083E-006     0.6673024409E-001     0.2798857467E+002     0.7463186952E+005     0.2021655842E+009
   0.7551148766E-003     0.5357423791E-006     0.6717763474E-001     0.2739024200E+002     0.7151538860E+005     0.1899985899E+009
   0.7555163260E-003     0.5357426651E-006     0.6763762303E-001     0.2679756453E+002     0.6851119103E+005     0.1785418114E+009
   0.7559314901E-003     0.5357429671E-006     0.6810423891E-001     0.2620590285E+002     0.6560907956E+005     0.1677517894E+009
   0.7563564013E-003     0.5357432861E-006     0.6857068465E-001     0.2560933051E+002     0.6279711364E+005     0.1575848660E+009
   0.7567865020E-003     0.5357436229E-006     0.6902953836E-001     0.2500135560E+002     0.6006314106E+005     0.1479992727E+009
   0.7572166341E-003     0.5357439781E-006     0.6950416328E-001     0.2450491486E+002     0.5763631192E+005     0.1392056277E+009
   0.7576410324E-003     0.5357443509E-006     0.6997817607E-001     0.2405913396E+002     0.5532733275E+005     0.1307321880E+009
   0.7580533227E-003     0.5357447378E-006     0.7043265144E-001     0.2360526346E+002     0.5300797638E+005     0.1223883931E+009
   0.7584466679E-003     0.5357451348E-006     0.7086739940E-001     0.2313491965E+002     0.5064599350E+005     0.1140946159E+009
   0.7588153614E-003     0.5357455366E-006     0.7136501250E-001     0.2264129650E+002     0.4819773931E+005     0.1057414951E+009
   0.7591493687E-003     0.5357459357E-006     0.7182279448E-001     0.2210527251E+002     0.4561517647E+005     0.9721515593E+008
   0.7594399562E-003     0.5358970453E-006     0.7226160201E-001     0.2184298905E+002     0.4450957416E+005     0.9385656766E+008
   0.7596778581E-003     0.5363542645E-006     0.7264547838E-001     0.2154497299E+002     0.4326493428E+005     0.9009786463E+008
   0.7598533185E-003     0.5371070777E-006     0.7296681501E-001     0.2120997024E+002     0.4188004696E+005     0.8595234106E+008
   0.7599561423E-003     0.5381384930E-006     0.7321885318E-001     0.2084393338E+002     0.4038836106E+005     0.8154275146E+008
   0.7599757550E-003     0.5394269702E-006     0.7339510927E-001     0.2045287152E+002     0.3882155263E+005     0.7697943765E+008
   0.7599012740E-003     0.5409473402E-006     0.7348944895E-001     0.2004267147E+002     0.3720883430E+005     0.7235894742E+008
   0.7597215897E-003     0.5426717210E-006     0.7349617169E-001     0.1961895271E+002     0.3557648256E+005     0.6776348523E+008
   0.7594254583E-003     0.5445704087E-006     0.7341010762E-001     0.1918695463E+002     0.3394755305E+005     0.6326101640E+008
   0.7590016061E-003     0.5466127266E-006     0.7322672859E-001     0.1875145373E+002     0.3234175469E+005     0.5890586535E+008
   0.7584388449E-003     0.5487678182E-006     0.7294227596E-001     0.1831670828E+002     0.3077545386E+005     0.5473966930E+008
   0.7577261979E-003     0.5510053715E-006     0.7255390744E-001     0.1788642736E+002     0.2926178207E+005     0.5079256861E+008
   0.7568530365E-003     0.5532962670E-006     0.7205986586E-001     0.1746376127E+002     0.2781082254E+005     0.4708453512E+008
   0.7558092264E-003     0.5556131438E-006     0.7145967272E-001     0.1705131015E+002     0.2642985357E+005     0.4362675838E+008
   0.7545852811E-003     0.5579308814E-006     0.7075434873E-001     0.1665114777E+002     0.2512362963E+005     0.4042302654E+008
   0.7536728920E-003     0.5602269954E-006     0.7019147984E-001     0.1626613022E+002     0.2389468684E+005     0.3747105432E+008
   0.7537788599E-003     0.5624819517E-006     0.7012012318E-001     0.1589922434E+002     0.2274365191E+005     0.3476372367E+008
   0.7538868134E-003     0.5646794005E-006     0.7004529494E-001     0.1554857946E+002     0.2166953501E+005     0.3229021342E+008
   0.7539969717E-003     0.5668063367E-006     0.6998913655E-001     0.1521648187E+002     0.2067014368E+005     0.3003700940E+008
   0.7541095064E-003     0.5688531956E-006     0.6995892608E-001     0.1490319082E+002     0.1974216206E+005     0.2798877737E+008
   0.7542246739E-003     0.5708139020E-006     0.6996502270E-001     0.1460901464E+002     0.1888151044E+005     0.2612911696E+008
   0.7543426891E-003     0.5726859059E-006     0.6998946995E-001     0.1433231811E+002     0.1808364222E+005     0.2444119976E+008
   0.7544639243E-003     0.5744702499E-006     0.7000698715E-001     0.1406818460E+002     0.1734313305E+005     0.2290818882E+008
   0.7545889948E-003     0.5761717060E-006     0.7001137398E-001     0.1381364863E+002     0.1665441832E+005     0.2151360582E+008
   0.7547186660E-003     0.5777988313E-006     0.7000385703E-001     0.1356800811E+002     0.1601213908E+005     0.2024158331E+008
   0.7548538286E-003     0.5793638083E-006     0.6998645473E-001     0.1333075686E+002     0.1541097611E+005     0.1907707481E+008
   0.7549954761E-003     0.5808821158E-006     0.6996802344E-001     0.1310319169E+002     0.1484599793E+005     0.1800610413E+008
   0.7551446606E-003     0.5823721377E-006     0.6994129127E-001     0.1288193002E+002     0.1431191892E+005     0.1701588762E+008
   0.7553024797E-003     0.5838548497E-006     0.6990721478E-001     0.1266568205E+002     0.1380405496E+005     0.1609496184E+008
   0.7554700431E-003     0.5853533749E-006     0.6986812922E-001     0.1245324623E+002     0.1331811889E+005     0.1523319379E+008
   0.7556484438E-003     0.5868924608E-006     0.6982786774E-001     0.1224353511E+002     0.1285027087E+005     0.1442178191E+008
   0.7558387225E-003     0.5884978774E-006     0.6979158713E-001     0.1203559080E+002     0.1239715606E+005     0.1365323221E+008
   0.7560418264E-003     0.5901957601E-006     0.6976530662E-001     0.1182859068E+002     0.1195592810E+005     0.1292130933E+008
   0.7562585607E-003     0.5920119191E-006     0.6975523230E-001     0.1162184540E+002     0.1152425779E+005     0.1222096431E+008
   0.7564957290E-003     0.5939711404E-006     0.6987515204E-001     0.1141765174E+002     0.1110035929E+005     0.1154824269E+008
   0.7567473272E-003     0.5960964989E-006     0.7000910904E-001     0.1121197913E+002     0.1068285477E+005     0.1090017592E+008
   0.7570128668E-003     0.5984087042E-006     0.7016472481E-001     0.1100553832E+002     0.1027092994E+005     0.1027466537E+008
   0.7572920510E-003     0.6009254984E-006     0.7038002131E-001     0.1080130049E+002     0.9864271900E+004     0.9670359810E+007
   0.7575837413E-003     0.6036611452E-006     0.7060671874E-001     0.1059548533E+002     0.9462687781E+004     0.9086529574E+007
   0.7578868045E-003     0.6066261734E-006     0.7084178649E-001     0.1038818436E+002     0.9066441725E+004     0.8522943490E+007
   0.7581998151E-003     0.6098273398E-006     0.7108195661E-001     0.1017961841E+002     0.8676039451E+004     0.7979720336E+007
   0.7585210512E-003     0.6132676927E-006     0.7132375807E-001     0.9970114045E+001     0.8292157401E+004     0.7457198382E+007
   0.7588484899E-003     0.6169466688E-006     0.7156354816E-001     0.9760081556E+001     0.7915580881E+004     0.6955826954E+007
   0.7591798040E-003     0.6208601652E-006     0.7179754223E-001     0.9549996314E+001     0.7547154191E+004     0.6476083709E+007
   0.7595123590E-003     0.6250005491E-006     0.7202184278E-001     0.9340383990E+001     0.7187743002E+004     0.6018416369E+007
   0.7598515431E-003     0.6293565913E-006     0.7233585229E-001     0.9134062735E+001     0.6838230935E+004     0.5583205317E+007
   0.7601881263E-003     0.6339133234E-006     0.7265687346E-001     0.8929832785E+001     0.6499435965E+004     0.5170741656E+007
   0.7605173013E-003     0.6386518385E-006     0.7296447829E-001     0.8727947152E+001     0.6172155996E+004     0.4781217573E+007
   0.7608350271E-003     0.6435490742E-006     0.7325196821E-001     0.8528986521E+001     0.5857147989E+004     0.4414722734E+007
   0.7611369454E-003     0.6485776155E-006     0.7351267201E-001     0.8333549628E+001     0.5555117119E+004     0.4071243620E+007
   0.7614183938E-003     0.6537055497E-006     0.7374000625E-001     0.8142247266E+001     0.5266709145E+004     0.3750663913E+007
   0.7616744212E-003     0.6588964007E-006     0.7392753239E-001     0.7955695159E+001     0.4992502349E+004     0.3452765025E+007
   0.7618998081E-003     0.6641091667E-006     0.7406901321E-001     0.7774505667E+001     0.4732998939E+004     0.3177226501E+007
   0.7620890913E-003     0.6692984804E-006     0.7415847057E-001     0.7599278458E+001     0.4488616127E+004     0.2923626452E+007
   0.7622365933E-003     0.6744149064E-006     0.7419024563E-001     0.7430590329E+001     0.4259677193E+004     0.2691442315E+007
   0.7623364659E-003     0.6794053881E-006     0.7419770680E-001     0.7283978593E+001     0.4049158040E+004     0.2480402294E+007
   0.7623827070E-003     0.6842157471E-006     0.7414766025E-001     0.7149449017E+001     0.3855683306E+004     0.2289794240E+007
   0.7623692356E-003     0.6887957810E-006     0.7404469681E-001     0.7040932352E+001     0.3687308343E+004     0.2121746696E+007
   0.7622900144E-003     0.6931097416E-006     0.7391057099E-001     0.6941646422E+001     0.3532172942E+004     0.1971104750E+007
   0.7621388190E-003     0.6971256305E-006     0.7368287573E-001     0.6843757796E+001     0.3389163829E+004     0.1836481735E+007
   0.7619096166E-003     0.7008121485E-006     0.7335752541E-001     0.6747002832E+001     0.3257613589E+004     0.1716546444E+007
   0.7615965257E-003     0.7041382478E-006     0.7293151585E-001     0.6651180963E+001     0.3136866848E+004     0.1610025647E+007
   0.7611938904E-003     0.7070727855E-006     0.7240317073E-001     0.6556221200E+001     0.3026310344E+004     0.1515720283E+007
   0.7606963584E-003     0.7095842882E-006     0.7177246018E-001     0.6462276987E+001     0.2925408318E+004     0.1432519015E+007
   0.7600989615E-003     0.7116409457E-006     0.7104142319E-001     0.6369862862E+001     0.2833746583E+004     0.1359410497E+007
   0.7597879888E-003     0.7132110639E-006     0.7055344129E-001     0.6281803348E+001     0.2751093827E+004     0.1295495429E+007
   0.7599522531E-003     0.7142643870E-006     0.7047091062E-001     0.6200773691E+001     0.2677469037E+004     0.1239998915E+007
   0.7601159039E-003     0.7147749800E-006     0.7038234117E-001     0.6127646156E+001     0.2613224622E+004     0.1192281526E+007
   0.7602786730E-003     0.7148142282E-006     0.7031533557E-001     0.6108636448E+001     0.2607784878E+004     0.1189443288E+007
   0.7604403819E-003     0.7148158481E-006     0.7027471937E-001     0.6121297951E+001     0.2627714932E+004     0.1203327196E+007
   0.7606009968E-003     0.7148184482E-006     0.7026836823E-001     0.6139531046E+001     0.2635685710E+004     0.1204170534E+007
   0.7607606704E-003     0.7148219971E-006     0.7030101005E-001     0.6154947675E+001     0.2627437250E+004     0.1191297527E+007
   0.7609197535E-003     0.7148264392E-006     0.7036544970E-001     0.6155766388E+001     0.2601247305E+004     0.1166936640E+007
   0.7610786838E-003     0.7148317377E-006     0.7040479613E-001     0.6133958304E+001     0.2560620449E+004     0.1134683032E+007
   0.7612380956E-003     0.7148378707E-006     0.7039941847E-001     0.6091137080E+001     0.2509500136E+004     0.1097275319E+007
   0.7613988275E-003     0.7148448276E-006     0.7036426115E-001     0.6032893433E+001     0.2451151672E+004     0.1056683300E+007
   0.7615617926E-003     0.7148526073E-006     0.7031092023E-001     0.5963230956E+001     0.2387943620E+004     0.1014315889E+007
   0.7617279290E-003     0.7148612161E-006     0.7024888140E-001     0.5885140760E+001     0.2321632591E+004     0.9711932342E+006
   0.7618981488E-003     0.7148706677E-006     0.7018570054E-001     0.5800897281E+001     0.2253543154E+004     0.9280596855E+006
   0.7620732963E-003     0.7148809817E-006     0.7012714688E-001     0.5712256076E+001     0.2184688318E+004     0.8854604446E+006
   0.7622541135E-003     0.7148921843E-006     0.7007727806E-001     0.5620585410E+001     0.2115852743E+004     0.8437950761E+006
   0.7624412151E-003     0.7149043080E-006     0.7003849784E-001     0.5526958008E+001     0.2047652152E+004     0.8033558453E+006
   0.7626350718E-003     0.7149241528E-006     0.7001307296E-001     0.5435120130E+001     0.1983291185E+004     0.7660208422E+006
   0.7628359989E-003     0.7153138588E-006     0.7000688601E-001     0.5359465770E+001     0.1935987117E+004     0.7396984401E+006
   0.7630441479E-003     0.7163301528E-006     0.7000742668E-001     0.5280018757E+001     0.1887008786E+004     0.7128061186E+006
   0.7632596048E-003     0.7180139008E-006     0.7003587864E-001     0.5198886221E+001     0.1836658475E+004     0.6855058111E+006
   0.7634824174E-003     0.7204010017E-006     0.7013769458E-001     0.5119416142E+001     0.1785229391E+004     0.6579538229E+006
   0.7637120394E-003     0.7235226449E-006     0.7024947956E-001     0.5036810896E+001     0.1732760161E+004     0.6302982157E+006
   0.7639479966E-003     0.7274055606E-006     0.7036824783E-001     0.4951317050E+001     0.1679494886E+004     0.6026851863E+006
   0.7641896549E-003     0.7320722621E-006     0.7049002813E-001     0.4863064908E+001     0.1625662443E+004     0.5752501745E+006
   0.7644362208E-003     0.7375589681E-006     0.7062187787E-001     0.4779343894E+001     0.1573564265E+004     0.5485314411E+006
   0.7646867717E-003     0.7439577004E-006     0.7081247676E-001     0.4707443970E+001     0.1523008970E+004     0.5224372339E+006
   0.7649403438E-003     0.7514399736E-006     0.7100556996E-001     0.4633236553E+001     0.1471902992E+004     0.4966653875E+006
   0.7652034186E-003     0.7601763928E-006     0.7137571253E-001     0.4560437680E+001     0.1420147895E+004     0.4711587134E+006
   0.7654675117E-003     0.7703377833E-006     0.7174891848E-001     0.4484764882E+001     0.1367600845E+004     0.4458776066E+006
   0.7657309476E-003     0.7820849742E-006     0.7211856554E-001     0.4405962773E+001     0.1314222847E+004     0.4208091189E+006
   0.7659918708E-003     0.7955601428E-006     0.7247798006E-001     0.4323886063E+001     0.1260042643E+004     0.3959689450E+006
   0.7662482468E-003     0.8108795376E-006     0.7282050336E-001     0.4238508127E+001     0.1205156947E+004     0.3714000008E+006
   0.7664978651E-003     0.8281275417E-006     0.7313954484E-001     0.4149921967E+001     0.1149725638E+004     0.3471686249E+006
   0.7667383427E-003     0.8473519981E-006     0.7342862751E-001     0.4058335375E+001     0.1093963627E+004     0.3233594774E+006
   0.7669675717E-003     0.8685607380E-006     0.7374596677E-001     0.3967621196E+001     0.1038223616E+004     0.3000715849E+006
   0.7671828094E-003     0.8917195081E-006     0.7407701655E-001     0.3877561369E+001     0.9827808099E+003     0.2774095774E+006
   0.7673808480E-003     0.9167524981E-006     0.7436318957E-001     0.3785679451E+001     0.9278726807E+003     0.2554789022E+006
   0.7675586841E-003     0.9435448835E-006     0.7459726320E-001     0.3692424581E+001     0.8738179750E+003     0.2343816473E+006
   0.7677131914E-003     0.9719452858E-006     0.7477227596E-001     0.3598283759E+001     0.8209294884E+003     0.2142106288E+006
   0.7678411381E-003     0.1001768324E-005     0.7488158032E-001     0.3503766186E+001     0.7695050214E+003     0.1950463246E+006
   0.7679392077E-003     0.1032797257E-005     0.7491890144E-001     0.3409389938E+001     0.7198205216E+003     0.1769550135E+006
   0.7680040226E-003     0.1064786780E-005     0.7487840343E-001     0.3315670713E+001     0.6721250142E+003     0.1599878354E+006
   0.7680321705E-003     0.1097466020E-005     0.7475476426E-001     0.3223112417E+001     0.6266370011E+003     0.1441805482E+006
   0.7680202349E-003     0.1130541777E-005     0.7454326062E-001     0.3132199457E+001     0.5835420780E+003     0.1295538092E+006
   0.7679648271E-003     0.1163702019E-005     0.7423986340E-001     0.3043390590E+001     0.5429915680E+003     0.1161138446E+006
   0.7678626229E-003     0.1196619656E-005     0.7384134533E-001     0.2957114291E+001     0.5051020090E+003     0.1038534027E+006
   0.7680380490E-003     0.1228956563E-005     0.7393059773E-001     0.2879892135E+001     0.4701324342E+003     0.9275972667E+005
   0.7682162916E-003     0.1260371704E-005     0.7402945050E-001     0.2808240669E+001     0.4380464431E+003     0.8279965724E+005
   0.7683938347E-003     0.1290570101E-005     0.7412387997E-001     0.2748604541E+001     0.4124452250E+003     0.7499905470E+005
   0.7685708018E-003     0.1319494963E-005     0.7421479826E-001     0.2699195732E+001     0.3922779719E+003     0.6897517896E+005
   0.7687473263E-003     0.1346958166E-005     0.7429321436E-001     0.2649094313E+001     0.3726600362E+003     0.6328750454E+005
   0.7689235569E-003     0.1372689049E-005     0.7436251173E-001     0.2598618315E+001     0.3536316464E+003     0.5792943956E+005
   0.7690996606E-003     0.1396384703E-005     0.7442657439E-001     0.2548274592E+001     0.3352989599E+003     0.5291256631E+005
   0.7692758256E-003     0.1417720574E-005     0.7448978143E-001     0.2498780982E+001     0.3178397026E+003     0.4826655826E+005
   0.7694522631E-003     0.1436367062E-005     0.7455699325E-001     0.2451099459E+001     0.3015134217E+003     0.4404036876E+005
   0.7696292077E-003     0.1452015369E-005     0.7463352445E-001     0.2406478937E+001     0.2866755713E+003     0.4030435269E+005
   0.7698069160E-003     0.1464417036E-005     0.7472509511E-001     0.2366502966E+001     0.2737934249E+003     0.3715271751E+005
   0.7699856635E-003     0.1473442774E-005     0.7483774373E-001     0.2333129007E+001     0.2634587183E+003     0.3470500488E+005
   0.7701657392E-003     0.1479166521E-005     0.7497766567E-001     0.2308688663E+001     0.2563859168E+003     0.3310398366E+005
   0.7703474384E-003     0.1481978305E-005     0.7515090715E-001     0.2295789570E+001     0.2533754687E+003     0.3250533766E+005
   0.7705310533E-003     0.1482721014E-005     0.7536280250E-001     0.2297024531E+001     0.2552106235E+003     0.3305250068E+005
   0.7707168661E-003     0.1482745824E-005     0.7562748456E-001     0.2313725284E+001     0.2611784897E+003     0.3444939137E+005
   0.7709051307E-003     0.1482760782E-005     0.7591294129E-001     0.2324781485E+001     0.2642780598E+003     0.3510307242E+005
   0.7710960788E-003     0.1482787153E-005     0.7619731386E-001     0.2325287844E+001     0.2642654270E+003     0.3508933981E+005
   0.7712899235E-003     0.1482824035E-005     0.7648346213E-001     0.2317818197E+001     0.2620618258E+003     0.3462582831E+005
   0.7714868448E-003     0.1482870827E-005     0.7677151714E-001     0.2304036016E+001     0.2582913987E+003     0.3385766839E+005
   0.7716869941E-003     0.1482927135E-005     0.7706492342E-001     0.2285464491E+001     0.2534082999E+003     0.3288525977E+005
   0.7718904793E-003     0.1482992720E-005     0.7736660289E-001     0.2263266767E+001     0.2477404150E+003     0.3177926233E+005
   0.7720973563E-003     0.1483067463E-005     0.7767825322E-001     0.2238300753E+001     0.2415279389E+003     0.3059029125E+005
   0.7723076950E-003     0.1483151338E-005     0.7803191821E-001     0.2213628296E+001     0.2350331391E+003     0.2935665677E+005
   0.7725214395E-003     0.1483244404E-005     0.7842809021E-001     0.2189210533E+001     0.2283204263E+003     0.2810032594E+005
   0.7727384009E-003     0.1483346789E-005     0.7884190464E-001     0.2163434805E+001     0.2214181395E+003     0.2683954703E+005
   0.7729583722E-003     0.1483458563E-005     0.7928896628E-001     0.2140206596E+001     0.2147267128E+003     0.2559972604E+005
   0.7731810598E-003     0.1483579282E-005     0.7976045624E-001     0.2117390406E+001     0.2078446054E+003     0.2432252556E+005
   0.7734060836E-003     0.1483707650E-005     0.8024469213E-001     0.2093095144E+001     0.2006087788E+003     0.2300494757E+005
   0.7736329766E-003     0.1483842141E-005     0.8073754524E-001     0.2067189805E+001     0.1930307429E+003     0.2165381043E+005
