0.012730488264794422
0.012491142610498437
0.01232266194665487
0.012233498337367308
0.012229984956892632
0.012316274081836132
0.012494308997406608
0.012738012227943872
0.012946972685486951
0.01313110060575494
0.013292798955949927
0.01343404743097937
0.013556451246431447
0.013661295590301834
0.013749598675897652
0.013822166232774087
0.013879649674781992
0.013922600704814644
0.01395152381720104
0.013966926487265073
0.013969363690351769
0.013959479523976668
0.013938042215166061
0.013905973396391807
0.013864371412080103
0.013814527701110156
0.013757937230836645
0.013696300714121742
0.013631521882675733
0.013565696385325296
0.013501095365698497
0.013440142548358344
0.013385385409756883
0.013339461499687151
0.013305058765708963
0.013284873301837629
0.013281562099855341
0.013297693903240305
0.013335696954583656
0.013397806277144575
0.013486010459466222
0.013601998752223753
0.013747110146140508
0.013922285171780102
0.01412802221222271
0.014364340170806617
0.014578090372270891
0.014744602649487577
0.014895956118147771
0.01503251863428864
0.015154676421247876
0.015262827712546627
0.015357376829974971
0.015438734667355515
0.015507323314263365
0.01556358370529645
0.015607983637196147
0.015641022732570297
0.015663237343557648
0.01567520168200955
0.01567752847861318
0.015670870428171974
0.01565592109348098
0.01563341736531025
0.015604144488058885
0.015568939420961003
0.015537157458828495
0.0155029991664337
0.01546538508595651
0.015425412545240777
0.015384243596562147
0.01534309939025538
0.015303254061531886
0.015266024396054918
0.015232757802301647
0.015204815945992779
0.015183556853590179
0.015170314668321964
0.015166377225421437
0.015172992882263784
0.015191467242303964
0.015222985298856271
0.015268525942243132
0.015307157834270894
0.015326285340834241
0.015339924552722558
0.01534848378384103
0.015352340553065351
0.015351803155863984
0.015347123084629304
0.015338523512434638
0.015326222840512263
0.015310451659530488
0.01529146318107429
0.015269536638734264
0.015244954566808404
0.01521799369836541
0.015188912000904664
0.015157938727721807
0.015125270553409
0.015091077638525905
0.015055515893509598
0.015018742419763666
0.014979264562780169
0.014936476334542734
0.014893216991668306
0.014849759817844633
0.014806381332631608
0.014763367452214482
0.014721020109975051
0.014679664934236834
0.014639659560611895
0.01460140139011134
0.014565335087961952
0.014531401924663713
0.014499933717763496
0.014472069859259869
0.014448428333438873
0.01442967398028244
0.014416495720625524
0.014409606250415107
0.014409731458443431
0.014409948003165973
0.014405535384550599
0.014399876244744422
0.014392428780692145
0.014383687861352874
0.014373633621870588
0.014362262370295403
0.014349587445499475
0.014335638085697945
0.014320458956390943
0.014304109451598832
0.014286556103711504
0.014267892616455185
0.014248332298083708
0.014227983589069659
0.014206960379175959
0.01418538013124157
0.014163361024347013
0.014140976821088764
0.01411835202319133
0.014095640702451067
0.014072951707590235
0.014050388619193775
0.014028050146609967
0.014006029811836745
0.013984318911873602
0.013962769875732622
0.01394145125924745
0.013920435664947942
0.01389980091709429
0.013879634725749263
0.013860032020568094
0.013841116090995224
0.0138230309422189
0.013805948400003551
0.013790075581598752
0.01377550726328246
0.013762499337025681
0.013751350687180624
0.013742396653543848
0.013736011795393084
0.013732610652926329
0.013732646987825182
0.01373661116451316
0.013745026789757867
0.013758446926064552
0.013777446973733976
0.013802617483770308
0.013834554802823721
0.01387384904884222
0.013921071492984655
0.01397095227671546
0.014008976668365144
0.014043857908194894
0.014075444707625276
0.01410361055103627
0.01412823465473606
0.014149301323370993
0.014166880021631946
0.014181044394535726
0.014191894416537272
0.014199562441614326
0.014204189456207003
0.014205977522749406
0.01420511696284501
0.014201790772082284
0.01419616488762604
0.014188385929639618
0.014178585642292608
0.014166889115836563
0.01415257020269545
0.014136604464424142
0.014119055672453962
0.01409964177743936
0.014079066605367414
0.014057547088005107
0.014035301220493642
0.01401254861947066
0.013989512426372693
0.013966420477053886
0.01394350722691458
0.013920698401008843
0.01389824273501642
0.013876405720298999
0.013855447992106721
0.01383565089340345
0.01381731960641668
0.013800784833063991
0.013786404642890143
0.013774565190595648
0.013765680895820375
0.013760204606442316
0.013758584794492263
0.013761311739415118
0.013768927148780058
0.013781863494716483
0.01380065399914152
0.013825830801898253
0.013857915550649165
0.013897408004834069
0.013944773034183483
0.013992360775804905
0.014028939147432523
0.014062258449211898
0.014092233075453875
0.014118801073589931
0.014141907241896732
0.014161496915462295
0.014177523499827423
0.014190090269900703
0.014199348327001874
0.01420540520921428
0.0142083793683518
0.0142084107168134
0.01420565963728546
0.014200304960012018
0.014192541164362854
0.014182573204332997
0.014170611629521952
0.014156864258618571
0.014141545869355324
0.014124732463451766
0.014106385023113305
0.014087057301031235
0.014066964984413175
0.01404631845838957
0.014025297804365539
0.014003908656288035
0.013982562626271575
0.013961423200110226
0.013940384757794575
0.013919632080535406
0.013899358897975165
0.013879771293457159
0.013861091564216632
0.01384356107497866
0.013827500056627261
0.013813098010080105
0.01380059484887423
0.013790318476270429
0.013782625087176394
0.01377789866640894
0.013776551443534148
0.013779021261754041
0.01378576961443358
0.01379727811770163
0.013814043514581442
0.013836572218305783
0.013852964491455462
0.013868257619051735
0.01388242172692156
0.013895349758424123
0.013906946473996703
0.013917130972624165
0.013925834687193826
0.013933001584195585
0.013938588142124408
0.013942563165182463
0.013944907923021785
0.013945615938175329
0.013944692864503155
0.013942156586274294
0.013938037531585188
0.013932358604670776
0.013925185825452416
0.013916629775780585
0.013906786499214226
0.013895764889502886
0.01388366578357948
0.013870589692620587
0.013856638211968654
0.013841808803906938
0.013826176773641053
0.013809924935193112
0.013793098431825428
0.01377582080011504
0.013758237305810486
0.013740468685268365