0.0293458354799622
0.02880890461664353
0.028378018310573024
0.027875390242889157
0.027337991519025665
0.027258046459134613
0.027780641024600247
0.027923908949718357
0.027483994871584424
0.02709884489311766
0.0267320678294541
0.026384672900659364
0.026056996390152402
0.025784446585185444
0.025622738197406483
0.02553409329240046
0.025465234949216858
0.025408549675095135
0.025363080619775075
0.02532550563589052
0.02529146933334751
0.025257748822643294
0.025220994848097616
0.025177781524551503
0.025138731309069347
0.0251749090405176
0.025213711787370703
0.02530629460437318
0.02538458417189412
0.02546616006167275
0.025536279906850118
0.025583900226407837
0.025607020644112792
0.025603647166867992
0.025571808365602248
0.025588468028428304
0.025623888118068497
0.025638132580727137
0.025629279905019776
0.025597569383170593
0.025541845519051826
0.025604746981859876
0.025647363269510157
0.02576399523207879
0.026110092372111232
0.026527225059954817
0.026654857726234087
0.02647459957590052
0.026272554933778555
0.02610706950891202
0.026013256370423093
0.02591852685355857
0.025808688921995292
0.0256849343257489
0.025552218056002392
0.025412008461926757
0.02532854702626057
0.025272119015405513
0.025209237615892013
0.025141671754769362
0.025066478206006576
0.024983573694488528
0.02489366355152771
0.02479558412358079
0.02471523699878194
0.02469422204904394
0.02466556456511066
0.024647169140503536
0.024617153778234195
0.02459158879113514
0.0245635216334279
0.02452655947097216
0.02448032075476611
0.024425736279897477
0.024364670178619235
0.024322616109222407
0.024296401677381084
0.024259698757045894
0.024235720567897173
0.024233879865898162
0.024225274611046135
0.024210511725871704
0.02418660024529829
0.02408818495903276
0.02395116213833802
0.023806903782690764
0.023670077714424816
0.023562391375813268
0.023445610106693403
0.02332159207120165
0.0231907597517782
0.023054705563340543
0.02294914755251494
0.022881999372731224
0.02281849127819846
0.022752287558035086
0.022683817200864025
0.02261355155701318
0.022542062010385222
0.022471570174179535
0.022399726863993198
0.022338343820720682
0.02227965659191662
0.02222039339863007
0.022160442473710813
0.022109906489776315
0.02209733437259171
0.02209352200899918
0.022094066493141506
0.022090052437881195
0.02208040905103779
0.022082248092848724
0.022088854029434703
0.022101384142040197
0.022114856223377152
0.022124609120483883
0.022130036490479944
0.02213051843016817
0.022130710757080452
0.022125814653253174
0.02211373399425918
0.022093835494974148
0.022070974602061325
0.022044279900632843
0.02201784630332172
0.021987358815037397
0.021949110716409297
0.021903645621317434
0.021853321671319176
0.021794942320802042
0.021735089834582597
0.021680904971103074
0.02162280431365445
0.021558075933271408
0.021510927330911315
0.0214733558172413
0.021432256551158477
0.021387840377927334
0.021340313056719806
0.02128987254137355
0.021236705820621263
0.021180986878247255
0.021160885762396005
0.02115526067964336
0.02115145653421067
0.021150125794119328
0.021149640299535945
0.021149556143803414
0.021149767476129434
0.021150669286206188
0.021151966057245338
0.02115302050630573
0.021153591004558506
0.02115340728934502
0.021152172889482325
0.021149567733024486
0.02114525103989401
0.021139985209442522
0.021139577744633993
0.02115087688502517
0.02116089947750376
0.021169314941153393
0.02118656497982093
0.02121892934037634
0.021255912539638114
0.021288916341034594
0.021317354858677962
0.02134063468515175
0.02135815650515399
0.021376596975536594
0.021401788312853238
0.021449964868598563
0.021513525850875473
0.02154675051032181
0.021505352286855507
0.02145524283421109
0.021398247997288938
0.021372167767844064
0.021343103403481906
0.021308930978982756
0.021281580486870875
0.02124710191862108
0.021205821260215273
0.021180564987495848
0.02116438459542808
0.021143891573687713
0.021119389296676144
0.021091179362522028
0.021059556933748697
0.02102480623681807
0.020988059328915034
0.020973747219113627
0.02098384997146796
0.020993259538900005
0.021003414933943122
0.02101716679639514
0.021030921595673307
0.021044670834610257
0.021058368096094134
0.02107192973752819
0.021085237136342763
0.021098138142198096
0.021110449379248566
0.021122154122958932
0.021132993305006856
0.021142509187400092
0.021150417196128538
0.021156414433446336
0.021160181966046732
0.021170179144324987
0.021189131374608546
0.021212101343716993
0.02124680647694039
0.021282396646799383
0.021318686285542662
0.021355462623885692
0.02139248404545955
0.02142947792135581
0.021466139333237683
0.021502128710656977
0.021538075762846186
0.021607932198847744
0.02167968934392926
0.021710004679962758
0.021679017311008377
0.021639542289793933
0.021591763719071025
0.021536117738751685
0.02148202251986364
0.02143072148609707
0.021379723484715413
0.021330082174113075
0.021273567825285476
0.021210502656797716
0.02115789810759807
0.02114696467190982
0.021134206434017217
0.02111857337092502
0.02109972925248047
0.021077967063769094
0.02105356340130795
0.02102677565856319
0.02099783977270131
0.020966969209421527
0.02097427956538792
0.020982492651721592
0.020990926368756355
0.02100843434152322
0.02103826684969419
0.02106756563445176
0.021098034891896475
0.021141453467881828
0.021183606434144173
0.02122412702337439
0.02126277783479092
0.021299302699821762
0.02133342936329808
0.021364871340021
0.021393330866424882
0.021418500364295164
0.021440065641449717
0.021470441998443484
0.021504992074317
0.0215544771840987
0.021603470942027463
0.021651786491943763
0.021699212422389612
0.021746396347513724
0.021792965164502274
0.021837808880836706
0.021840314316541674
0.021835732844079036
0.021824483773272556
0.02181201347231207
0.021794389849359986
0.02176963413780656
0.021737973391165823
0.021706362527869238
0.021667465845305926
0.021621405075583595
0.021568324863817857
0.0215208834690069
0.021469856078244712
0.02141332608543328
0.021363561098241075
0.02134420017704116
0.021356960705620234
0.0213663831816245
0.02137260193030709
0.021385725692898948
0.02141383396341925
0.02143937984240857
0.021463909184677474
0.021487559821997657
0.021509316577684096
0.02154404349150662
0.021600638058769616
0.021656656958160818
0.02171202672475973
0.021766649241072123