   0.9881672841E+000     0.9999995013E+000     0.2083647551E+001     0.2490959990E+003     0.1640269046E+009     0.1235191546E+015
   0.9784231378E+000     0.9999995013E+000     0.2124622060E+001     0.2481114758E+003     0.1617883096E+009     0.1207213817E+015
   0.9687917869E+000     0.9999995013E+000     0.2165735305E+001     0.2479347842E+003     0.1602848016E+009     0.1186094755E+015
   0.9592712230E+000     0.9999995013E+000     0.2207010146E+001     0.2485252244E+003     0.1594778772E+009     0.1171504704E+015
   0.9498592859E+000     0.9999995013E+000     0.2248480647E+001     0.2498425963E+003     0.1593284687E+009     0.1163106796E+015
   0.9405536706E+000     0.9999995013E+000     0.2290192396E+001     0.2518477828E+003     0.1597971471E+009     0.1160558802E+015
   0.9313519400E+000     0.9999995013E+000     0.2332202551E+001     0.2545026390E+003     0.1608443028E+009     0.1163514882E+015
   0.9221883961E+000     0.9999995013E+000     0.2377415577E+001     0.2578118257E+003     0.1624303294E+009     0.1171627265E+015
   0.9130088662E+000     0.9999995013E+000     0.2428587383E+001     0.2617863869E+003     0.1645157899E+009     0.1184547806E+015
   0.9039201983E+000     0.9999995013E+000     0.2481084546E+001     0.2663300822E+003     0.1670615724E+009     0.1201929469E+015
   0.8949214588E+000     0.9999995013E+000     0.2534952656E+001     0.2714156051E+003     0.1700290795E+009     0.1223427713E+015
   0.8860117397E+000     0.9999995013E+000     0.2590234110E+001     0.2770216991E+003     0.1733804539E+009     0.1248701789E+015
   0.8771901574E+000     0.9999995013E+000     0.2646967610E+001     0.2831241844E+003     0.1770782999E+009     0.1277415706E+015
   0.8684558526E+000     0.9999995013E+000     0.2705188014E+001     0.2897057067E+003     0.1810862067E+009     0.1309239465E+015
   0.8598079894E+000     0.9999995013E+000     0.2764926014E+001     0.2967532549E+003     0.1853687187E+009     0.1343849896E+015
   0.8512457542E+000     0.9999995013E+000     0.2826207898E+001     0.3042584591E+003     0.1898914125E+009     0.1380931407E+015
   0.8427683551E+000     0.9999995012E+000     0.2889055336E+001     0.3122179834E+003     0.1946209680E+009     0.1420176650E+015
   0.8343750205E+000     0.9999995012E+000     0.2953485216E+001     0.3206339066E+003     0.1995252163E+009     0.1461286979E+015
   0.8260649986E+000     0.9999995012E+000     0.3019509512E+001     0.3295140904E+003     0.2045731639E+009     0.1503972677E+015
   0.8178375560E+000     0.9999995012E+000     0.3087135460E+001     0.3389125028E+003     0.2097398451E+009     0.1547958440E+015
   0.8096919762E+000     0.9999995012E+000     0.3156365252E+001     0.3488864277E+003     0.2150009434E+009     0.1592976789E+015
   0.8016275585E+000     0.9999995012E+000     0.3227195599E+001     0.3594283450E+003     0.2203245222E+009     0.1638758152E+015
   0.7936436171E+000     0.9999995012E+000     0.3299618572E+001     0.3705853837E+003     0.2256855207E+009     0.1685046648E+015
   0.7857394787E+000     0.9999995012E+000     0.3373621437E+001     0.3824157791E+003     0.2310603840E+009     0.1731594310E+015
   0.7779144819E+000     0.9999995012E+000     0.3449186845E+001     0.3949892688E+003     0.2364269886E+009     0.1778160410E+015
   0.7701679753E+000     0.9999995012E+000     0.3526293075E+001     0.4083876064E+003     0.2417645199E+009     0.1824510056E+015
   0.7624993157E+000     0.9999995012E+000     0.3604914346E+001     0.4227051227E+003     0.2470532974E+009     0.1870412090E+015
   0.7549078670E+000     0.9999995012E+000     0.3685021194E+001     0.4380492799E+003     0.2522745476E+009     0.1915636347E+015
   0.7473929980E+000     0.9999995012E+000     0.3766580920E+001     0.4545411942E+003     0.2574101279E+009     0.1959950342E+015
   0.7399540810E+000     0.9999995012E+000     0.3849558110E+001     0.4723161095E+003     0.2624422050E+009     0.2003115429E+015
   0.7325904899E+000     0.9999995012E+000     0.3933915228E+001     0.4915238147E+003     0.2673528921E+009     0.2044882486E+015
   0.7253015988E+000     0.9999995012E+000     0.4019613277E+001     0.5123289966E+003     0.2721238507E+009     0.2084987164E+015
   0.7180867797E+000     0.9999995012E+000     0.4106616042E+001     0.5364340323E+003     0.2772557125E+009     0.2124792456E+015
   0.7109454013E+000     0.9999995012E+000     0.4194882199E+001     0.5632903244E+003     0.2824731106E+009     0.2163174661E+015
   0.7038768269E+000     0.9999995012E+000     0.4284372625E+001     0.5928964441E+003     0.2876813719E+009     0.2199562320E+015
   0.6968804131E+000     0.9999995012E+000     0.4375050867E+001     0.6255884341E+003     0.2928936304E+009     0.2233695742E+015
   0.6899555080E+000     0.9999995011E+000     0.4466883472E+001     0.6617366107E+003     0.2981267117E+009     0.2265293083E+015
   0.6831014498E+000     0.9999995011E+000     0.4559841061E+001     0.7017455213E+003     0.3034001889E+009     0.2294038407E+015
   0.6763175657E+000     0.9999995011E+000     0.4653899462E+001     0.7460539767E+003     0.3087354500E+009     0.2319568785E+015
   0.6696031705E+000     0.9999995011E+000     0.4749040873E+001     0.7951351313E+003     0.3141548050E+009     0.2341460962E+015
   0.6629575656E+000     0.9999995011E+000     0.4845255054E+001     0.8494965486E+003     0.3196806310E+009     0.2359217805E+015
   0.6563800389E+000     0.9999995011E+000     0.4942540501E+001     0.9096801828E+003     0.3253345479E+009     0.2372254675E+015
   0.6498698637E+000     0.9999995011E+000     0.5040905589E+001     0.9762622144E+003     0.3311366163E+009     0.2379885752E+015
   0.6434262993E+000     0.9999995011E+000     0.5140369623E+001     0.1049852684E+004     0.3371045505E+009     0.2381310398E+015
   0.6370485911E+000     0.9999995010E+000     0.5240963729E+001     0.1131094875E+004     0.3432529459E+009     0.2375599612E+015
   0.6307359712E+000     0.9999995010E+000     0.5342731509E+001     0.1220664398E+004     0.3495925207E+009     0.2361682678E+015
   0.6244724516E+000     0.9999995010E+000     0.5451278937E+001     0.1319499316E+004     0.3561293835E+009     0.2338334146E+015
   0.6182599347E+000     0.9999995010E+000     0.5566176367E+001     0.1428340282E+004     0.3628643029E+009     0.2304161281E+015
   0.6121091453E+000     0.9999995010E+000     0.5683445285E+001     0.1550203928E+004     0.3720960355E+009     0.2277992845E+015
   0.6060194701E+000     0.9999995009E+000     0.5803157993E+001     0.1714464210E+004     0.4113214142E+009     0.2503219436E+015
   0.5999903023E+000     0.9999995009E+000     0.5925344015E+001     0.1897422772E+004     0.4571939168E+009     0.2772514937E+015
   0.5940210411E+000     0.9999995009E+000     0.6050055817E+001     0.2100403090E+004     0.5101740252E+009     0.3088103159E+015
   0.5881110911E+000     0.9999995008E+000     0.6177349017E+001     0.2324864113E+004     0.5708454474E+009     0.3453320226E+015
   0.5822598622E+000     0.9999995008E+000     0.6307281767E+001     0.2572370965E+004     0.6398887767E+009     0.3872350013E+015
   0.5764667702E+000     0.9999995008E+000     0.6439913099E+001     0.2844572871E+004     0.7180637746E+009     0.4350048394E+015
   0.5707312371E+000     0.9999995007E+000     0.6575300676E+001     0.3143184830E+004     0.8061965790E+009     0.4891819905E+015
   0.5650526915E+000     0.9999995007E+000     0.6713498439E+001     0.3469971077E+004     0.9051697144E+009     0.5503525646E+015
   0.5594305699E+000     0.9999995006E+000     0.6854554617E+001     0.3826729194E+004     0.1015913620E+010     0.6191409527E+015
   0.5538643162E+000     0.9999995005E+000     0.6998510349E+001     0.4215274150E+004     0.1139398870E+010     0.6962034578E+015
   0.5483533824E+000     0.9999995005E+000     0.7145399010E+001     0.4637421763E+004     0.1276628534E+010     0.7822223769E+015
   0.5428972286E+000     0.9999995004E+000     0.7295246140E+001     0.5094971219E+004     0.1428630288E+010     0.8779001452E+015
   0.5374953225E+000     0.9999995003E+000     0.7448069796E+001     0.5589686359E+004     0.1596447983E+010     0.9839532654E+015
   0.5321471398E+000     0.9999995002E+000     0.7603881107E+001     0.6123275545E+004     0.1781132477E+010     0.1101105814E+016
   0.5268521634E+000     0.9999995000E+000     0.7762684844E+001     0.6697369953E+004     0.1983731553E+010     0.1230082378E+016
   0.5216098832E+000     0.9999994999E+000     0.7924479918E+001     0.7313500258E+004     0.2205278817E+010     0.1371600296E+016
   0.5164197962E+000     0.9999994997E+000     0.8089259769E+001     0.7973071733E+004     0.2446781475E+010     0.1526361124E+016
   0.5112814054E+000     0.9999994996E+000     0.8257012744E+001     0.8677337884E+004     0.2709206934E+010     0.1695041267E+016
   0.5061942203E+000     0.9999994994E+000     0.8427722557E+001     0.9427372821E+004     0.2993468158E+010     0.1878281704E+016
   0.5011577560E+000     0.9999994992E+000     0.8601369003E+001     0.1022404264E+005     0.3300407781E+010     0.2076676797E+016
   0.4961715330E+000     0.9999994989E+000     0.8777929047E+001     0.1106797620E+005     0.3630780931E+010     0.2290762156E+016
   0.4912350771E+000     0.9999994987E+000     0.8957378390E+001     0.1195953567E+005     0.3985236798E+010     0.2521001537E+016
   0.4863479189E+000     0.9999994984E+000     0.9139693576E+001     0.1289878742E+005     0.4364298950E+010     0.2767772793E+016
   0.4815095931E+000     0.9999994981E+000     0.9324854618E+001     0.1388547375E+005     0.4768344446E+010     0.3031352873E+016
   0.4767196388E+000     0.9999994978E+000     0.9512848067E+001     0.1491898598E+005     0.5197581816E+010     0.3311901913E+016
   0.4719775987E+000     0.9999994974E+000     0.9703670355E+001     0.1599833936E+005     0.5652028007E+010     0.3609446434E+016
   0.4672830186E+000     0.9999994970E+000     0.9897331110E+001     0.1712214996E+005     0.6131484430E+010     0.3923861738E+016
   0.4626354476E+000     0.9999994965E+000     0.1009385603E+002     0.1828861299E+005     0.6635512298E+010     0.4254853560E+016
   0.4580344371E+000     0.9999994961E+000     0.1029328866E+002     0.1949548133E+005     0.7163407514E+010     0.4601939110E+016
   0.4534795408E+000     0.9999994955E+000     0.1049569030E+002     0.2074004171E+005     0.7714175421E+010     0.4964427676E+016
   0.4489703144E+000     0.9999994950E+000     0.1070110133E+002     0.2201905233E+005     0.8286505836E+010     0.5341401010E+016
   0.4445063161E+000     0.9999994944E+000     0.1090935160E+002     0.2332837897E+005     0.8878748353E+010     0.5731693814E+016
   0.4400871046E+000     0.9999994938E+000     0.1112023994E+002     0.2466302948E+005     0.9488889485E+010     0.6133874727E+016
   0.4357122397E+000     0.9999994931E+000     0.1133384031E+002     0.2601814818E+005     0.1011453460E+011     0.6546228330E+016
   0.4313789194E+000     0.9999994924E+000     0.1155703288E+002     0.2738920917E+005     0.1075288994E+011     0.6966738732E+016
   0.4270869039E+000     0.9999994916E+000     0.1178960517E+002     0.2877040823E+005     0.1140074984E+011     0.7393075424E+016
   0.4228375925E+000     0.9999994908E+000     0.1202644063E+002     0.3015493979E+005     0.1205449032E+011     0.7822582533E+016
   0.4186305616E+000     0.9999994899E+000     0.1226761693E+002     0.3153613004E+005     0.1271006896E+011     0.8252272146E+016
   0.4144653906E+000     0.9999994890E+000     0.1251304694E+002     0.3290547286E+005     0.1336302550E+011     0.8678823124E+016
   0.4103416618E+000     0.9999994881E+000     0.1276281932E+002     0.3425521737E+005     0.1400851573E+011     0.9098586934E+016
   0.4062589603E+000     0.9999994871E+000     0.1301712697E+002     0.3557806328E+005     0.1464134236E+011     0.9507601663E+016
   0.4022168746E+000     0.9999994861E+000     0.1327618508E+002     0.3686677477E+005     0.1525600024E+011     0.9901615969E+016
   0.3982149969E+000     0.9999994850E+000     0.1354022113E+002     0.3811434533E+005     0.1584674248E+011     0.1027612524E+017
   0.3942529233E+000     0.9999994839E+000     0.1380946349E+002     0.3931416168E+005     0.1640766722E+011     0.1062642275E+017
   0.3903302542E+000     0.9999994828E+000     0.1408408628E+002     0.4045923277E+005     0.1693281201E+011     0.1094766877E+017
   0.3864465946E+000     0.9999994816E+000     0.1436408578E+002     0.4153984612E+005     0.1741624252E+011     0.1123498006E+017
   0.3826015544E+000     0.9999994804E+000     0.1464961104E+002     0.4255086568E+005     0.1785232719E+011     0.1148354308E+017
   0.3787947480E+000     0.9999994793E+000     0.1494080927E+002     0.4348903062E+005     0.1823588496E+011     0.1168874880E+017
   0.3750257948E+000     0.9999994781E+000     0.1523780054E+002     0.4435279392E+005     0.1856240756E+011     0.1184635864E+017
   0.3712943185E+000     0.9999994769E+000     0.1554068029E+002     0.4514266004E+005     0.1882832752E+011     0.1195270714E+017
   0.3675999477E+000     0.9999994757E+000     0.1584952424E+002     0.4586145645E+005     0.1903131988E+011     0.1200494592E+017
   0.3639423151E+000     0.9999994745E+000     0.1616431027E+002     0.4650933344E+005     0.1917037506E+011     0.1200131495E+017
   0.3603210577E+000     0.9999994734E+000     0.1648494904E+002     0.4708461395E+005     0.1924611724E+011     0.1194143975E+017
   0.3567358165E+000     0.9999994722E+000     0.1681152671E+002     0.4759759045E+005     0.1926176455E+011     0.1182665532E+017
   0.3531862237E+000     0.9999994712E+000     0.1714646340E+002     0.4806443180E+005     0.1922313891E+011     0.1166034000E+017
   0.3496719194E+000     0.9999994702E+000     0.1749151310E+002     0.4850440755E+005     0.1913904381E+011     0.1144830331E+017
   0.3461925737E+000     0.9999994692E+000     0.1784352621E+002     0.4893620603E+005     0.1902158561E+011     0.1119917429E+017
   0.3427478431E+000     0.9999994683E+000     0.1820258194E+002     0.4938446365E+005     0.1888625747E+011     0.1092470408E+017
   0.3393373879E+000     0.9999994676E+000     0.1856859248E+002     0.4985268148E+005     0.1874860546E+011     0.1063940210E+017
   0.3359608718E+000     0.9999994668E+000     0.1894151504E+002     0.5035666565E+005     0.1862816307E+011     0.1036077610E+017
   0.3326179625E+000     0.9999994662E+000     0.1932136756E+002     0.5092698366E+005     0.1854878587E+011     0.1010920899E+017
   0.3293083308E+000     0.9999994657E+000     0.1970816001E+002     0.5159600050E+005     0.1853679643E+011     0.9907620300E+016
   0.3260316514E+000     0.9999994653E+000     0.2010190600E+002     0.5239683798E+005     0.1862007699E+011     0.9780725818E+016
   0.3227876020E+000     0.9999994649E+000     0.2050263685E+002     0.5336146505E+005     0.1882631245E+011     0.9753492421E+016
   0.3195758639E+000     0.9999994647E+000     0.2091037382E+002     0.5449787912E+005     0.1917281535E+011     0.9845993146E+016
   0.3163961206E+000     0.9999994645E+000     0.2132643592E+002     0.5576051025E+005     0.1965184336E+011     0.1006609713E+017
   0.3132480590E+000     0.9999994644E+000     0.2175191425E+002     0.5716193683E+005     0.2027541401E+011     0.1042666823E+017
   0.3101313602E+000     0.9999994643E+000     0.2218669564E+002     0.5871146418E+005     0.2105604742E+011     0.1094020589E+017
   0.3070457293E+000     0.9999994643E+000     0.2262882270E+002     0.6041699965E+005     0.2200381130E+011     0.1161727712E+017
   0.3039908635E+000     0.9999994643E+000     0.2307815989E+002     0.6228394167E+005     0.2312538241E+011     0.1246554058E+017
   0.3009664628E+000     0.9999994643E+000     0.2353458370E+002     0.6423941513E+005     0.2434701062E+011     0.1341586587E+017
   0.2979722297E+000     0.9999994643E+000     0.2399791651E+002     0.6612307933E+005     0.2550227490E+011     0.1430881571E+017
   0.2950078692E+000     0.9999994643E+000     0.2446812952E+002     0.6794404846E+005     0.2659833633E+011     0.1514996464E+017
   0.2920727305E+000     0.9999994643E+000     0.2495341438E+002     0.6971768882E+005     0.2764630897E+011     0.1594890714E+017
   0.2891665746E+000     0.9999994643E+000     0.2545321450E+002     0.7145428033E+005     0.2865498946E+011     0.1671321517E+017
   0.2862893336E+000     0.9999994643E+000     0.2596281811E+002     0.7316085721E+005     0.2963146281E+011     0.1744896892E+017
   0.2834407196E+000     0.9999994643E+000     0.2648479889E+002     0.7486192328E+005     0.3058162234E+011     0.1816112801E+017
   0.2806204478E+000     0.9999994643E+000     0.2701724261E+002     0.7654645344E+005     0.3151017048E+011     0.1885379523E+017
   0.2778282360E+000     0.9999994643E+000     0.2756039202E+002     0.7821934207E+005     0.3242115477E+011     0.1953041186E+017
   0.2750638049E+000     0.9999994643E+000     0.2811449179E+002     0.7988464236E+005     0.3331802313E+011     0.2019390084E+017
   0.2723268778E+000     0.9999994643E+000     0.2867979041E+002     0.8154573604E+005     0.3420374960E+011     0.2084677546E+017
   0.2696171808E+000     0.9999994643E+000     0.2925654085E+002     0.8320546209E+005     0.3508093119E+011     0.2149122286E+017
   0.2669344426E+000     0.9999994643E+000     0.2984500047E+002     0.8486622109E+005     0.3595186362E+011     0.2212916919E+017
   0.2642783946E+000     0.9999994643E+000     0.3044543077E+002     0.8653007274E+005     0.3681860184E+011     0.2276233109E+017
   0.2616487709E+000     0.9999994643E+000     0.3105911942E+002     0.8822115959E+005     0.3768338303E+011     0.2339226257E+017
   0.2590453083E+000     0.9999994643E+000     0.3168663673E+002     0.8994516327E+005     0.3854785968E+011     0.2402037123E+017
   0.2564677460E+000     0.9999994643E+000     0.3232732170E+002     0.9168207181E+005     0.3941321779E+011     0.2464795738E+017
   0.2539158261E+000     0.9999994643E+000     0.3298146641E+002     0.9343247547E+005     0.4028089601E+011     0.2527624390E+017
   0.2513892932E+000     0.9999994643E+000     0.3364934220E+002     0.9519587022E+005     0.4115222321E+011     0.2590639012E+017
   0.2488878944E+000     0.9999994643E+000     0.3433119788E+002     0.9697068041E+005     0.4202844076E+011     0.2653951011E+017
   0.2464113796E+000     0.9999994643E+000     0.3502725931E+002     0.9875434786E+005     0.4291072606E+011     0.2717668949E+017
   0.2439595010E+000     0.9999994643E+000     0.3573885441E+002     0.1006128232E+006     0.4380348071E+011     0.2781913251E+017
   0.2415320134E+000     0.9999994643E+000     0.3646647270E+002     0.1025523565E+006     0.4470720982E+011     0.2846774896E+017
   0.2391286743E+000     0.9999994643E+000     0.3720949402E+002     0.1045151766E+006     0.4562006670E+011     0.2912345993E+017
   0.2367492436E+000     0.9999994643E+000     0.3796816040E+002     0.1064966612E+006     0.4654267637E+011     0.2978731157E+017
   0.2343934835E+000     0.9999994643E+000     0.3874268013E+002     0.1084885360E+006     0.4747528784E+011     0.3046035207E+017
   0.2320611590E+000     0.9999994643E+000     0.3953322822E+002     0.1104790541E+006     0.4841781607E+011     0.3114365262E+017
   0.2297520371E+000     0.9999994643E+000     0.4034001644E+002     0.1124653317E+006     0.4937153851E+011     0.3183853424E+017
   0.2274658833E+000     0.9999994643E+000     0.4117146024E+002     0.1148031890E+006     0.5037977205E+011     0.3254988295E+017
   0.2252024733E+000     0.9999994643E+000     0.4202079520E+002     0.1171716717E+006     0.5139616180E+011     0.3327124771E+017
   0.2229615817E+000     0.9999994643E+000     0.4288814980E+002     0.1195585129E+006     0.5241780537E+011     0.3400281474E+017
   0.2207429852E+000     0.9999994643E+000     0.4377367102E+002     0.1219413469E+006     0.5343851643E+011     0.3474387951E+017
   0.2185464628E+000     0.9999994643E+000     0.4467746015E+002     0.1242881770E+006     0.5444906595E+011     0.3549295296E+017
   0.2163717960E+000     0.9999994643E+000     0.4559957717E+002     0.1265592518E+006     0.5543785764E+011     0.3624801367E+017
   0.2142187685E+000     0.9999994643E+000     0.4654140390E+002     0.1293653330E+006     0.5662780257E+011     0.3707312686E+017
   0.2120871661E+000     0.9999994643E+000     0.4750264685E+002     0.1324495157E+006     0.5786234782E+011     0.3785679038E+017
   0.2099767769E+000     0.9999994643E+000     0.4848284841E+002     0.1355179592E+006     0.5900763074E+011     0.3853378097E+017
   0.2078873912E+000     0.9999994643E+000     0.4948235564E+002     0.1385139484E+006     0.6000821286E+011     0.3905604093E+017
   0.2058188011E+000     0.9999994643E+000     0.5050542360E+002     0.1413813528E+006     0.6078257482E+011     0.3935246808E+017
   0.2037708017E+000     0.9999994643E+000     0.5154771718E+002     0.1439791384E+006     0.6122615219E+011     0.3933199674E+017
   0.2017431897E+000     0.9999994641E+000     0.5261058026E+002     0.1483213085E+006     0.6358349364E+011     0.4128045133E+017
   0.1997357639E+000     0.9999994636E+000     0.5369259989E+002     0.1525306262E+006     0.6577774187E+011     0.4307690710E+017
   0.1977483251E+000     0.9999994629E+000     0.5479367220E+002     0.1565693216E+006     0.6776271735E+011     0.4467048788E+017
   0.1957806762E+000     0.9999994619E+000     0.5591370876E+002     0.1604484784E+006     0.6954558197E+011     0.4606427774E+017
   0.1938326222E+000     0.9999994606E+000     0.5705260888E+002     0.1641840743E+006     0.7113853885E+011     0.4726642191E+017
   0.1919039697E+000     0.9999994591E+000     0.5821026363E+002     0.1677962085E+006     0.7255812157E+011     0.4828950014E+017
   0.1899945274E+000     0.9999994573E+000     0.5938656086E+002     0.1713083134E+006     0.7382445316E+011     0.4914985967E+017
   0.1881041060E+000     0.9999994554E+000     0.6058139167E+002     0.1747463728E+006     0.7496049500E+011     0.4986692678E+017
   0.1862325179E+000     0.9999994534E+000     0.6179465829E+002     0.1781381646E+006     0.7599130337E+011     0.5046251499E+017
   0.1843795772E+000     0.9999994512E+000     0.6302628401E+002     0.1815125475E+006     0.7694330939E+011     0.5096014538E+017
   0.1825451000E+000     0.9999994490E+000     0.6427622518E+002     0.1848988048E+006     0.7784363563E+011     0.5138439287E+017
   0.1807289038E+000     0.9999994467E+000     0.6554448593E+002     0.1883260612E+006     0.7871946002E+011     0.5176026968E+017
   0.1789308081E+000     0.9999994444E+000     0.6683113598E+002     0.1918227813E+006     0.7959743515E+011     0.5211265484E+017
   0.1771506338E+000     0.9999994421E+000     0.6813633193E+002     0.1954163621E+006     0.8050316873E+011     0.5246577640E+017
   0.1753881156E+000     0.9999994398E+000     0.6947623601E+002     0.1991475043E+006     0.8146077955E+011     0.5284275063E+017
   0.1736429563E+000     0.9999994375E+000     0.7087502306E+002     0.2030644645E+006     0.8249250849E+011     0.5326518091E+017
   0.1719151615E+000     0.9999994353E+000     0.7230173744E+002     0.2071622671E+006     0.8361834626E+011     0.5375281584E+017
   0.1702045583E+000     0.9999994332E+000     0.7375845821E+002     0.2114875865E+006     0.8485625117E+011     0.5432327382E+017
   0.1685109756E+000     0.9999994311E+000     0.7524635331E+002     0.2160659817E+006     0.8622123229E+011     0.5499181381E+017
   0.1668342442E+000     0.9999994292E+000     0.7676686789E+002     0.2209261532E+006     0.8772559566E+011     0.5577117946E+017
   0.1651741962E+000     0.9999994273E+000     0.7831945095E+002     0.2260709012E+006     0.8937922816E+011     0.5667152204E+017
   0.1635306657E+000     0.9999994255E+000     0.7990291691E+002     0.2314508140E+006     0.9118648615E+011     0.5770013393E+017
   0.1619034881E+000     0.9999994238E+000     0.8151739710E+002     0.2370372174E+006     0.9314849921E+011     0.5886126668E+017
   0.1602925007E+000     0.9999994222E+000     0.8316357352E+002     0.2428327345E+006     0.9526438318E+011     0.6015586707E+017
   0.1586975422E+000     0.9999994206E+000     0.8484220927E+002     0.2488425372E+006     0.9752986388E+011     0.6158137121E+017
   0.1571184530E+000     0.9999994191E+000     0.8655464460E+002     0.2551040009E+006     0.9993892848E+011     0.6313184754E+017
   0.1555550750E+000     0.9999994176E+000     0.8830095823E+002     0.2615712801E+006     0.1024784733E+012     0.6479802758E+017
   0.1540072518E+000     0.9999994161E+000     0.9008188681E+002     0.2682303337E+006     0.1051338861E+012     0.6656761356E+017
   0.1524748285E+000     0.9999994146E+000     0.9189830431E+002     0.2750654925E+006     0.1078877314E+012     0.6842541476E+017
   0.1509576517E+000     0.9999994131E+000     0.9375124501E+002     0.2820600024E+006     0.1107201267E+012     0.7035363777E+017
   0.1494555695E+000     0.9999994115E+000     0.9564190221E+002     0.2891964896E+006     0.1136092172E+012     0.7233227956E+017
   0.1479684316E+000     0.9999994098E+000     0.9757159979E+002     0.2964573157E+006     0.1165317301E+012     0.7433960763E+017
   0.1464960894E+000     0.9999994080E+000     0.9954173943E+002     0.3038248240E+006     0.1194635902E+012     0.7635270940E+017
   0.1450383945E+000     0.9999994060E+000     0.1015640000E+003     0.3113532063E+006     0.1223809255E+012     0.7834809265E+017
   0.1435952022E+000     0.9999994039E+000     0.1036287024E+003     0.3189405392E+006     0.1252594860E+012     0.8030230969E+017
   0.1421663683E+000     0.9999994016E+000     0.1057375167E+003     0.3265964729E+006     0.1280773333E+012     0.8219261794E+017
   0.1407517500E+000     0.9999993991E+000     0.1078952583E+003     0.3343969604E+006     0.1308155765E+012     0.8399764092E+017
   0.1393512060E+000     0.9999993963E+000     0.1100982000E+003     0.3422318649E+006     0.1334546335E+012     0.8569800164E+017
   0.1379645965E+000     0.9999993934E+000     0.1123469933E+003     0.3500914976E+006     0.1359795646E+012     0.8727692854E+017
   0.1365917830E+000     0.9999993902E+000     0.1146422595E+003     0.3579696085E+006     0.1383785955E+012     0.8872047172E+017
   0.1352326286E+000     0.9999993867E+000     0.1169845906E+003     0.3658634297E+006     0.1406431759E+012     0.9001760527E+017
   0.1338869976E+000     0.9999993831E+000     0.1193745492E+003     0.3737736859E+006     0.1427679883E+012     0.9116024931E+017
   0.1325547557E+000     0.9999993791E+000     0.1218126691E+003     0.3817046292E+006     0.1447509699E+012     0.9214328279E+017
   0.1312357702E+000     0.9999993750E+000     0.1242994556E+003     0.3896641399E+006     0.1465933915E+012     0.9296459659E+017
   0.1299299084E+000     0.9999993706E+000     0.1268476156E+003     0.3977523459E+006     0.1483005225E+012     0.9362522033E+017
   0.1286370408E+000     0.9999993661E+000     0.1294488485E+003     0.4059226211E+006     0.1498805288E+012     0.9412952613E+017
   0.1273570389E+000     0.9999993613E+000     0.1321017605E+003     0.4141822528E+006     0.1513459216E+012     0.9448553397E+017
   0.1260897751E+000     0.9999993565E+000     0.1348065035E+003     0.4225545702E+006     0.1527137155E+012     0.9470527103E+017
   0.1248351232E+000     0.9999993514E+000     0.1375631829E+003     0.4310678338E+006     0.1540057379E+012     0.9480515453E+017
   0.1235929582E+000     0.9999993463E+000     0.1403718633E+003     0.4397555594E+006     0.1552489777E+012     0.9480636664E+017
   0.1223631563E+000     0.9999993411E+000     0.1432325739E+003     0.4486567696E+006     0.1564758758E+012     0.9473519122E+017
   0.1211455953E+000     0.9999993359E+000     0.1461453147E+003     0.4578161530E+006     0.1577245337E+012     0.9462328583E+017
   0.1199401537E+000     0.9999993307E+000     0.1491100640E+003     0.4672841088E+006     0.1590388155E+012     0.9450786565E+017
   0.1187467117E+000     0.9999993256E+000     0.1521267870E+003     0.4771166610E+006     0.1604683239E+012     0.9443177840E+017
   0.1175651504E+000     0.9999993206E+000     0.1552010300E+003     0.4882589855E+006     0.1621785531E+012     0.9445678079E+017
   0.1163953523E+000     0.9999993158E+000     0.1583289219E+003     0.5002433445E+006     0.1641875678E+012     0.9464036497E+017
   0.1152372007E+000     0.9999993112E+000     0.1615118950E+003     0.5140417865E+006     0.1669369575E+012     0.9517733226E+017
   0.1140905805E+000     0.9999993069E+000     0.1647540747E+003     0.5287357635E+006     0.1700134809E+012     0.9596236864E+017
   0.1129553773E+000     0.9999993029E+000     0.1680466903E+003     0.5438581601E+006     0.1734309547E+012     0.9703322078E+017
   0.1118314782E+000     0.9999992992E+000     0.1713895079E+003     0.5594042562E+006     0.1772232103E+012     0.9842907167E+017
   0.1107187711E+000     0.9999992959E+000     0.1747824080E+003     0.5753715394E+006     0.1814255536E+012     0.1001904066E+018
   0.1096171451E+000     0.9999992929E+000     0.1782254398E+003     0.5917656043E+006     0.1860765181E+012     0.1023598251E+018
   0.1085264903E+000     0.9999992904E+000     0.1817188956E+003     0.6086097537E+006     0.1912206371E+012     0.1049831760E+018
   0.1074466979E+000     0.9999992884E+000     0.1852634097E+003     0.6259603137E+006     0.1969127715E+012     0.1081111720E+018
   0.1063776185E+000     0.9999992868E+000     0.1889198649E+003     0.6440855876E+006     0.2032250982E+012     0.1118016944E+018
   0.1053191262E+000     0.9999992857E+000     0.1927214410E+003     0.6632823795E+006     0.2102567339E+012     0.1161230253E+018
   0.1042711663E+000     0.9999992852E+000     0.1965984047E+003     0.6837188326E+006     0.2181474485E+012     0.1211581047E+018
   0.1032336340E+000     0.9999992852E+000     0.2005574003E+003     0.7101127417E+006     0.2314111571E+012     0.1311554002E+018
   0.1022064257E+000     0.9999992852E+000     0.2046011641E+003     0.7408107128E+006     0.2478695621E+012     0.1439750405E+018
   0.1011894385E+000     0.9999992852E+000     0.2087331431E+003     0.7734324916E+006     0.2642814651E+012     0.1563309146E+018
   0.1001825707E+000     0.9999992852E+000     0.2129563270E+003     0.8071632446E+006     0.2800461422E+012     0.1678119764E+018
   0.9918572171E-001     0.9999992852E+000     0.2172714107E+003     0.8406415373E+006     0.2947129727E+012     0.1783562597E+018
   0.9819879167E-001     0.9999992852E+000     0.2216687325E+003     0.8727355119E+006     0.3083750914E+012     0.1881683692E+018
   0.9722168186E-001     0.9999992852E+000     0.2261456018E+003     0.9033644410E+006     0.3212430624E+012     0.1974291826E+018
   0.9625429448E-001     0.9999992852E+000     0.2307064682E+003     0.9329832405E+006     0.3335224433E+012     0.2062799585E+018
   0.9529653271E-001     0.9999992851E+000     0.2353553186E+003     0.9619245127E+006     0.3453688332E+012     0.2148299038E+018
   0.9434830068E-001     0.9999992851E+000     0.2400958939E+003     0.9904467201E+006     0.3569049749E+012     0.2231667085E+018
   0.9340950349E-001     0.9999992851E+000     0.2449316926E+003     0.1018756410E+007     0.3682314414E+012     0.2313635509E+018
   0.9248004719E-001     0.9999992851E+000     0.2498659692E+003     0.1047023106E+007     0.3794339738E+012     0.2394840371E+018
   0.9155983877E-001     0.9999992851E+000     0.2549017174E+003     0.1075388883E+007     0.3905888013E+012     0.2475859182E+018
   0.9064878618E-001     0.9999992851E+000     0.2600416493E+003     0.1103974861E+007     0.4017668125E+012     0.2557241308E+018
   0.8974679828E-001     0.9999992851E+000     0.2652885354E+003     0.1133397050E+007     0.4136028500E+012     0.2645284980E+018
   0.8885378485E-001     0.9999992847E+000     0.2706461544E+003     0.1166328718E+007     0.4291140890E+012     0.2771073876E+018
   0.8796965659E-001     0.9999992837E+000     0.2761137090E+003     0.1199317241E+007     0.4445428821E+012     0.2896808715E+018
   0.8709432510E-001     0.9999992820E+000     0.2816990662E+003     0.1232700325E+007     0.4598686393E+012     0.3022094832E+018
   0.8622770286E-001     0.9999992796E+000     0.2874171105E+003     0.1267133793E+007     0.4750740914E+012     0.3146549238E+018
   0.8536970327E-001     0.9999992765E+000     0.2932539509E+003     0.1301627305E+007     0.4900767343E+012     0.3269799012E+018
   0.8452024057E-001     0.9999992726E+000     0.2992112742E+003     0.1336154674E+007     0.5048461938E+012     0.3391525793E+018
   0.8367922989E-001     0.9999992679E+000     0.3052904732E+003     0.1370663715E+007     0.5193523189E+012     0.3511436560E+018
   0.8284658719E-001     0.9999992624E+000     0.3114961113E+003     0.1406842038E+007     0.5342736244E+012     0.3632009324E+018
   0.8202222931E-001     0.9999992560E+000     0.3178453250E+003     0.1446662028E+007     0.5495732489E+012     0.3752242352E+018
   0.8120607389E-001     0.9999992486E+000     0.3243246994E+003     0.1486757376E+007     0.5644727435E+012     0.3869243153E+018
   0.8039803878E-001     0.9999992398E+000     0.3309908448E+003     0.1528079189E+007     0.5788085983E+012     0.3981335958E+018
   0.7959804389E-001     0.9999992297E+000     0.3377949309E+003     0.1569451040E+007     0.5923733428E+012     0.4086682533E+018
   0.7880600935E-001     0.9999992179E+000     0.3447377004E+003     0.1610696834E+007     0.6049747291E+012     0.4183389085E+018
   0.7802185608E-001     0.9999992044E+000     0.3518197677E+003     0.1651652382E+007     0.6164290138E+012     0.4269592422E+018
   0.7724550582E-001     0.9999991891E+000     0.3590416309E+003     0.1692173239E+007     0.6265688428E+012     0.4343539070E+018
   0.7647688109E-001     0.9999991719E+000     0.3664036838E+003     0.1732141384E+007     0.6352500982E+012     0.4403654802E+018
   0.7571590519E-001     0.9999991526E+000     0.3739062251E+003     0.1771470814E+007     0.6423577516E+012     0.4448605036E+018
   0.7496250215E-001     0.9999991314E+000     0.3815724033E+003     0.1811410025E+007     0.6478686933E+012     0.4477371551E+018
   0.7421659680E-001     0.9999991083E+000     0.3894006975E+003     0.1851872974E+007     0.6517386383E+012     0.4489255637E+018
   0.7347811476E-001     0.9999990832E+000     0.3973729597E+003     0.1891866440E+007     0.6539204379E+012     0.4483913491E+018
   0.7274698236E-001     0.9999990565E+000     0.4054887514E+003     0.1931438410E+007     0.6544500733E+012     0.4461386207E+018
   0.7202312665E-001     0.9999990281E+000     0.4137475410E+003     0.1970671896E+007     0.6534013485E+012     0.4422074604E+018
   0.7130647544E-001     0.9999989982E+000     0.4221487239E+003     0.2009683649E+007     0.6508848420E+012     0.4366731696E+018
   0.7059695722E-001     0.9999989672E+000     0.4306916474E+003     0.2048622846E+007     0.6470467522E+012     0.4296454483E+018
   0.6989450123E-001     0.9999989352E+000     0.4393756415E+003     0.2087669750E+007     0.6420675713E+012     0.4212674363E+018
   0.6919903737E-001     0.9999989025E+000     0.4482000576E+003     0.2127034344E+007     0.6361605287E+012     0.4117145552E+018
   0.6851049626E-001     0.9999988695E+000     0.4571643151E+003     0.2166954961E+007     0.6295697586E+012     0.4011930979E+018
   0.6782880920E-001     0.9999988363E+000     0.4662679590E+003     0.2207696945E+007     0.6225681597E+012     0.3899385255E+018
   0.6715390814E-001     0.9999988034E+000     0.4755107277E+003     0.2249551432E+007     0.6154549248E+012     0.3782134416E+018
   0.6648570392E-001     0.9999987710E+000     0.4851570021E+003     0.2296460581E+007     0.6087815400E+012     0.3663321637E+018
   0.6582414837E-001     0.9999987396E+000     0.4950033833E+003     0.2346843847E+007     0.6028178162E+012     0.3546000729E+018
   0.6516917557E-001     0.9999987094E+000     0.5050475153E+003     0.2405184346E+007     0.6031809799E+012     0.3483020749E+018
   0.6452072001E-001     0.9999986805E+000     0.5152937648E+003     0.2471174843E+007     0.6096495419E+012     0.3473588967E+018
   0.6387871683E-001     0.9999986530E+000     0.5257417649E+003     0.2538032475E+007     0.6154676314E+012     0.3456084557E+018
   0.6324310183E-001     0.9999986273E+000     0.5363970511E+003     0.2605927416E+007     0.6206560400E+012     0.3430378552E+018
   0.6261381142E-001     0.9999986036E+000     0.5472656211E+003     0.2675202904E+007     0.6253756716E+012     0.3397609590E+018
   0.6199078265E-001     0.9999985823E+000     0.5583539652E+003     0.2746425291E+007     0.6299801626E+012     0.3360690750E+018
   0.6137395322E-001     0.9999985636E+000     0.5696690954E+003     0.2820451266E+007     0.6350899485E+012     0.3325036546E+018
   0.6076326142E-001     0.9999985480E+000     0.5812185666E+003     0.2898514681E+007     0.6416922751E+012     0.3299562774E+018
   0.6015864617E-001     0.9999985356E+000     0.5930104873E+003     0.2982332530E+007     0.6512692203E+012     0.3297992817E+018
   0.5956004699E-001     0.9999985266E+000     0.6050535065E+003     0.3074220861E+007     0.6659470189E+012     0.3340423797E+018
   0.5896740399E-001     0.9999985208E+000     0.6173567549E+003     0.3177191180E+007     0.6886385944E+012     0.3454901235E+018
   0.5838065790E-001     0.9999985180E+000     0.6299296907E+003     0.3294959359E+007     0.7231091184E+012     0.3678336518E+018
   0.5779975003E-001     0.9999985173E+000     0.6427817718E+003     0.3431741460E+007     0.7738290883E+012     0.4055439482E+018
   0.5722462227E-001     0.9999985173E+000     0.6559282306E+003     0.3590949923E+007     0.8413207181E+012     0.4582976200E+018
   0.5665521709E-001     0.9999985172E+000     0.6693564507E+003     0.3751069411E+007     0.9044400798E+012     0.5063372743E+018
   0.5609147754E-001     0.9999985172E+000     0.6830588383E+003     0.3905881650E+007     0.9608827975E+012     0.5487757938E+018
   0.5553334724E-001     0.9999985172E+000     0.6970428284E+003     0.4057317288E+007     0.1012409675E+013     0.5871392634E+018
   0.5498077037E-001     0.9999985171E+000     0.7113143165E+003     0.4206553668E+007     0.1060211893E+013     0.6224657004E+018
   0.5443369166E-001     0.9999985171E+000     0.7258815583E+003     0.4354842477E+007     0.1105196205E+013     0.6555009450E+018
   0.5389205640E-001     0.9999985170E+000     0.7407527608E+003     0.4503197682E+007     0.1148035936E+013     0.6867928915E+018
   0.5335581043E-001     0.9999985169E+000     0.7559355658E+003     0.4652400985E+007     0.1189239758E+013     0.7167568051E+018
   0.5282490013E-001     0.9999985168E+000     0.7714595664E+003     0.4806687645E+007     0.1229636275E+013     0.7457570632E+018
   0.5229927240E-001     0.9999985168E+000     0.7873333186E+003     0.4966180922E+007     0.1269229084E+013     0.7739289229E+018
   0.5177887471E-001     0.9999985167E+000     0.8035467254E+003     0.5128450011E+007     0.1307852133E+013     0.8014201418E+018
   0.5126365501E-001     0.9999985165E+000     0.8201191547E+003     0.5299954782E+007     0.1347662475E+013     0.8287283272E+018
   0.5075356181E-001     0.9999985164E+000     0.8370521692E+003     0.5477604461E+007     0.1386075438E+013     0.8536382394E+018
   0.5024854411E-001     0.9999985163E+000     0.8543447175E+003     0.5658184742E+007     0.1421533483E+013     0.8753290906E+018
   0.4974855145E-001     0.9999985162E+000     0.8720012879E+003     0.5841275865E+007     0.1453449433E+013     0.8932355944E+018
