   0.9900498337E+000     0.1000000000E+001     0.2040402680E+001     0.6307002087E+001     0.2624731260E+002     0.1378325956E+003
   0.9801986733E+000     0.1000000000E+001     0.2081621548E+001     0.6628425533E+001     0.2867800164E+002     0.1578843797E+003
   0.9704455335E+000     0.1000000000E+001     0.2123673093E+001     0.6964916517E+001     0.3130589889E+002     0.1804045045E+003
   0.9607894392E+000     0.1000000000E+001     0.2166574135E+001     0.7317149342E+001     0.3414582796E+002     0.2056682684E+003
   0.9512294245E+000     0.1000000000E+001     0.2210341836E+001     0.7685827642E+001     0.3721367310E+002     0.2339797318E+003
   0.9417645336E+000     0.1000000000E+001     0.2254993703E+001     0.8071685625E+001     0.4052645245E+002     0.2656745863E+003
   0.9323938199E+000     0.1000000000E+001     0.2300547598E+001     0.8475489388E+001     0.4410239634E+002     0.3011233004E+003
   0.9231163464E+000     0.1000000000E+001     0.2347021742E+001     0.8898038270E+001     0.4796103089E+002     0.3407345671E+003
   0.9139311853E+000     0.1000000000E+001     0.2394434726E+001     0.9340166270E+001     0.5212326715E+002     0.3849590830E+003
   0.9048374180E+000     0.1000000000E+001     0.2442805516E+001     0.9802743526E+001     0.5661149631E+002     0.4342936890E+003
   0.8958341353E+000     0.1000000000E+001     0.2492153461E+001     0.1028667785E+002     0.6144969123E+002     0.4892859063E+003
   0.8869204367E+000     0.1000000000E+001     0.2542498301E+001     0.1079291634E+002     0.6666351488E+002     0.5505389053E+003
   0.8780954309E+000     0.1000000000E+001     0.2593860173E+001     0.1132244703E+002     0.7228043597E+002     0.6187169472E+003
   0.8693582354E+000     0.1000000000E+001     0.2646259625E+001     0.1187630067E+002     0.7832985232E+002     0.6945513419E+003
   0.8607079764E+000     0.1000000000E+001     0.2699717615E+001     0.1245555249E+002     0.8484322255E+002     0.7788469707E+003
   0.8521437890E+000     0.1000000000E+001     0.2754255529E+001     0.1306132414E+002     0.9185420649E+002     0.8724894265E+003
   0.8436648166E+000     0.1000000000E+001     0.2809895181E+001     0.1369478562E+002     0.9939881502E+002     0.9764528273E+003
   0.8352702114E+000     0.1000000000E+001     0.2866658829E+001     0.1435715735E+002     0.1075155698E+003     0.1091808366E+004
   0.8269591339E+000     0.1000000000E+001     0.2924569179E+001     0.1504971234E+002     0.1162456740E+003     0.1219733666E+004
   0.8187307531E+000     0.1000000000E+001     0.2983649395E+001     0.1577377834E+002     0.1256331936E+003     0.1361523014E+004
   0.8105842460E+000     0.1000000000E+001     0.3043923111E+001     0.1653074025E+002     0.1357252518E+003     0.1518598548E+004
   0.8025187980E+000     0.1000000000E+001     0.3105414437E+001     0.1732204247E+002     0.1465722354E+003     0.1692522504E+004
   0.7945336025E+000     0.1000000000E+001     0.3168147970E+001     0.1814919148E+002     0.1582280155E+003     0.1885010593E+004
   0.7866278611E+000     0.1000000000E+001     0.3232148804E+001     0.1901375842E+002     0.1707501827E+003     0.2097946633E+004
   0.7788007831E+000     0.1000000000E+001     0.3297442541E+001     0.1991738184E+002     0.1842002974E+003     0.2333398544E+004
   0.7710515858E+000     0.1000000000E+001     0.3364055299E+001     0.2086177058E+002     0.1986441576E+003     0.2593635827E+004
   0.7633794943E+000     0.1000000000E+001     0.3432013724E+001     0.2184870669E+002     0.2141520835E+003     0.2881148668E+004
   0.7557837415E+000     0.1000000000E+001     0.3501345001E+001     0.2288004858E+002     0.2307992214E+003     0.3198668811E+004
   0.7482635676E+000     0.1000000000E+001     0.3572076862E+001     0.2395773419E+002     0.2486658675E+003     0.3549192365E+004
   0.7408182207E+000     0.1000000000E+001     0.3644237601E+001     0.2508378441E+002     0.2678378134E+003     0.3936004713E+004
   0.7334469562E+000     0.1000000000E+001     0.3717856084E+001     0.2626030651E+002     0.2884067138E+003     0.4362707731E+004
   0.7261490371E+000     0.1000000000E+001     0.3792961759E+001     0.2748949787E+002     0.3104704788E+003     0.4833249502E+004
   0.7189237334E+000     0.1000000000E+001     0.3869584669E+001     0.2877364969E+002     0.3341336920E+003     0.5351956775E+004
   0.7117703228E+000     0.1000000000E+001     0.3947755464E+001     0.3011515104E+002     0.3595080561E+003     0.5923570402E+004
   0.7046880897E+000     0.1000000000E+001     0.4027505415E+001     0.3151649289E+002     0.3867128676E+003     0.6553284027E+004
   0.6976763261E+000     0.1000000000E+001     0.4108866421E+001     0.3298027250E+002     0.4158755229E+003     0.7246786325E+004
   0.6907343306E+000     0.1000000000E+001     0.4191871029E+001     0.3450919780E+002     0.4471320575E+003     0.8010307102E+004
   0.6838614092E+000     0.1000000000E+001     0.4276552441E+001     0.3610609215E+002     0.4806277208E+003     0.8850667616E+004
   0.6770568745E+000     0.1000000000E+001     0.4362944531E+001     0.3777389911E+002     0.5165175877E+003     0.9775335488E+004
   0.6703200460E+000     0.1000000000E+001     0.4451081857E+001     0.3951568756E+002     0.5549672120E+003     0.1079248463E+005
   0.6636502501E+000     0.1000000000E+001     0.4540999675E+001     0.4133465693E+002     0.5961533203E+003     0.1191106060E+005
   0.6570468198E+000     0.1000000000E+001     0.4632733954E+001     0.4323414273E+002     0.6402645534E+003     0.1314085198E+005
   0.6505090947E+000     0.1000000000E+001     0.4726321387E+001     0.4521762224E+002     0.6875022546E+003     0.1449256812E+005
   0.6440364211E+000     0.1000000000E+001     0.4821799413E+001     0.4728872047E+002     0.7380813105E+003     0.1597792406E+005
   0.6376281516E+000     0.1000000000E+001     0.4919206222E+001     0.4945121639E+002     0.7922310458E+003     0.1760973308E+005
   0.6312836455E+000     0.1000000000E+001     0.5018580780E+001     0.5170904937E+002     0.8501961775E+003     0.1940200767E+005
   0.6250022683E+000     0.1000000000E+001     0.5119962837E+001     0.5406632592E+002     0.9122378304E+003     0.2137006959E+005
   0.6187833918E+000     0.1000000000E+001     0.5223392947E+001     0.5652732673E+002     0.9786346191E+003     0.2353066991E+005
   0.6126263942E+000     0.1000000000E+001     0.5328912484E+001     0.5909651394E+002     0.1049683801E+004     0.2590211991E+005
   0.6065306597E+000     0.1000000000E+001     0.5436563657E+001     0.6177853877E+002     0.1125702502E+004     0.2850443372E+005
   0.6004955788E+000     0.1000000000E+001     0.5546389528E+001     0.6457824945E+002     0.1207029026E+004     0.3135948389E+005
   0.5945205480E+000     0.1000000000E+001     0.5658434029E+001     0.6750069950E+002     0.1294024247E+004     0.3449117087E+005
   0.5886049697E+000     0.1000000000E+001     0.5772741979E+001     0.7055115628E+002     0.1387073089E+004     0.3792560784E+005
   0.5827482524E+000     0.1000000000E+001     0.5889359102E+001     0.7373511000E+002     0.1486586107E+004     0.4169132204E+005
   0.5769498104E+000     0.1000000000E+001     0.6008332048E+001     0.7705828303E+002     0.1593001168E+004     0.4581947422E+005
   0.5712090638E+000     0.1000000000E+001     0.6129708407E+001     0.8052663962E+002     0.1706785244E+004     0.5034409779E+005
   0.5655254387E+000     0.1000000000E+001     0.6253536730E+001     0.8414639605E+002     0.1828436311E+004     0.5530235932E+005
   0.5598983666E+000     0.1000000000E+001     0.6379866552E+001     0.8792403114E+002     0.1958485388E+004     0.6073484242E+005
   0.5543272847E+000     0.1000000000E+001     0.6508748406E+001     0.9186629726E+002     0.2097498690E+004     0.6668585697E+005
   0.5488116361E+000     0.1000000000E+001     0.6640233845E+001     0.9598023178E+002     0.2246079936E+004     0.7320377598E+005
   0.5433508691E+000     0.1000000000E+001     0.6774375467E+001     0.1002731690E+003     0.2404872792E+004     0.8034140254E+005
   0.5379444376E+000     0.1000000000E+001     0.6911226930E+001     0.1047527524E+003     0.2574563485E+004     0.8815636946E+005
   0.5325918010E+000     0.1000000000E+001     0.7050842975E+001     0.1094269479E+003     0.2755883578E+004     0.9671157454E+005
   0.5272924240E+000     0.1000000000E+001     0.7193279451E+001     0.1143040570E+003     0.2949612925E+004     0.1060756546E+006
   0.5220457768E+000     0.1000000000E+001     0.7338593335E+001     0.1193927309E+003     0.3156582815E+004     0.1163235016E+006
   0.5168513345E+000     0.1000000000E+001     0.7486842755E+001     0.1247019854E+003     0.3377679330E+004     0.1275368250E+006
   0.5117085778E+000     0.1000000000E+001     0.7638087011E+001     0.1302412155E+003     0.3613846901E+004     0.1398047632E+006
   0.5066169924E+000     0.1000000000E+001     0.7792386604E+001     0.1360202117E+003     0.3866092110E+004     0.1532245504E+006
   0.5015760691E+000     0.1000000000E+001     0.7949803255E+001     0.1420491767E+003     0.4135487728E+004     0.1679022417E+006
   0.4965853038E+000     0.1000000000E+001     0.8110399934E+001     0.1483387418E+003     0.4423177012E+004     0.1839535030E+006
   0.4916441975E+000     0.1000000000E+001     0.8274240881E+001     0.1548999856E+003     0.4730378289E+004     0.2015044701E+006
   0.4867522560E+000     0.1000000000E+001     0.8441391634E+001     0.1617444522E+003     0.5058389818E+004     0.2206926851E+006
   0.4819089901E+000     0.1000000000E+001     0.8611919057E+001     0.1688841708E+003     0.5408594982E+004     0.2416681142E+006
   0.4771139155E+000     0.1000000000E+001     0.8785891362E+001     0.1763316759E+003     0.5782467800E+004     0.2645942561E+006
   0.4723665527E+000     0.1000000000E+001     0.8963378141E+001     0.1841000281E+003     0.6181578802E+004     0.2896493485E+006
   0.4676664270E+000     0.1000000000E+001     0.9144450390E+001     0.1922028364E+003     0.6607601278E+004     0.3170276806E+006
   0.4630130683E+000     0.1000000000E+001     0.9329180542E+001     0.2006542808E+003     0.7062317925E+004     0.3469410212E+006
   0.4584060113E+000     0.1000000000E+001     0.9517642490E+001     0.2094691363E+003     0.7547627927E+004     0.3796201735E+006
   0.4538447953E+000     0.1000000000E+001     0.9709911622E+001     0.2186627974E+003     0.8065554484E+004     0.4153166653E+006
   0.4493289641E+000     0.1000000000E+001     0.9906064849E+001     0.2282513041E+003     0.8618252823E+004     0.4543045898E+006
   0.4448580662E+000     0.1000000000E+001     0.1010618063E+002     0.2382513685E+003     0.9208018729E+004     0.4968826065E+006
   0.4404316545E+000     0.1000000000E+001     0.1031033902E+002     0.2486804032E+003     0.9837297615E+004     0.5433761190E+006
   0.4360492863E+000     0.1000000000E+001     0.1051862169E+002     0.2595565500E+003     0.1050869418E+005     0.5941396437E+006
   0.4317105234E+000     0.1000000000E+001     0.1073111194E+002     0.2708987106E+003     0.1122498266E+005     0.6495593867E+006
   0.4274149319E+000     0.1000000000E+001     0.1094789478E+002     0.2827265779E+003     0.1198911780E+005     0.7100560459E+006
   0.4231620823E+000     0.1000000000E+001     0.1116905693E+002     0.2950606691E+003     0.1280424642E+005     0.7760878600E+006
   0.4189515492E+000     0.1000000000E+001     0.1139468685E+002     0.3079223598E+003     0.1367371987E+005     0.8481539233E+006
   0.4147829117E+000     0.1000000000E+001     0.1162487479E+002     0.3213339199E+003     0.1460110709E+005     0.9267977917E+006
   0.4106557528E+000     0.1000000000E+001     0.1185971284E+002     0.3353185506E+003     0.1559020869E+005     0.1012611404E+007
   0.4065696597E+000     0.1000000000E+001     0.1209929493E+002     0.3499004230E+003     0.1664507182E+005     0.1106239344E+007
   0.4025242240E+000     0.1000000000E+001     0.1234371690E+002     0.3651047186E+003     0.1777000601E+005     0.1208383483E+007
   0.3985190411E+000     0.1000000000E+001     0.1259307652E+002     0.3809576712E+003     0.1896960004E+005     0.1319808013E+007
   0.3945537104E+000     0.1000000000E+001     0.1284747354E+002     0.3974866105E+003     0.2024873988E+005     0.1441344935E+007
   0.3906278354E+000     0.1000000000E+001     0.1310700972E+002     0.4147200077E+003     0.2161262775E+005     0.1573900020E+007
   0.3867410235E+000     0.1000000000E+001     0.1337178888E+002     0.4326875229E+003     0.2306680240E+005     0.1718459282E+007
   0.3828928860E+000     0.1000000000E+001     0.1364191694E+002     0.4514200542E+003     0.2461716075E+005     0.1876096033E+007
   0.3790830381E+000     0.1000000000E+001     0.1391750194E+002     0.4709497895E+003     0.2626998082E+005     0.2047978532E+007
   0.3753110989E+000     0.1000000000E+001     0.1419865413E+002     0.4913102595E+003     0.2803194612E+005     0.2235378318E+007
   0.3715766910E+000     0.1000000000E+001     0.1448548597E+002     0.5125363938E+003     0.2991017170E+005     0.2439679256E+007
   0.3678794412E+000     0.1000000000E+001     0.1477811220E+002     0.5346645789E+003     0.3191223173E+005     0.2662387377E+007
   0.3642189796E+000     0.1000000000E+001     0.1507664987E+002     0.5577327181E+003     0.3404618891E+005     0.2905141567E+007
   0.3605949402E+000     0.1000000000E+001     0.1538121840E+002     0.5817802952E+003     0.3632062574E+005     0.3169725195E+007
   0.3570069606E+000     0.1000000000E+001     0.1569193962E+002     0.6068484393E+003     0.3874467774E+005     0.3458078738E+007
   0.3534546820E+000     0.1000000000E+001     0.1600893783E+002     0.6329799933E+003     0.4132806883E+005     0.3772313513E+007
   0.3499377491E+000     0.1000000000E+001     0.1633233983E+002     0.6602195850E+003     0.4408114895E+005     0.4114726597E+007
   0.3464558103E+000     0.1000000000E+001     0.1666227498E+002     0.6886137008E+003     0.4701493401E+005     0.4487817035E+007
   0.3430085174E+000     0.1000000000E+001     0.1699887526E+002     0.7182107627E+003     0.5014114851E+005     0.4894303466E+007
   0.3395955256E+000     0.1000000000E+001     0.1734227532E+002     0.7490612090E+003     0.5347227069E+005     0.5337143263E+007
   0.3362164937E+000     0.1000000000E+001     0.1769261252E+002     0.7812175770E+003     0.5702158068E+005     0.5819553342E+007
   0.3328710837E+000     0.1000000000E+001     0.1805002700E+002     0.8147345905E+003     0.6080321169E+005     0.6345032764E+007
   0.3295589611E+000     0.1000000000E+001     0.1841466173E+002     0.8496692499E+003     0.6483220435E+005     0.6917387295E+007
   0.3262797946E+000     0.1000000000E+001     0.1878666257E+002     0.8860809268E+003     0.6912456463E+005     0.7540756099E+007
   0.3230332564E+000     0.1000000000E+001     0.1916617833E+002     0.9240314621E+003     0.7369732535E+005     0.8219640725E+007
   0.3198190218E+000     0.1000000000E+001     0.1955336082E+002     0.9635852678E+003     0.7856861157E+005     0.8958936611E+007
   0.3166367694E+000     0.1000000000E+001     0.1994836491E+002     0.1004809434E+004     0.8375771021E+005     0.9763967305E+007
   0.3134861809E+000     0.1000000000E+001     0.2035134861E+002     0.1047773839E+004     0.8928514402E+005     0.1064052164E+008
   0.3103669413E+000     0.1000000000E+001     0.2076247313E+002     0.1092551264E+004     0.9517275021E+005     0.1159489411E+008
   0.3072787386E+000     0.1000000000E+001     0.2118190290E+002     0.1139217517E+004     0.1014437641E+006     0.1263392877E+008
   0.3042212641E+000     0.1000000000E+001     0.2160980573E+002     0.1187851552E+004     0.1081229082E+006     0.1376506687E+008
   0.3011942119E+000     0.1000000000E+001     0.2204635276E+002     0.1238535604E+004     0.1152364865E+006     0.1499639860E+008
   0.2981972794E+000     0.1000000000E+001     0.2249171863E+002     0.1291355321E+004     0.1228124853E+006     0.1633671935E+008
   0.2952301669E+000     0.1000000000E+001     0.2294608149E+002     0.1346399909E+004     0.1308806799E+006     0.1779559078E+008
   0.2922925777E+000     0.1000000000E+001     0.2340962308E+002     0.1403762276E+004     0.1394727484E+006     0.1938340711E+008
   0.2893842179E+000     0.1000000000E+001     0.2388252884E+002     0.1463539186E+004     0.1486223927E+006     0.2111146720E+008
   0.2865047969E+000     0.1000000000E+001     0.2436498792E+002     0.1525831417E+004     0.1583654666E+006     0.2299205277E+008
   0.2836540265E+000     0.1000000000E+001     0.2485719333E+002     0.1590743930E+004     0.1687401128E+006     0.2503851338E+008
   0.2808316218E+000     0.1000000000E+001     0.2535934194E+002     0.1658386038E+004     0.1797869078E+006     0.2726535869E+008
   0.2780373005E+000     0.1000000000E+001     0.2587163463E+002     0.1728871589E+004     0.1915490169E+006     0.2968835870E+008
   0.2752707831E+000     0.1000000000E+001     0.2639427632E+002     0.1802319151E+004     0.2040723578E+006     0.3232465254E+008
   0.2725317930E+000     0.1000000000E+001     0.2692747607E+002     0.1878852208E+004     0.2174057752E+006     0.3519286666E+008
   0.2698200564E+000     0.1000000000E+001     0.2747144717E+002     0.1958599363E+004     0.2316012266E+006     0.3831324316E+008
   0.2671353020E+000     0.1000000000E+001     0.2802640722E+002     0.2041694549E+004     0.2467139798E+006     0.4170777909E+008
   0.2644772613E+000     0.1000000000E+001     0.2859257820E+002     0.2128277248E+004     0.2628028218E+006     0.4540037779E+008
   0.2618456686E+000     0.1000000000E+001     0.2917018659E+002     0.2218492722E+004     0.2799302825E+006     0.4941701314E+008
   0.2592402606E+000     0.1000000000E+001     0.2975946345E+002     0.2312492252E+004     0.2981628715E+006     0.5378590791E+008
   0.2566607770E+000     0.1000000000E+001     0.3036064449E+002     0.2410433382E+004     0.3175713299E+006     0.5853772746E+008
   0.2541069596E+000     0.1000000000E+001     0.3097397019E+002     0.2512480183E+004     0.3382308981E+006     0.6370578994E+008
   0.2515785531E+000     0.1000000000E+001     0.3159968590E+002     0.2618803518E+004     0.3602216009E+006     0.6932629461E+008
   0.2490753046E+000     0.1000000000E+001     0.3223804190E+002     0.2729581323E+004     0.3836285497E+006     0.7543856965E+008
   0.2465969639E+000     0.1000000000E+001     0.3288929354E+002     0.2844998903E+004     0.4085422645E+006     0.8208534117E+008
   0.2441432832E+000     0.1000000000E+001     0.3355370134E+002     0.2965249229E+004     0.4350590158E+006     0.8931302535E+008
   0.2417140169E+000     0.1000000000E+001     0.3423153107E+002     0.3090533258E+004     0.4632811882E+006     0.9717204547E+008
   0.2393089222E+000     0.1000000000E+001     0.3492305387E+002     0.3221060264E+004     0.4933176666E+006     0.1057171761E+009
   0.2369277587E+000     0.1000000000E+001     0.3562854636E+002     0.3357048177E+004     0.5252842471E+006     0.1150079169E+009
   0.2345702881E+000     0.1000000000E+001     0.3634829074E+002     0.3498723941E+004     0.5593040737E+006     0.1251088978E+009
   0.2322362747E+000     0.1000000000E+001     0.3708257492E+002     0.3646323888E+004     0.5955081022E+006     0.1360903199E+009
   0.2299254852E+000     0.1000000000E+001     0.3783169262E+002     0.3800094119E+004     0.6340355935E+006     0.1480284326E+009
   0.2276376884E+000     0.1000000000E+001     0.3859594351E+002     0.3960290916E+004     0.6750346378E+006     0.1610060531E+009
   0.2253726555E+000     0.1000000000E+001     0.3937563329E+002     0.4127181153E+004     0.7186627122E+006     0.1751131287E+009
   0.2231301601E+000     0.1000000000E+001     0.4017107385E+002     0.4301042734E+004     0.7650872726E+006     0.1904473484E+009
   0.2209099780E+000     0.1000000000E+001     0.4098258337E+002     0.4482165052E+004     0.8144863836E+006     0.2071148058E+009
   0.2187118870E+000     0.1000000000E+001     0.4181048647E+002     0.4670849458E+004     0.8670493872E+006     0.2252307194E+009
   0.2165356673E+000     0.1000000000E+001     0.4265511432E+002     0.4867409753E+004     0.9229776147E+006     0.2449202132E+009
   0.2143811014E+000     0.1000000000E+001     0.4351680479E+002     0.5072172705E+004     0.9824851417E+006     0.2663191654E+009
   0.2122479738E+000     0.1000000000E+001     0.4439590256E+002     0.5285478580E+004     0.1045799592E+007     0.2895751280E+009
   0.2101360712E+000     0.1000000000E+001     0.4529275929E+002     0.5507681696E+004     0.1113162992E+007     0.3148483258E+009
   0.2080451824E+000     0.1000000000E+001     0.4620773372E+002     0.5739151006E+004     0.1184832676E+007     0.3423127401E+009
   0.2059750982E+000     0.1000000000E+001     0.4714119186E+002     0.5980270699E+004     0.1261082254E+007     0.3721572848E+009
   0.2039256117E+000     0.1000000000E+001     0.4809350710E+002     0.6231440825E+004     0.1342202633E+007     0.4045870828E+009
   0.2018965180E+000     0.1000000000E+001     0.4906506039E+002     0.6493077949E+004     0.1428503110E+007     0.4398248511E+009
   0.1998876141E+000     0.1000000000E+001     0.5005624036E+002     0.6765615834E+004     0.1520312527E+007     0.4781124037E+009
   0.1978986991E+000     0.1000000000E+001     0.5106744349E+002     0.7049506143E+004     0.1617980501E+007     0.5197122825E+009
   0.1959295741E+000     0.1000000000E+001     0.5209907429E+002     0.7345219180E+004     0.1721878736E+007     0.5649095272E+009
   0.1939800423E+000     0.1000000000E+001     0.5315154540E+002     0.7653244656E+004     0.1832402406E+007     0.6140135955E+009
   0.1920499086E+000     0.1000000000E+001     0.5422527784E+002     0.7974092487E+004     0.1949971639E+007     0.6673604468E+009
   0.1901389801E+000     0.1000000000E+001     0.5532070112E+002     0.8308293626E+004     0.2075033079E+007     0.7253148029E+009
   0.1882470656E+000     0.1000000000E+001     0.5643825341E+002     0.8656400927E+004     0.2208061560E+007     0.7882726019E+009
   0.1863739760E+000     0.1000000000E+001     0.5757838176E+002     0.9018990048E+004     0.2349561876E+007     0.8566636588E+009
   0.1845195240E+000     0.1000000000E+001     0.5874154223E+002     0.9396660385E+004     0.2500070663E+007     0.9309545545E+009
   0.1826835241E+000     0.1000000000E+001     0.5992820009E+002     0.9790036056E+004     0.2660158403E+007     0.1011651768E+010
   0.1808657926E+000     0.1000000000E+001     0.6113883004E+002     0.1019976691E+005     0.2830431551E+007     0.1099305078E+010
   0.1790661479E+000     0.1000000000E+001     0.6237391634E+002     0.1062652958E+005     0.3011534793E+007     0.1194511249E+010
   0.1772844100E+000     0.1000000000E+001     0.6363395303E+002     0.1107102862E+005     0.3204153451E+007     0.1297918033E+010
   0.1755204006E+000     0.1000000000E+001     0.6491944415E+002     0.1153399758E+005     0.3409016032E+007     0.1410228513E+010
   0.1737739435E+000     0.1000000000E+001     0.6623090392E+002     0.1201620029E+005     0.3626896944E+007     0.1532205810E+010
   0.1720448638E+000     0.1000000000E+001     0.6756885693E+002     0.1251843203E+005     0.3858619375E+007     0.1664678194E+010
   0.1703329888E+000     0.1000000000E+001     0.6893383838E+002     0.1304152085E+005     0.4105058359E+007     0.1808544628E+010
   0.1686381473E+000     0.1000000000E+001     0.7032639429E+002     0.1358632894E+005     0.4367144028E+007     0.1964780780E+010
   0.1669601697E+000     0.1000000000E+001     0.7174708169E+002     0.1415375399E+005     0.4645865069E+007     0.2134445546E+010
   0.1652988882E+000     0.1000000000E+001     0.7319646889E+002     0.1474473068E+005     0.4942272403E+007     0.2318688129E+010
   0.1636541368E+000     0.1000000000E+001     0.7467513564E+002     0.1536023218E+005     0.5257483087E+007     0.2518755711E+010
   0.1620257509E+000     0.1000000000E+001     0.7618367345E+002     0.1600127176E+005     0.5592684461E+007     0.2736001786E+010
   0.1604135678E+000     0.1000000000E+001     0.7772268574E+002     0.1666890440E+005     0.5949138563E+007     0.2971895192E+010
   0.1588174261E+000     0.1000000000E+001     0.7929278815E+002     0.1736422853E+005     0.6328186806E+007     0.3228029905E+010
   0.1572371663E+000     0.1000000000E+001     0.8089460872E+002     0.1808838782E+005     0.6731254961E+007     0.3506135674E+010
   0.1556726304E+000     0.1000000000E+001     0.8252878822E+002     0.1884257302E+005     0.7159858444E+007     0.3808089548E+010
   0.1541236618E+000     0.1000000000E+001     0.8419598033E+002     0.1962802388E+005     0.7615607936E+007     0.4135928378E+010
   0.1525901058E+000     0.1000000000E+001     0.8589685196E+002     0.2044603122E+005     0.8100215354E+007     0.4491862390E+010
   0.1510718088E+000     0.1000000000E+001     0.8763208347E+002     0.2129793895E+005     0.8615500197E+007     0.4878289891E+010
   0.1495686192E+000     0.1000000000E+001     0.8940236899E+002     0.2218514634E+005     0.9163396285E+007     0.5297813230E+010
   0.1480803866E+000     0.1000000000E+001     0.9120841664E+002     0.2310911019E+005     0.9745958923E+007     0.5753256110E+010
   0.1466069621E+000     0.1000000000E+001     0.9305094888E+002     0.2407134729E+005     0.1036537251E+008     0.6247682359E+010
   0.1451481985E+000     0.1000000000E+001     0.9493070274E+002     0.2507343682E+005     0.1102395863E+008     0.6784416291E+010
   0.1437039498E+000     0.1000000000E+001     0.9684843014E+002     0.2611702294E+005     0.1172418464E+008     0.7367064799E+010
   0.1422740716E+000     0.1000000000E+001     0.9880489821E+002     0.2720381745E+005     0.1246867279E+008     0.7999541299E+010
   0.1408584209E+000     0.1000000000E+001     0.1008008896E+003     0.2833560256E+005     0.1326020994E+008     0.8686091716E+010
   0.1394568562E+000     0.1000000000E+001     0.1028372026E+003     0.2951423378E+005     0.1410175785E+008     0.9431322654E+010
   0.1380692373E+000     0.1000000000E+001     0.1049146519E+003     0.3074164297E+005     0.1499646413E+008     0.1024023196E+011
   0.1366954254E+000     0.1000000000E+001     0.1070340685E+003     0.3201984141E+005     0.1594767389E+008     0.1111824185E+011
   0.1353352832E+000     0.1000000000E+001     0.1091963001E+003     0.3335092308E+005     0.1695894207E+008     0.1207123488E+011
   0.1339886747E+000     0.1000000000E+001     0.1114022117E+003     0.3473706811E+005     0.1803404657E+008     0.1310559288E+011
   0.1326554651E+000     0.1000000000E+001     0.1136526856E+003     0.3618054622E+005     0.1917700226E+008     0.1422823927E+011
   0.1313355211E+000     0.1000000000E+001     0.1159486222E+003     0.3768372047E+005     0.2039207570E+008     0.1544668488E+011
   0.1300287109E+000     0.1000000000E+001     0.1182909397E+003     0.3924905108E+005     0.2168380099E+008     0.1676907766E+011
   0.1287349036E+000     0.1000000000E+001     0.1206805752E+003     0.4087909937E+005     0.2305699642E+008     0.1820425660E+011
   0.1274539699E+000     0.1000000000E+001     0.1231184845E+003     0.4257653196E+005     0.2451678229E+008     0.1976181020E+011
   0.1261857817E+000     0.1000000000E+001     0.1256056429E+003     0.4434412508E+005     0.2606859979E+008     0.2145213987E+011
   0.1249302122E+000     0.1000000000E+001     0.1281430452E+003     0.4618476903E+005     0.2771823103E+008     0.2328652866E+011
   0.1236871358E+000     0.1000000000E+001     0.1307317064E+003     0.4810147293E+005     0.2947182038E+008     0.2527721587E+011
   0.1224564283E+000     0.1000000000E+001     0.1333726621E+003     0.5009736951E+005     0.3133589712E+008     0.2743747782E+011
   0.1212379664E+000     0.1000000000E+001     0.1360669686E+003     0.5217572025E+005     0.3331739946E+008     0.2978171560E+011
   0.1200316285E+000     0.1000000000E+001     0.1388157037E+003     0.5433992062E+005     0.3542370015E+008     0.3232555009E+011
   0.1188372939E+000     0.1000000000E+001     0.1416199669E+003     0.5659350560E+005     0.3766263357E+008     0.3508592504E+011
   0.1176548430E+000     0.1000000000E+001     0.1444808800E+003     0.5894015538E+005     0.4004252463E+008     0.3808121889E+011
   0.1164841578E+000     0.1000000000E+001     0.1473995874E+003     0.6138370134E+005     0.4257221938E+008     0.4133136594E+011
   0.1153251210E+000     0.1000000000E+001     0.1503772566E+003     0.6392813222E+005     0.4526111755E+008     0.4485798780E+011
   0.1141776169E+000     0.1000000000E+001     0.1534150787E+003     0.6657760059E+005     0.4811920720E+008     0.4868453589E+011
   0.1130415306E+000     0.1000000000E+001     0.1565142688E+003     0.6933642959E+005     0.5115710138E+008     0.5283644596E+011
   0.1119167486E+000     0.1000000000E+001     0.1596760668E+003     0.7220911988E+005     0.5438607720E+008     0.5734130568E+011
   0.1108031584E+000     0.1000000000E+001     0.1629017373E+003     0.7520035694E+005     0.5781811732E+008     0.6222903622E+011
   0.1097006485E+000     0.1000000000E+001     0.1661925707E+003     0.7831501866E+005     0.6146595393E+008     0.6753208934E+011
   0.1086091088E+000     0.1000000000E+001     0.1695498833E+003     0.8155818321E+005     0.6534311561E+008     0.7328566089E+011
   0.1075284301E+000     0.1000000000E+001     0.1729750182E+003     0.8493513724E+005     0.6946397700E+008     0.7952792239E+011
   0.1064585044E+000     0.1000000000E+001     0.1764693454E+003     0.8845138448E+005     0.7384381164E+008     0.8630027215E+011
   0.1053992246E+000     0.1000000000E+001     0.1800342626E+003     0.9211265456E+005     0.7849884802E+008     0.9364760746E+011
   0.1043504848E+000     0.1000000000E+001     0.1836711960E+003     0.9592491233E+005     0.8344632924E+008     0.1016186198E+012
   0.1033121801E+000     0.1000000000E+001     0.1873816002E+003     0.9989436748E+005     0.8870457626E+008     0.1102661146E+012
   0.1022842067E+000     0.1000000000E+001     0.1911669597E+003     0.1040274846E+006     0.9429305519E+008     0.1196473588E+012
   0.1012664619E+000     0.1000000000E+001     0.1950287884E+003     0.1083309935E+006     0.1002324487E+009     0.1298244563E+012
   0.1002588437E+000     0.1000000000E+001     0.1989686313E+003     0.1128119004E+006     0.1065447319E+009     0.1408647561E+012
   0.9926125156E-001     0.1000000000E+001     0.2029880643E+003     0.1174774988E+006     0.1132532531E+009     0.1528412947E+012
   0.9827358560E-001     0.1000000000E+001     0.2070886952E+003     0.1223353817E+006     0.1203828192E+009     0.1658332750E+012
   0.9729574709E-001     0.1000000000E+001     0.2112721643E+003     0.1273934534E+006     0.1279597869E+009     0.1799265866E+012
   0.9632763823E-001     0.1000000000E+001     0.2155401451E+003     0.1326599428E+006     0.1360121591E+009     0.1952143686E+012
   0.9536916222E-001     0.1000000000E+001     0.2198943449E+003     0.1381434163E+006     0.1445696878E+009     0.2117976209E+012
   0.9442022320E-001     0.1000000000E+001     0.2243365053E+003     0.1438527918E+006     0.1536639830E+009     0.2297858663E+012
   0.9348072628E-001     0.1000000000E+001     0.2288684034E+003     0.1497973529E+006     0.1633286286E+009     0.2492978687E+012
   0.9255057751E-001     0.1000000000E+001     0.2334918518E+003     0.1559867642E+006     0.1735993053E+009     0.2704624109E+012
   0.9162968388E-001     0.1000000000E+001     0.2382087001E+003     0.1624310868E+006     0.1845139217E+009     0.2934191391E+012
   0.9071795329E-001     0.1000000000E+001     0.2430208350E+003     0.1691407942E+006     0.1961127525E+009     0.3183194769E+012
   0.8981529457E-001     0.1000000000E+001     0.2479301816E+003     0.1761267898E+006     0.2084385866E+009     0.3453276179E+012
   0.8892161746E-001     0.1000000000E+001     0.2529387035E+003     0.1834004239E+006     0.2215368834E+009     0.3746215997E+012
   0.8803683258E-001     0.1000000000E+001     0.2580484042E+003     0.1909735126E+006     0.2354559393E+009     0.4063944704E+012
   0.8716085146E-001     0.1000000000E+001     0.2632613278E+003     0.1988583563E+006     0.2502470647E+009     0.4408555513E+012
   0.8629358650E-001     0.1000000000E+001     0.2685795594E+003     0.2070677600E+006     0.2659647712E+009     0.4782318068E+012
   0.8543495097E-001     0.1000000000E+001     0.2740052264E+003     0.2156150536E+006     0.2826669718E+009     0.5187693291E+012
   0.8458485900E-001     0.1000000000E+001     0.2795404991E+003     0.2245141139E+006     0.3004151920E+009     0.5627349474E+012
   0.8374322559E-001     0.1000000000E+001     0.2851875918E+003     0.2337793862E+006     0.3192747956E+009     0.6104179732E+012
   0.8290996658E-001     0.1000000000E+001     0.2909487633E+003     0.2434259085E+006     0.3393152229E+009     0.6621320913E+012
   0.8208499862E-001     0.1000000000E+001     0.2968263182E+003     0.2534693351E+006     0.3606102455E+009     0.7182174099E+012
   0.8126823924E-001     0.1000000000E+001     0.3028226076E+003     0.2639259620E+006     0.3832382353E+009     0.7790426834E+012
   0.8045960675E-001     0.1000000000E+001     0.3089400301E+003     0.2748127534E+006     0.4072824512E+009     0.8450077212E+012
   0.7965902029E-001     0.1000000000E+001     0.3151810326E+003     0.2861473689E+006     0.4328313438E+009     0.9165459998E+012
   0.7886639979E-001     0.1000000000E+001     0.3215481119E+003     0.2979481919E+006     0.4599788778E+009     0.9941274930E+012
   0.7808166600E-001     0.1000000000E+001     0.3280438146E+003     0.3102343594E+006     0.4888248760E+009     0.1078261741E+013
   0.7730474044E-001     0.1000000000E+001     0.3346707392E+003     0.3230257925E+006     0.5194753839E+009     0.1169501175E+013
   0.7653554542E-001     0.1000000000E+001     0.3414315366E+003     0.3363432291E+006     0.5520430566E+009     0.1268444727E+013
   0.7577400402E-001     0.1000000000E+001     0.3483289112E+003     0.3502082569E+006     0.5866475707E+009     0.1375741733E+013
   0.7502004009E-001     0.1000000000E+001     0.3553656220E+003     0.3646433481E+006     0.6234160613E+009     0.1492096172E+013
   0.7427357821E-001     0.1000000000E+001     0.3625444838E+003     0.3796718962E+006     0.6624835856E+009     0.1618271257E+013
   0.7353454376E-001     0.1000000000E+001     0.3698683681E+003     0.3953182530E+006     0.7039936167E+009     0.1755094413E+013
   0.7280286283E-001     0.1000000000E+001     0.3773402048E+003     0.4116077682E+006     0.7480985668E+009     0.1903462674E+013
   0.7207846224E-001     0.1000000000E+001     0.3849629826E+003     0.4285668304E+006     0.7949603436E+009     0.2064348527E+013
   0.7136126956E-001     0.1000000000E+001     0.3927397507E+003     0.4462229091E+006     0.8447509412E+009     0.2238806252E+013
   0.7065121306E-001     0.1000000000E+001     0.4006736199E+003     0.4646045995E+006     0.8976530673E+009     0.2427978795E+013
   0.6994822174E-001     0.1000000000E+001     0.4087677640E+003     0.4837416682E+006     0.9538608100E+009     0.2633105212E+013
   0.6925222531E-001     0.1000000000E+001     0.4170254206E+003     0.5036651015E+006     0.1013580346E+010     0.2855528743E+013
   0.6856315415E-001     0.1000000000E+001     0.4254498929E+003     0.5244071550E+006     0.1077030692E+010     0.3096705559E+013
   0.6788093937E-001     0.1000000000E+001     0.4340445508E+003     0.5460014054E+006     0.1144444503E+010     0.3358214248E+013
   0.6720551274E-001     0.1000000000E+001     0.4428128324E+003     0.5684828052E+006     0.1216068923E+010     0.3641766087E+013
   0.6653680672E-001     0.1000000000E+001     0.4517582450E+003     0.5918877384E+006     0.1292166482E+010     0.3949216192E+013
   0.6587475443E-001     0.1000000000E+001     0.4608843669E+003     0.6162540794E+006     0.1373016057E+010     0.4282575583E+013
   0.6521928967E-001     0.1000000000E+001     0.4701948487E+003     0.6416212538E+006     0.1458913886E+010     0.4644024278E+013
   0.6457034689E-001     0.1000000000E+001     0.4796934147E+003     0.6680303022E+006     0.1550174649E+010     0.5035925474E+013
   0.6392786121E-001     0.1000000000E+001     0.4893838645E+003     0.6955239457E+006     0.1647132612E+010     0.5460840924E+013
   0.6329176836E-001     0.1000000000E+001     0.4992700744E+003     0.7241466552E+006     0.1750142849E+010     0.5921547599E+013
   0.6266200474E-001     0.1000000000E+001     0.5093559989E+003     0.7539447230E+006     0.1859582533E+010     0.6421055745E+013
   0.6203850738E-001     0.1000000000E+001     0.5196456726E+003     0.7849663369E+006     0.1975852309E+010     0.6962628464E+013
   0.6142121392E-001     0.1000000000E+001     0.5301432116E+003     0.8172616580E+006     0.2099377756E+010     0.7549802924E+013
   0.6081006263E-001     0.1000000000E+001     0.5408528149E+003     0.8508829015E+006     0.2230610936E+010     0.8186413351E+013
   0.6020499239E-001     0.1000000000E+001     0.5517787665E+003     0.8858844208E+006     0.2370032036E+010     0.8876615957E+013
   0.5960594271E-001     0.1000000000E+001     0.5629254370E+003     0.9223227947E+006     0.2518151125E+010     0.9624915941E+013
   0.5901285367E-001     0.1000000000E+001     0.5742972851E+003     0.9602569186E+006     0.2675510001E+010     0.1043619677E+014
   0.5842566596E-001     0.1000000000E+001     0.5858988598E+003     0.9997480994E+006     0.2842684171E+010     0.1131575189E+014
   0.5784432087E-001     0.1000000000E+001     0.5977348019E+003     0.1040860154E+007     0.3020284943E+010     0.1226931913E+014
   0.5726876027E-001     0.1000000000E+001     0.6098098459E+003     0.1083659511E+007     0.3208961647E+010     0.1330311796E+014
   0.5669892658E-001     0.1000000000E+001     0.6221288220E+003     0.1128215321E+007     0.3409404007E+010     0.1442388986E+014
   0.5613476283E-001     0.1000000000E+001     0.6346966578E+003     0.1174599563E+007     0.3622344639E+010     0.1563894213E+014
   0.5557621261E-001     0.1000000000E+001     0.6475183808E+003     0.1222887164E+007     0.3848561726E+010     0.1695619530E+014
   0.5502322006E-001     0.1000000000E+001     0.6605991198E+003     0.1273156118E+007     0.4088881846E+010     0.1838423453E+014
   0.5447572987E-001     0.1000000000E+001     0.6739441073E+003     0.1325487610E+007     0.4344182975E+010     0.1993236536E+014
   0.5393368730E-001     0.1000000000E+001     0.6875586813E+003     0.1379966151E+007     0.4615397686E+010     0.2161067409E+014
   0.5339703815E-001     0.1000000000E+001     0.7014482880E+003     0.1436679709E+007     0.4903516535E+010     0.2343009320E+014
   0.5286572874E-001     0.1000000000E+001     0.7156184834E+003     0.1495719854E+007     0.5209591667E+010     0.2540247231E+014
   0.5233970595E-001     0.1000000000E+001     0.7300749357E+003     0.1557181902E+007     0.5534740642E+010     0.2754065500E+014
   0.5181891717E-001     0.1000000000E+001     0.7448234278E+003     0.1621165071E+007     0.5880150495E+010     0.2985856216E+014
   0.5130331033E-001     0.1000000000E+001     0.7598698591E+003     0.1687772642E+007     0.6247082050E+010     0.3237128220E+014
   0.5079283386E-001     0.1000000000E+001     0.7752202485E+003     0.1757112119E+007     0.6636874510E+010     0.3509516897E+014
   0.5028743672E-001     0.1000000000E+001     0.7908807363E+003     0.1829295408E+007     0.7050950318E+010     0.3804794772E+014
   0.4978706837E-001     0.1000000000E+001     0.8068575870E+003     0.1904438993E+007     0.7490820327E+010     0.4124883001E+014
