   0.1214663081E+000
   0.1214663128E+000
   0.1214663198E+000
   0.1214663302E+000
   0.1214663459E+000
   0.1214663694E+000
   0.1214664047E+000
   0.1214664576E+000
   0.1214665369E+000
   0.1214666560E+000
   0.1214668345E+000
   0.1214671022E+000
   0.1214675037E+000
   0.1214681058E+000
   0.1214690083E+000
   0.1214703611E+000
   0.1214723877E+000
   0.1214754222E+000
   0.1214799615E+000
   0.1214867430E+000
   0.1214968542E+000
   0.1215118865E+000
   0.1215341418E+000
   0.1215668943E+000
   0.1216146952E+000
   0.1216765214E+000
   0.1217446570E+000
   0.1218236414E+000
   0.1219170980E+000
   0.1220286463E+000
   0.1221621594E+000
   0.1223218600E+000
   0.1223403237E+000
