   0.1077854878E+000
   0.1077854859E+000
   0.1077854831E+000
   0.1077854789E+000
   0.1077854726E+000
   0.1077854631E+000
   0.1077854489E+000
   0.1077854276E+000
   0.1077853957E+000
   0.1077853478E+000
   0.1077852760E+000
   0.1077851683E+000
   0.1077850068E+000
   0.1077847645E+000
   0.1077844014E+000
   0.1077838571E+000
   0.1077830416E+000
   0.1077818205E+000
   0.1077799936E+000
   0.1077772640E+000
   0.1077731932E+000
   0.1077671390E+000
   0.1077581712E+000
   0.1077449635E+000
   0.1077256658E+000
   0.1077006681E+000
   0.1076730693E+000
   0.1076410097E+000
   0.1076029831E+000
   0.1075574617E+000
   0.1075027832E+000
   0.1074370979E+000
   0.1074294836E+000
