   0.3094440378E+000
   0.3094440401E+000
   0.3094440437E+000
   0.3094440490E+000
   0.3094440569E+000
   0.3094440688E+000
   0.3094440867E+000
   0.3094441136E+000
   0.3094441538E+000
   0.3094442142E+000
   0.3094443048E+000
   0.3094444406E+000
   0.3094446443E+000
   0.3094449497E+000
   0.3094454076E+000
   0.3094460939E+000
   0.3094471222E+000
   0.3094486618E+000
   0.3094509651E+000
   0.3094544064E+000
   0.3094595383E+000
   0.3094671694E+000
   0.3094784711E+000
   0.3094951117E+000
   0.3095194155E+000
   0.3095508814E+000
   0.3095855993E+000
   0.3096258994E+000
   0.3096736596E+000
   0.3097307749E+000
   0.3097992952E+000
   0.3098814868E+000
   0.3098910059E+000
