   0.0000000000E+000
   0.3475415598E-007
   0.8688525308E-007
   0.1650815907E-006
   0.2823754043E-006
   0.4583145655E-006
   0.7222197996E-006
   0.1118069759E-005
   0.1711826941E-005
   0.2602422768E-005
   0.3938226643E-005
   0.5941730312E-005
   0.8946531162E-005
   0.1345271005E-004
   0.2020967998E-004
   0.3033997009E-004
   0.4552380676E-004
   0.6827354003E-004
   0.1023398423E-003
   0.1533089664E-003
   0.2294722107E-003
   0.3430728451E-003
   0.5120546296E-003
   0.7624322790E-003
   0.1131345609E-002
   0.1670701929E-002
   0.2369976282E-002
   0.3142804846E-002
   0.4041587448E-002
   0.5109116691E-002
   0.6389135358E-002
   0.7929660123E-002
   0.9784658841E-002
   0.1000000000E-001
