   0.1135152376E-002
   0.1470303918E-002
   0.1904216662E-002
   0.2465863495E-002
   0.3192628874E-002
   0.4132691108E-002
   0.5348038471E-002
   0.6918259354E-002
   0.8945256968E-002
   0.1155903225E-001
   0.1492463696E-001
   0.1925029254E-001
   0.2479644925E-001
   0.3188514561E-001
   0.4090829862E-001
   0.5233233531E-001
   0.6669463351E-001
   0.8458431192E-001
   0.1065958161E+000
   0.1332386670E+000
   0.1647818269E+000
   0.2010096541E+000
   0.2408754867E+000
   0.2820712827E+000
   0.3206053090E+000
   0.3506083467E+000
   0.3647531027E+000
   0.3557634369E+000
   0.3192581427E+000
   0.2572985281E+000
   0.1805378138E+000
   0.1059948523E+000
   0.4949767489E-001
   0.1723882644E-001
   0.4127061179E-002
   0.6125717571E-003
   0.4947460494E-004
   0.1851264254E-005
   0.2620381754E-007
   0.1102020333E-009
   0.1102136925E-012
   0.1020642156E-014
   0.1000198998E-014
   0.1000148503E-014
   0.1000111616E-014
   0.1000084518E-014
   0.1000064284E-014
   0.1000049018E-014
   0.1000037479E-014
   0.1000028747E-014
   0.1000022062E-014
   0.1000016960E-014
   0.1000013044E-014
   0.1000010045E-014
   0.1000007738E-014
   0.1000005964E-014
   0.1000004597E-014
   0.1000003545E-014
   0.1000002734E-014
   0.1000002109E-014
   0.1000001627E-014
   0.1000001256E-014
   0.1000000969E-014
   0.1000000748E-014
   0.1000000577E-014
   0.1000000445E-014
   0.1000000344E-014
   0.1000000265E-014
   0.1000000205E-014
   0.1000000158E-014
   0.1000000122E-014
   0.1000000094E-014
   0.1000000073E-014
   0.1000000056E-014
   0.1000000043E-014
   0.1000000034E-014
   0.1000000026E-014
   0.1000000020E-014
   0.1000000015E-014
   0.1000000014E-014
