   0.1135152376E-002     0.1460730600E-003
   0.1470303918E-002     0.1890918860E-003
   0.1904216662E-002     0.2448043421E-003
   0.2465863495E-002     0.3168240167E-003
   0.3192628874E-002     0.4098996949E-003
   0.4132691108E-002     0.5300860305E-003
   0.5348038471E-002     0.6851324862E-003
   0.6918259354E-002     0.8848742849E-003
   0.8945256968E-002     0.1141763539E-002
   0.1155903225E-001     0.1471410194E-002
   0.1492463696E-001     0.1893190924E-002
   0.1925029254E-001     0.2430794617E-002
   0.2479644925E-001     0.3112588941E-002
   0.3188514561E-001     0.3971517581E-002
   0.4090829862E-001     0.5044071197E-002
   0.5233233531E-001     0.6367568505E-002
   0.6669463351E-001     0.7974559608E-002
   0.8458431192E-001     0.9882613506E-002
   0.1065958161E+000     0.1207716088E-001
   0.1332386670E+000     0.1448472582E-001
   0.1647818269E+000     0.1693450214E-001
   0.2010096541E+000     0.1910924299E-001
   0.2408754867E+000     0.2049425231E-001
   0.2820712827E+000     0.2034898109E-001
   0.3206053090E+000     0.1775082720E-001
   0.3506083467E+000     0.1178846640E-001
   0.3647531027E+000     0.1984643468E-002
   0.3557634369E+000    -0.1105526788E-001
   0.3192581427E+000    -0.2501695173E-001
   0.2572985281E+000    -0.3589669924E-001
   0.1805378138E+000    -0.3943353070E-001
   0.1059948523E+000    -0.3389887021E-001
   0.4949767489E-001    -0.2223191167E-001
   0.1723882644E-001    -0.1055136979E-001
   0.4127061179E-002    -0.3355546820E-002
   0.6125717571E-003    -0.6452566852E-003
   0.4947460494E-004    -0.6567854110E-004
   0.1851264254E-005    -0.2992524902E-005
   0.2620381754E-007    -0.4964766241E-007
   0.1102020333E-009    -0.2355752917E-009
   0.1102136925E-012    -0.2572302918E-012
   0.1020642156E-014    -0.1046744037E-014
   0.1000198998E-014    -0.9968069215E-015
   0.1000148503E-014    -0.9975333656E-015
   0.1000111616E-014    -0.9976573330E-015
   0.1000084518E-014    -0.9980907123E-015
   0.1000064284E-014    -0.9987455625E-015
   0.1000049018E-014    -0.9990510205E-015
   0.1000037479E-014    -0.9990721280E-015
   0.1000028747E-014    -0.9994205370E-015
   0.1000022062E-014    -0.9995559339E-015
   0.1000016960E-014    -0.9997202273E-015
   0.1000013044E-014    -0.9996930814E-015
   0.1000010045E-014    -0.9997620240E-015
   0.1000007738E-014    -0.9998108181E-015
   0.1000005964E-014    -0.9998640707E-015
   0.1000004597E-014    -0.9998887335E-015
   0.1000003545E-014    -0.9999278403E-015
   0.1000002734E-014    -0.9999425813E-015
   0.1000002109E-014    -0.9999564520E-015
   0.1000001627E-014    -0.9999663109E-015
   0.1000001256E-014    -0.9999743051E-015
   0.1000000969E-014    -0.9999765910E-015
   0.1000000748E-014    -0.9999840361E-015
   0.1000000577E-014    -0.9999866119E-015
   0.1000000445E-014    -0.9999897896E-015
   0.1000000344E-014    -0.9999919876E-015
   0.1000000265E-014    -0.9999945538E-015
   0.1000000205E-014    -0.9999959063E-015
   0.1000000158E-014    -0.9999971811E-015
   0.1000000122E-014    -0.9999973959E-015
   0.1000000094E-014    -0.9999976738E-015
   0.1000000073E-014    -0.9999984825E-015
   0.1000000056E-014    -0.9999988152E-015
   0.1000000043E-014    -0.9999990778E-015
   0.1000000034E-014    -0.9999994342E-015
   0.1000000026E-014    -0.9999994701E-015
   0.1000000020E-014    -0.9999995581E-015
   0.1000000015E-014    -0.9999997205E-015
   0.1000000014E-014    -0.9999998117E-015
