   0.1000000000E+001
   0.1000000000E+001
   0.1000000000E+001
   0.1000000000E+001
   0.1000000000E+001
   0.1000000000E+001
   0.1000000000E+001
   0.1000000000E+001
   0.1000000000E+001
   0.1000000000E+001
   0.1000000000E+001
   0.1000000000E+001
   0.1000000000E+001
   0.1000000000E+001
   0.1000000000E+001
   0.1000000000E+001
   0.1000000000E+001
   0.1000000000E+001
   0.1000000000E+001
   0.1000000000E+001
   0.1000000000E+001
   0.1000000000E+001
   0.1000000000E+001
   0.1000000000E+001
   0.1000000000E+001
   0.1000000000E+001
   0.1000000000E+001
   0.1000000000E+001
   0.1000000000E+001
   0.1000000000E+001
   0.1000000000E+001
   0.1000000000E+001
   0.1000000000E+001
   0.1000000000E+001
   0.1000000000E+001
   0.9493458512E+000
   0.7532841642E+000
   0.6186295235E+000
   0.5277955953E+000
   0.4677996257E+000
   0.4284631167E+000
   0.9750637404E+000
   0.1000000000E+001
   0.1000000000E+001
   0.1000000000E+001
   0.1000000000E+001
   0.1000000000E+001
   0.1000000000E+001
   0.1000000000E+001
   0.1000000000E+001
   0.1000000000E+001
   0.1000000000E+001
   0.1000000000E+001
   0.1000000000E+001
   0.1000000000E+001
   0.1000000000E+001
   0.1000000000E+001
   0.1000000000E+001
   0.1000000000E+001
   0.1000000000E+001
   0.1000000000E+001
   0.1000000000E+001
   0.1000000000E+001
   0.1000000000E+001
   0.1000000000E+001
   0.1000000000E+001
   0.1000000000E+001
   0.1000000000E+001
   0.1000000000E+001
   0.1000000000E+001
   0.1000000000E+001
   0.1000000000E+001
   0.1000000000E+001
   0.1000000000E+001
   0.1000000000E+001
   0.1000000000E+001
   0.1000000000E+001
   0.1000000000E+001
   0.1000000000E+001
   0.1000000000E+001
