   0.1000000000E+001
   0.1000000000E+001
   0.1000000000E+001
   0.1000000000E+001
   0.1000000000E+001
   0.1000000000E+001
   0.1000000000E+001
   0.1000000000E+001
   0.1000000000E+001
   0.1000000000E+001
   0.1000000000E+001
   0.1000000000E+001
   0.1000000000E+001
   0.1000000000E+001
   0.1000000000E+001
   0.1000000000E+001
   0.1000000000E+001
   0.1000000000E+001
   0.1000000000E+001
   0.1000000000E+001
   0.1000000000E+001
   0.1000000000E+001
   0.1000000000E+001
   0.1000000000E+001
   0.1000000000E+001
   0.1000000000E+001
   0.1000000000E+001
   0.1000000000E+001
   0.1000000000E+001
   0.1000000000E+001
   0.1000000000E+001
   0.1000000000E+001
   0.1000000000E+001
   0.1000000000E+001
   0.1000000000E+001
   0.9445987793E+000
   0.7508726420E+000
   0.6173033689E+000
   0.5269225207E+000
   0.4669596383E+000
   0.4274747443E+000
   0.1000000000E+001
   0.1000000000E+001
   0.1000000000E+001
   0.1000000000E+001
   0.1000000000E+001
   0.1000000000E+001
   0.1000000000E+001
   0.1000000000E+001
   0.1000000000E+001
   0.1000000000E+001
   0.1000000000E+001
   0.1000000000E+001
   0.1000000000E+001
   0.1000000000E+001
   0.1000000000E+001
   0.1000000000E+001
   0.1000000000E+001
   0.1000000000E+001
   0.1000000000E+001
   0.1000000000E+001
   0.1000000000E+001
   0.1000000000E+001
   0.1000000000E+001
   0.1000000000E+001
   0.1000000000E+001
   0.1000000000E+001
   0.1000000000E+001
   0.1000000000E+001
   0.1000000000E+001
   0.1000000000E+001
   0.1000000000E+001
   0.1000000000E+001
   0.1000000000E+001
   0.1000000000E+001
   0.1000000000E+001
   0.1000000000E+001
   0.1000000000E+001
   0.1000000000E+001
   0.1000000000E+001
