   0.6872263343E-001
   0.6872263345E-001
   0.6872263348E-001
   0.6872263352E-001
   0.6872263359E-001
   0.6872263369E-001
   0.6872263384E-001
   0.6872263407E-001
   0.6872263441E-001
   0.6872263492E-001
   0.6872263568E-001
   0.6872263683E-001
   0.6872263855E-001
   0.6872264113E-001
   0.6872264499E-001
   0.6872265079E-001
   0.6872265950E-001
   0.6872267255E-001
   0.6872269213E-001
   0.6872272149E-001
   0.6872276555E-001
   0.6872283162E-001
   0.6872293074E-001
   0.6872307942E-001
   0.6872330243E-001
   0.6872363694E-001
   0.6872413871E-001
   0.6872489163E-001
   0.6872602095E-001
   0.6872771484E-001
   0.6873025545E-001
   0.6873406584E-001
   0.6873978028E-001
   0.6874834934E-001
   0.6876119708E-001
   0.6878045556E-001
   0.6880931375E-001
   0.6885253468E-001
   0.6891721710E-001
   0.6899475770E-001
   0.6908309626E-001
   0.6918805560E-001
   0.6920203997E-001
