   0.8028312060E-001
   0.8028312066E-001
   0.8028312074E-001
   0.8028312085E-001
   0.8028312103E-001
   0.8028312130E-001
   0.8028312170E-001
   0.8028312230E-001
   0.8028312320E-001
   0.8028312454E-001
   0.8028312657E-001
   0.8028312960E-001
   0.8028313415E-001
   0.8028314098E-001
   0.8028315122E-001
   0.8028316659E-001
   0.8028318963E-001
   0.8028322420E-001
   0.8028327605E-001
   0.8028335382E-001
   0.8028347049E-001
   0.8028364548E-001
   0.8028390797E-001
   0.8028430171E-001
   0.8028489232E-001
   0.8028577822E-001
   0.8028710708E-001
   0.8028910035E-001
   0.8029209024E-001
   0.8029657502E-001
   0.8030330207E-001
   0.8031339240E-001
   0.8032854883E-001
   0.8035134882E-001
   0.8038555477E-001
   0.8043688467E-001
   0.8051386424E-001
   0.8062929914E-001
   0.8080237356E-001
   0.8101036032E-001
   0.8124798651E-001
   0.8153126177E-001
   0.8156908157E-001
