   0.6062284956E-001
   0.6062284957E-001
   0.6062284959E-001
   0.6062284962E-001
   0.6062284965E-001
   0.6062284971E-001
   0.6062284980E-001
   0.6062284992E-001
   0.6062285011E-001
   0.6062285040E-001
   0.6062285083E-001
   0.6062285148E-001
   0.6062285245E-001
   0.6062285390E-001
   0.6062285609E-001
   0.6062285936E-001
   0.6062286427E-001
   0.6062287164E-001
   0.6062288268E-001
   0.6062289926E-001
   0.6062292411E-001
   0.6062296140E-001
   0.6062301733E-001
   0.6062310123E-001
   0.6062322707E-001
   0.6062341584E-001
   0.6062369898E-001
   0.6062412370E-001
   0.6062476078E-001
   0.6062571640E-001
   0.6062714983E-001
   0.6062929996E-001
   0.6063252515E-001
   0.6063736288E-001
   0.6064461940E-001
   0.6065550399E-001
   0.6067183044E-001
   0.6069631909E-001
   0.6073304970E-001
   0.6077721203E-001
   0.6082769780E-001
   0.6088792397E-001
   0.6089596815E-001
