   0.1267732092E+000
   0.1267732092E+000
   0.1267732093E+000
   0.1267732094E+000
   0.1267732095E+000
   0.1267732098E+000
   0.1267732101E+000
   0.1267732106E+000
   0.1267732114E+000
   0.1267732126E+000
   0.1267732144E+000
   0.1267732171E+000
   0.1267732211E+000
   0.1267732271E+000
   0.1267732361E+000
   0.1267732497E+000
   0.1267732700E+000
   0.1267733004E+000
   0.1267733461E+000
   0.1267734146E+000
   0.1267735174E+000
   0.1267736716E+000
   0.1267739029E+000
   0.1267742498E+000
   0.1267747701E+000
   0.1267755507E+000
   0.1267767216E+000
   0.1267784778E+000
   0.1267811122E+000
   0.1267850637E+000
   0.1267909906E+000
   0.1267998802E+000
   0.1268132129E+000
   0.1268332081E+000
   0.1268631924E+000
   0.1269081494E+000
   0.1269755417E+000
   0.1270765325E+000
   0.1272277997E+000
   0.1274093416E+000
   0.1276165540E+000
   0.1278634160E+000
   0.1278963621E+000
