   0.0000000000E+000
   0.2753890488E-009
   0.6884726219E-009
   0.1308097981E-008
   0.2237536019E-008
   0.3631693073E-008
   0.5722928651E-008
   0.8859782006E-008
   0.1356506202E-007
   0.2062298198E-007
   0.3120986180E-007
   0.4709018126E-007
   0.7091065984E-007
   0.1066413764E-006
   0.1602374481E-006
   0.2406315487E-006
   0.3612226841E-006
   0.5421093521E-006
   0.8134392755E-006
   0.1220433983E-005
   0.1830925646E-005
   0.2746662244E-005
   0.4120265121E-005
   0.6180664896E-005
   0.9271254339E-005
   0.1390711551E-004
   0.2086085554E-004
   0.3129134919E-004
   0.4693682780E-004
   0.7040445653E-004
   0.1056045741E-003
   0.1584017683E-003
   0.2375908509E-003
   0.3563593846E-003
   0.5344782454E-003
   0.8015802183E-003
   0.1202061616E-002
   0.1802398218E-002
   0.2702037514E-002
   0.4049554732E-002
   0.5666788347E-002
   0.7511703461E-002
   0.9707195449E-002
   0.1000000000E-001
