   0.4051686140E-001
   0.4051686140E-001
   0.4051686139E-001
   0.4051686139E-001
   0.4051686139E-001
   0.4051686138E-001
   0.4051686137E-001
   0.4051686135E-001
   0.4051686133E-001
   0.4051686129E-001
   0.4051686123E-001
   0.4051686115E-001
   0.4051686102E-001
   0.4051686084E-001
   0.4051686055E-001
   0.4051686013E-001
   0.4051685949E-001
   0.4051685854E-001
   0.4051685711E-001
   0.4051685497E-001
   0.4051685176E-001
   0.4051684693E-001
   0.4051683970E-001
   0.4051682885E-001
   0.4051681257E-001
   0.4051678816E-001
   0.4051675154E-001
   0.4051669661E-001
   0.4051661423E-001
   0.4051649065E-001
   0.4051630530E-001
   0.4051602730E-001
   0.4051561037E-001
   0.4051498513E-001
   0.4051404760E-001
   0.4051264207E-001
   0.4051053547E-001
   0.4050815749E-001
   0.4050540670E-001
   0.4050211200E-001
   0.4049809838E-001
   0.4049316392E-001
   0.4048706613E-001
   0.4047950948E-001
   0.4047013207E-001
   0.4045849054E-001
   0.4044404290E-001
   0.4042612950E-001
   0.4040395251E-001
   0.4038383989E-001
