   0.7311495059E-001
   0.7311495059E-001
   0.7311495058E-001
   0.7311495058E-001
   0.7311495057E-001
   0.7311495056E-001
   0.7311495055E-001
   0.7311495052E-001
   0.7311495049E-001
   0.7311495044E-001
   0.7311495036E-001
   0.7311495025E-001
   0.7311495007E-001
   0.7311494981E-001
   0.7311494942E-001
   0.7311494884E-001
   0.7311494796E-001
   0.7311494664E-001
   0.7311494467E-001
   0.7311494171E-001
   0.7311493726E-001
   0.7311493060E-001
   0.7311492060E-001
   0.7311490560E-001
   0.7311488311E-001
   0.7311484937E-001
   0.7311479876E-001
   0.7311472284E-001
   0.7311460896E-001
   0.7311443815E-001
   0.7311418192E-001
   0.7311379760E-001
   0.7311322119E-001
   0.7311235655E-001
   0.7311105954E-001
   0.7310911402E-001
   0.7310619553E-001
   0.7310289733E-001
   0.7309907710E-001
   0.7309449449E-001
   0.7308890155E-001
   0.7308200975E-001
   0.7307346909E-001
   0.7306284797E-001
   0.7304960992E-001
   0.7303308549E-001
   0.7301243705E-001
   0.7298661448E-001
   0.7295429899E-001
   0.7292465090E-001
