   0.2063859337E+000
   0.2063859337E+000
   0.2063859337E+000
   0.2063859338E+000
   0.2063859338E+000
   0.2063859339E+000
   0.2063859340E+000
   0.2063859342E+000
   0.2063859344E+000
   0.2063859347E+000
   0.2063859353E+000
   0.2063859361E+000
   0.2063859372E+000
   0.2063859390E+000
   0.2063859417E+000
   0.2063859457E+000
   0.2063859517E+000
   0.2063859607E+000
   0.2063859742E+000
   0.2063859945E+000
   0.2063860249E+000
   0.2063860705E+000
   0.2063861389E+000
   0.2063862415E+000
   0.2063863954E+000
   0.2063866262E+000
   0.2063869724E+000
   0.2063874918E+000
   0.2063882709E+000
   0.2063894394E+000
   0.2063911923E+000
   0.2063938214E+000
   0.2063977651E+000
   0.2064036803E+000
   0.2064125525E+000
   0.2064258593E+000
   0.2064458165E+000
   0.2064683633E+000
   0.2064944698E+000
   0.2065257735E+000
   0.2065639599E+000
   0.2066109860E+000
   0.2066692196E+000
   0.2067415715E+000
   0.2068316462E+000
   0.2069439201E+000
   0.2070839621E+000
   0.2072587022E+000
   0.2074767647E+000
   0.2076762280E+000
