   0.1632849985E+000
   0.1632849985E+000
   0.1632849985E+000
   0.1632849985E+000
   0.1632849986E+000
   0.1632849986E+000
   0.1632849987E+000
   0.1632849989E+000
   0.1632849991E+000
   0.1632849994E+000
   0.1632849999E+000
   0.1632850006E+000
   0.1632850016E+000
   0.1632850032E+000
   0.1632850057E+000
   0.1632850093E+000
   0.1632850147E+000
   0.1632850228E+000
   0.1632850350E+000
   0.1632850533E+000
   0.1632850807E+000
   0.1632851219E+000
   0.1632851836E+000
   0.1632852762E+000
   0.1632854150E+000
   0.1632856233E+000
   0.1632859358E+000
   0.1632864044E+000
   0.1632871074E+000
   0.1632881619E+000
   0.1632897436E+000
   0.1632921161E+000
   0.1632956747E+000
   0.1633010124E+000
   0.1633090184E+000
   0.1633210262E+000
   0.1633390351E+000
   0.1633593810E+000
   0.1633829393E+000
   0.1634111877E+000
   0.1634456473E+000
   0.1634880844E+000
   0.1635406359E+000
   0.1636059294E+000
   0.1636872183E+000
   0.1637885438E+000
   0.1639149333E+000
   0.1640726442E+000
   0.1642694651E+000
   0.1644495079E+000
