   0.0000000000E+000
   0.7071610696E-010
   0.1767902674E-009
   0.3359015080E-009
   0.5745683689E-009
   0.9325686601E-009
   0.1469569097E-008
   0.2275069751E-008
   0.3483320732E-008
   0.5295697201E-008
   0.8014261899E-008
   0.1209210893E-007
   0.1820887946E-007
   0.2738403519E-007
   0.4114676865E-007
   0.6179086853E-007
   0.9275701767E-007
   0.1392062398E-006
   0.2088800696E-006
   0.3133908065E-006
   0.4701568943E-006
   0.7053059865E-006
   0.1058029536E-005
   0.1587114660E-005
   0.2380741897E-005
   0.3571181741E-005
   0.5356839231E-005
   0.8035320344E-005
   0.1205303049E-004
   0.1807956979E-004
   0.2711932040E-004
   0.4067881507E-004
   0.6101776179E-004
   0.9152551750E-004
   0.1372856564E-003
   0.2059225020E-003
   0.3088702056E-003
   0.4632747452E-003
   0.6377260156E-003
   0.8397336171E-003
   0.1081976612E-002
   0.1377510883E-002
   0.1741502838E-002
   0.2192311199E-002
   0.2752521954E-002
   0.3450120633E-002
   0.4319901236E-002
   0.5405195404E-002
   0.6760010637E-002
   0.8451680717E-002
   0.1000000000E-001
