   0.0000000000E+000
   0.7642763636E-009
   0.1910690899E-008
   0.3630312681E-008
   0.6209745304E-008
   0.1007889413E-007
   0.1588261711E-007
   0.2458820103E-007
   0.3764657564E-007
   0.5723413470E-007
   0.8661546690E-007
   0.1306874508E-006
   0.1967953942E-006
   0.2959572364E-006
   0.4446998355E-006
   0.6678133650E-006
   0.1002482828E-005
   0.1504485154E-005
   0.2257484437E-005
   0.3386973898E-005
   0.5081186798E-005
   0.7622458243E-005
   0.1143425763E-004
   0.1715171424E-004
   0.2572735363E-004
   0.3858958556E-004
   0.5788017316E-004
   0.8680984658E-004
   0.1301903979E-003
   0.1952298486E-003
   0.2927185320E-003
   0.4387932984E-003
   0.6575505428E-003
   0.9848918178E-003
   0.1474129086E-002
   0.2204035902E-002
   0.3290155581E-002
   0.4900142507E-002
   0.7273464333E-002
   0.1000000000E-001
