   0.0000000000E+000
   0.1871140379E-008
   0.4677850875E-008
   0.8887916456E-008
   0.1520301446E-007
   0.2467566063E-007
   0.3888462803E-007
   0.6019807493E-007
   0.9216823585E-007
   0.1401234560E-006
   0.2120562384E-006
   0.3199553045E-006
   0.4818036619E-006
   0.7245756536E-006
   0.1088732417E-005
   0.1634964806E-005
   0.2454307191E-005
   0.3683306820E-005
   0.5526774882E-005
   0.8291906371E-005
   0.1243944476E-004
   0.1866039497E-004
   0.2799101635E-004
   0.4198514005E-004
   0.6297225834E-004
   0.9444378988E-004
   0.1416305271E-003
   0.2123644342E-003
   0.3183615541E-003
   0.4771245117E-003
   0.7147476533E-003
   0.1070017247E-002
   0.1600326090E-002
   0.2390035317E-002
   0.3561934366E-002
   0.5292198281E-002
   0.7828415880E-002
   0.1000000000E-001
