   0.3010417550E-001
   0.3010417612E-001
   0.3010417704E-001
   0.3010417844E-001
   0.3010418053E-001
   0.3010418366E-001
   0.3010418837E-001
   0.3010419542E-001
   0.3010420601E-001
   0.3010422188E-001
   0.3010424569E-001
   0.3010428140E-001
   0.3010433497E-001
   0.3010441530E-001
   0.3010453578E-001
   0.3010471645E-001
   0.3010498734E-001
   0.3010539339E-001
   0.3010600188E-001
   0.3010691325E-001
   0.3010827730E-001
   0.3011031661E-001
   0.3011336056E-001
   0.3011789311E-001
   0.3012461851E-001
   0.3013219219E-001
   0.3014089175E-001
   0.3015122456E-001
   0.3016368498E-001
   0.3017881739E-001
   0.3019724000E-001
   0.3021965971E-001
   0.3022807642E-001
