   0.1779984944E-001
   0.1779984927E-001
   0.1779984902E-001
   0.1779984863E-001
   0.1779984806E-001
   0.1779984720E-001
   0.1779984590E-001
   0.1779984396E-001
   0.1779984105E-001
   0.1779983669E-001
   0.1779983014E-001
   0.1779982031E-001
   0.1779980558E-001
   0.1779978348E-001
   0.1779975034E-001
   0.1779970064E-001
   0.1779962610E-001
   0.1779951426E-001
   0.1779934647E-001
   0.1779909468E-001
   0.1779871678E-001
   0.1779815085E-001
   0.1779730268E-001
   0.1779603034E-001
   0.1779411692E-001
   0.1779192411E-001
   0.1778935504E-001
   0.1778623307E-001
   0.1778236469E-001
   0.1777751201E-001
   0.1777136994E-001
   0.1776353919E-001
   0.1776054140E-001
