   0.7003710182E-002
   0.7003709591E-002
   0.7003708704E-002
   0.7003707374E-002
   0.7003705380E-002
   0.7003702388E-002
   0.7003697900E-002
   0.7003691168E-002
   0.7003681070E-002
   0.7003665923E-002
   0.7003643203E-002
   0.7003609126E-002
   0.7003558012E-002
   0.7003481347E-002
   0.7003366364E-002
   0.7003193923E-002
   0.7002935334E-002
   0.7002547615E-002
   0.7001966404E-002
   0.7001095444E-002
   0.6999790899E-002
   0.6997838218E-002
   0.6994918416E-002
   0.6990559157E-002
   0.6984065295E-002
   0.6976715540E-002
   0.6968224443E-002
   0.6958071162E-002
   0.6945726970E-002
   0.6930586389E-002
   0.6911927654E-002
   0.6888877778E-002
   0.6880125549E-002
