   0.2606047801E-001
   0.2606047858E-001
   0.2606047943E-001
   0.2606048071E-001
   0.2606048263E-001
   0.2606048552E-001
   0.2606048985E-001
   0.2606049633E-001
   0.2606050607E-001
   0.2606052067E-001
   0.2606054257E-001
   0.2606057541E-001
   0.2606062468E-001
   0.2606069857E-001
   0.2606080939E-001
   0.2606097556E-001
   0.2606122472E-001
   0.2606159821E-001
   0.2606215791E-001
   0.2606299627E-001
   0.2606425110E-001
   0.2606612733E-001
   0.2606892824E-001
   0.2607309983E-001
   0.2607929201E-001
   0.2608626815E-001
   0.2609428531E-001
   0.2610381285E-001
   0.2611531056E-001
   0.2612928604E-001
   0.2614631950E-001
   0.2616708738E-001
   0.2617489271E-001
