   0.0000000000E+000
   0.3242181337E-007
   0.8105449529E-007
   0.1540034324E-006
   0.2634266450E-006
   0.4275610296E-006
   0.6737616294E-006
   0.1043060330E-005
   0.1597003435E-005
   0.2427906963E-005
   0.3674237214E-005
   0.5543676253E-005
   0.8347708068E-005
   0.1255347066E-004
   0.1886147320E-004
   0.2832203447E-004
   0.4250963261E-004
   0.6378373765E-004
   0.9567850917E-004
   0.1434838697E-003
   0.2151093592E-003
   0.3223626634E-003
   0.4828292363E-003
   0.7226080049E-003
   0.1080233548E-002
   0.1612173753E-002
   0.2213069756E-002
   0.2905763786E-002
   0.3731942415E-002
   0.4733325126E-002
   0.5957007140E-002
   0.7458236218E-002
   0.9302586395E-002
   0.1000000000E-001
