   0.0000000000E+000
   0.9798548021E-008
   0.2449633103E-007
   0.4654291775E-007
   0.7961260030E-007
   0.1292166797E-006
   0.2036217988E-006
   0.3152272277E-006
   0.4826303093E-006
   0.7337235444E-006
   0.1110337780E-005
   0.1675201508E-005
   0.2522367494E-005
   0.3792825025E-005
   0.5697856126E-005
   0.8553930470E-005
   0.1283473565E-004
   0.1924852551E-004
   0.2885259164E-004
   0.4322153848E-004
   0.6469216396E-004
   0.9671445467E-004
   0.1443433383E-003
   0.2149043889E-003
   0.3188494172E-003
   0.4707722447E-003
   0.6720147399E-003
   0.8930771965E-003
   0.1149423738E-002
   0.1453301658E-002
   0.1817067122E-002
   0.2254174371E-002
   0.2779641883E-002
   0.3410356800E-002
   0.4165331321E-002
   0.5065962527E-002
   0.6136325750E-002
   0.7403519728E-002
   0.8898071348E-002
   0.1000000000E-001
