0.018947226440917658
0.016589796078128494
0.018174624839190044
0.022696202146004017
0.018222232891982208
0.016566318681025163
0.015562628236090606
0.016751695918070318
0.018419717203341537
0.020622867464126365
0.02227530289162153
0.02258116993103714
0.021919868266227143
0.01968720042285746
0.01637083276506641
0.015798791648034955
0.016816062797347996
0.015816864148296344
0.015439756095717488
0.015490510127939637
0.015717416743080626
0.016136310489136583
0.016756899644222743
0.0173929254561295
0.01798680387305084
0.0185439254354245
0.019270285135734172
0.02011677546421529
0.02092062665657368
0.02158763886659217
0.02208894273080644
0.022429698249236123
0.02261523569742286
0.022574280019555158
0.022474946624885868
0.02228643115125092
0.0218802669060485
0.02126582775727737
0.02045543518660654
0.019451999361242527
0.018264755204031778
0.017039848988336388
0.015916758720322305
0.015372313541128873
0.015533411860267384
0.016037631574102013
0.016833418316560978
0.01689694332020693
0.016517251289735867
0.016158942035821154
0.01582200792616977
0.015600953567634667
0.015478948432451088
0.015408560160613033
0.015378563450155154
0.01542326703853297
0.015483108494545787
0.015556712644920484
0.01564251351421385
0.015738769676573075
0.015843769107112625
0.016037070976857467
0.01624903204191062
0.0164665495214839
0.016692992647455853
0.016921044949392373
0.017147756111748548
0.017371099455284464
0.017589120971505143
0.01779991334586437
0.018001627213783285
0.018192481759752483
0.018370773660130027
0.01861897370386225
0.018884010842843267
0.019136596189755335
0.019378587914730926
0.01969353373531958
0.020008969229175954
0.02031183663423005
0.02060054546495575
0.020873571501600192
0.021129462285118823
0.021366842618435952
0.021584418398339696
0.021780980909345847
0.021955426579884408
0.022106714728072546
0.022242299794007925
0.022355240947613562
0.022457853153939642
0.022536751634600612
0.022587655146534314
0.022610133761857974
0.022603845805013324
0.022568536322466793
0.022504034311293317
0.022487370399256995
0.02246084201006603
0.02241770686272987
0.022348561336936308
0.022251902356210197
0.022127827190992343
0.021976487356367244
0.02179808560988931
0.021592980533981246
0.02136383446590527
0.021110749484670205
0.02083214794228684
0.020528762382592443
0.020201391786759785
0.0198498050872059
0.01947450003738205
0.019075995354236115
0.01865482738429434
0.01821154745676511
0.01774671865053287
0.017297692274912378
0.01692158651795465
0.01652724365488549
0.016114682380065973
0.015768747826902976
0.015548360011032662
0.015398170619469097
0.015354916170286715
0.015394265768920388
0.01548910972057317
0.015670368135280773
0.015853810338779036
0.016026653578064036
0.01626261401783783
0.016573745338641515
0.016874956227289347
0.017138736330325487
0.016978189167472388
0.016839247237995295
0.01670308433512639
0.01656965479361978
0.016438903317947104
0.016310839329434536
0.016185471734224598
0.016062805477996777
0.015942843225618095
0.015825580605793303
0.01573365472708812
0.01565935669756536
0.015587035294522893
0.015524703947043675
0.015492609591039498
0.015463315876614286
0.015436719968614121
0.01541275153314487
0.015391368180464767
0.015373878715567908
0.015365605263510652
0.015378908178665466
0.015394263459021265
0.015411660226249261
0.015430967716907426
0.01545212135860596
0.015475055254869237
0.015499701861314169
0.015525992280477997
0.015553856453284349
0.015583223007166596
0.015614080193317148
0.01564634837873425
0.0156798950459849
0.015714645430816167
0.01575052408954946
0.015787454354295193
0.015825359863740573
0.015882992680023703
0.015951774272116186
0.016021806825121093
0.01609617920305374
0.01617142799234233
0.016247461788271828
0.016324188268726655
0.01640151493986413
0.01647934926404766
0.016559750119197705
0.016640532514959935
0.01672144615532348
0.01680240105583879
0.01688330708032654
0.016964074729799508
0.017044648946721346
0.01712490897813822
0.017204762228594603
0.017284120556087017
0.0173628963886918
0.017441003457515113
0.017518355121389172
0.017594866897570078
0.01767045368255619
0.017745032802659294
0.017818521395584798
0.01789083826723193
0.017961903060565932
0.01803163711487289
0.01809996200344557
0.01816680142500583
0.01823208002844963
0.01829572374396822
0.018357660089318613
0.018429950027915146
0.0185228503303128
0.018618830049498356
0.018714103193677917
0.018807942389611844
0.018900270030443235
0.018991010181678827
0.019080087106929898
0.019167427007118803
0.01925295681793864
0.019336605184006442
0.01943460751210898
0.019548478100365543
0.019663392596250093
0.01977695739075913
0.019889092366448115
0.01999972497687198
0.020108774932008813
0.020216170665560623
0.020321840545873934
0.02042571513222459
0.020527725295035024
0.02062780341900152
0.020725882562190653
0.020821897449201036
0.020915783539305514
0.021007477756120857
0.02109691823587967
0.021184044315177366
0.02126879660309071
0.02135111710540612
0.02143094906281684
0.02150823711239786
0.02158292711503747
0.021654966734475856
0.021724304704183378
0.02179089091475693
0.021854677214682934
0.021915616697311735
0.02197366368495979
0.022028774515432666
0.02208090613623548
0.02213029520574415
0.022180227611430233
0.02222703304522588
0.022270674760213036
0.022311118077874795
0.022348328962412584
0.022385813763042942
0.022423318062567626
0.022457384511516573
0.02248798706061564
0.02251510177881884
0.022538705714277282
0.022558777295203766
0.022575296638091973
0.02258824524020451
0.02259760591413032
0.022603362687377372
0.02260550135980178
0.022604008878400354
0.022598873532977546
0.02259008502705137
0.022577634471504925
0.02256151400626432
0.02254171753235994
0.022518239925339203
0.02249107731076877
0.022489610413520104
0.022485401021831868
0.022477875041398445
0.022467024895699423
0.022459257509591733
0.02244815796947647
0.02243360700603793
0.022415810114161792
0.02239512613030288
0.022370973952599137
0.02234335502904373
0.022312271984420366
0.022277728380288464
0.022239728697989743
0.022198278135590957
0.02215338279586515
0.022105049836818366
0.02205328695218038
0.02199810281154169
0.021939506804111133
0.02187750914343621
0.02181212074572428
0.021743353115065932
0.02167122167299294
0.02159573852823949
0.021517022812215646
0.021435828187855457
0.021352013255452967
0.021264939068775284
0.021174621948733888
0.021081079262746587
0.020984328578776797
0.02088438817455438
0.020781276782172335
0.020675013644966444
0.02056566478255488
0.020453514360584537
0.020338268293218182
0.020219947768601143
0.020098574139483603
0.019974169239395927
0.019846755374345937
0.019716354917737745
0.01958299101385968
0.01944668666346814
0.01930746538376446
0.019165351072516986
0.019020367704584994
0.018872539474632053
0.018721890997271715
0.0185684470104959
0.01841223237441683
0.01825327215970345
0.018091591710753804
0.017927216426989644
0.017760171837739716
0.017590483596921447
0.01741817743953224
0.017283034719075177
0.01715141088386852
0.017017420709702382
0.016881384522018164
0.01674300729856654
0.01660230713531353
0.016459302283889133
0.016314010868152682
0.01616645126975082
0.016016641859317626
0.015890994648041674
0.01578547744175569
0.015678054343431377
0.015594896797119204
0.015545084821312208
0.015493497713716286
0.015440139149556357
0.015385013701655027
0.015356132654744913
0.015353645830079426
0.015349353541036623
0.01535958957951901
0.015380982245653535
0.015400504354037513
0.015424773394085914
0.015466737093505193
0.015531917429001396
0.015595691287327167
0.01565974956699121
0.01572620411949912
0.01579132871913314
0.01585511896530275
0.01591757140107682
0.01597868230559076
0.016038448649700405
0.01609686776815462
0.016195385532608356
0.01630759045388337
0.016418567418445475
0.01652830876422106
0.016636807077789813
0.016744055017040474
0.016850045964799464
0.016954773488575818
0.017058231465776
0.01713705621395847
0.017074976230408465
0.017017021263743912
0.016967160964577382
0.016917630348509894
0.016868488226779135
0.01681968221484496
0.016771208346328007
0.01672306788378756
0.01667526150965749
0.016627790285022582
0.01658065500829326
0.016533856261771923
0.016487394747447925
0.016441271115808814
0.016395485854284693
0.016350039513688176
0.016304932353727236
0.01626016474960998
0.01621573717154719
0.016171649515742542
0.016127902077415046
0.016084494983144668
0.01604142900890218
0.015998703906386913
0.01595631891455418
0.015914274018447267
0.015872568902684975
0.01583120328498531
0.015790176913095234
0.01575811154201697
0.015731267289806578
0.01570467375171427
0.015678330101381435
0.01565223593312429
0.015626390548345147
0.015600793511677065
0.015575444234758365
0.01555034182598709
0.015527305322952274
0.015515441734667065
0.01550396211503466
0.015492830325272358
0.015482039347499305
0.015471587665217541
0.015461473764433879
0.015451695754026966
0.015442252207608323
0.015433141205939414
0.01542436089338347
0.01541590940436155
0.015407785007240023
0.01539998550692208
0.015392509247244657
0.015385353867159618
0.015378517451908425
0.015372538041073098
0.015368210562938318
0.015364196766331042
0.015361501422662868
0.01536593060331743
0.015370621586265296
0.015375582508757906
0.015380818827628458
0.015386308833578997
0.015392049615771381
0.015398038637685227
0.01540427286924645
0.015410749509720288
0.015417465896980677
0.015424419062785626
0.015431606125514447
0.015439024130911898
0.01544667021165607
0.015454541392618513
0.015462634555183983
0.015470946961070318
0.015479475249802373
0.01548821658807417
0.015497167718186234
0.015506325773516592
0.015515687420251256
0.015525249765436901
0.01553500939654178
0.015544963403966867
0.01555510839729773
0.015565461812067168
0.015576010509523548
0.015586751425278282
0.015597670091246804
0.015608762963870005
0.015620026990860562
0.015631458785419498
0.015643054887951858
0.015654812240451083
0.01566672731527387
0.01567879684261566
0.015691017451185924
0.015703385762959
0.015715898360459595
0.015728551964653715
0.015741343133657344
0.015754268420484878
0.015767324312678802
0.01578050753986163
0.015793814683861904
0.015807242137981393
0.01582078654223368
0.015834444501841984
0.015857282983830847
0.015881402170708988
0.015905678851414185
0.015930109047714233
0.015954688636937477
0.01597941351819887
0.016004279478382438
0.016029906275232302
0.01605624077480124
0.016082691361677868
0.016109253868144515
0.0161359242852273
0.0161626985810681
0.01618957275985343
0.016216542396296618
0.01624360353003237
0.016270752079962463
0.016297983873718003
0.016325294767145695
0.016352680780400183
0.01638013756312648
0.016407661118014803
0.016435247194457294
0.016462891631340036
0.016490921895655954
0.01651949640646212
0.016548104053765937
0.01657674080787595
0.016605402602981753
0.01663408564747908
0.01666278571521327
0.016691498732037024
0.016720220933639916
0.016748947998394603
0.016777676049560115
0.016806401068811636
0.016835118917109468
0.016863834294362803
0.016892540414265727
0.016921227223834996
0.016949890669575824
0.01697852688547678
0.017007131957589548
0.017035701713190122
0.01706423228935459
0.017092719771863617
0.01712116008157067
0.01714954933093507
0.01717788358680587
0.017206158932868067
0.017234371362380752
0.0172625170097533
0.017290592119934105
0.017318592520728544
0.017346514576903248
0.017374354269084253
0.017402107777955048
0.017429771296816405
0.017457340942144097
0.017484812904886064
0.017512183418159716
0.017539448568215404
0.01756660474569442
0.01759364805681327
0.01762057468158407
0.01764738112642086
0.017674063508875737
0.01770061806480504
0.017727041239699814
0.017753329266044726
0.017779478491917064
0.017805485326422357
0.0178313461197565
0.017857057239222242
0.017882615086986443
0.017908016212829038
0.017933256843157434
0.017958333671740257
0.017983242978241026
0.01800798144209709
0.018032545442572972
0.018056931548941103
0.01808113645281311
0.01810515666619177
0.01812898860480135
0.018152629247730055
0.018176074865928978
0.01819932240262355
0.01822236845158989
0.018245209732288877
0.018267843007239958
0.018290264857716808
0.018312472343023006
0.01833446197602862
0.018356230753488943
0.01838036054502387
0.018407027227433325
0.018433522460086713
0.018466082649346273
0.01850021519554769
0.0185341933927849
0.018568013750866107
0.018602174734709105
0.01863621029704831
0.018670073056657337
0.01870375961513725
0.01873726647522567
0.01877059015431329
0.01880372718410016
0.018836673937499646
0.018869427252478095
0.018901983624336472
0.018934339502260457
0.018966491786625322
0.01899843695320536
0.019030171699969282
0.019061692685021014
0.019092996565355413
0.019124080040830528
0.01915494001977954
0.019185576091106132
0.019215989659063657
0.019246169615617724
0.01927611312431865
0.019305816689416746
0.01933527734444746
0.019367445454541186
0.01940387484593953
0.019440095326522206
0.01948030901757716
0.01952149422097899
0.019562519847118598
0.019603386651285377
0.019644087289809452
0.019684617963086567
0.019724975315918485
0.01976515593281468
0.019805156492506887
0.019844973857208358
0.01988460452257455
0.019924045215252914
0.01996329286554788
0.020002343931644104
0.020041195407109927
0.020079844012639174
0.02011828645214914
0.020156519642045845
0.020194540276378257
0.02023234534502643
0.020269931524063027
0.020307295766651474
0.02034443491785583
0.020381346052551323
0.020418025815308844
0.020454471357921125
0.0204906794792133
0.020526647375890127
0.02056237181163715
0.020597850020136147
0.020633078550323952
0.020668054957169835
0.020702776114815503
0.020737239125220307
0.020771441100868194
0.0208053789495279
0.02083905005140998
0.020872451463658452
0.02090558054764078
0.020938434062846352
0.020971009670260457
0.021003304410877582
0.021035315440713118
0.021067040167544845
0.02109847591128078
0.021129619852977326
0.021160469371875216
0.02119102185122757
0.021221274864021374
0.021251225343218223
0.02128087102244151
0.02131020939473198
0.021339237646980664
0.021367953431365584
0.021396354343763115
0.021424437628433574
0.02145220103150837
0.0214796421154881
0.021506758510604927
0.021533547574607372
0.021560007172980435
0.02158613479865093
0.021611928403344846
0.021637385408572813
0.021662503566700627
0.021687280659383024
0.021711714569196388
0.021735802933252047
0.021759543530195723
0.021782934342514985
0.02180597300240006
0.021828657667913032
0.021850986103099226
0.021872956245054528
0.021894566004608866
0.021915813425378756
0.021936696300374144
0.021957212859242518
0.02197736104535033
0.02199713917329701
0.0220165447750713
0.022035576438419587
0.02205423217648649
0.02207251004549679
0.02209040837090806
0.022107925250477396
0.02212528205565936
0.022143409980054554
0.022161147640484734
0.02217849313278855
0.02219544503219289
0.02221200142638715
0.022228160865567965
0.02224392164072239
0.022259282206909117
0.022274241022156454
0.022288796496824432
0.022302947219338856
0.022316691628584913
0.022330028200562693
0.022342955625119534
0.022355472431250342
0.02236873177678446
0.022382881717837897
0.02239660228808818
0.02240989227132193
0.022422750542018723
0.022435175775703805
0.02244716689595986
0.022458722727490454
0.0224698421866661
0.022480524080320266
0.02249076744015668
0.022500571192818234
0.02250993427193995
0.022518855702663106
0.022527334467480346
0.02253536961656165
0.02254296020670963
0.02255010536586418
0.022556804132969836
0.022563055699380094
0.022568859117036707
0.022574213694008576
0.022579118550025857
0.0225835728990422
0.0225875759587911
0.02259112706467046
0.0225942254245731
0.022596870400248357
0.022599061294545378
0.022600797488707417
0.022602078306877833
0.022602903153354448
0.022603271449312044
0.022603182647244823
0.02260263623767493
0.022601631560727205
0.02260016828113486
0.022598245857275937
0.02259586379235752
0.02259302172405214
0.022589719222198244
0.022585955824551432
0.02258173125831093
0.022577045144348263
0.022571897106459793
0.02256628687702559
0.022560214149365147
0.022553678652284862
0.02254668017921033
0.02253921847692782
0.022531293331349685
0.022522904566712357
0.022514052002113538
0.022504735546305346
0.02249495497956547
0.0224883275786702
0.022488220035125964
0.02248769657241588
0.022486756841507607
0.022485400359108915
0.0224836268103872
0.02248143577112081
0.022478826949697665
0.022475799998649362
0.02247235456864386
0.022468490419264558
0.022464569547265684
0.02246219421859348
0.022459384920961462
0.022456141506729192
0.022452463819149924
0.022448351734332066
0.022443805199179555
0.022438824117859208
0.022433408388806465
0.022427557966412895
0.022421272824352155
0.022414568623334935
0.022407690570189077
0.022400375832625
0.022392624427865358
0.02238443636740874
0.022375811746830565
0.022366750625469525
0.02235725306521473
0.02234731927617302
0.022336949260827896
0.022326143201870246
0.022314901314137388
0.022303223639843717
0.0222911104314326
0.02227856185271627
0.022265578149169536
0.022252159532742524
0.022238306206117765
0.022224018449436958
0.02220929647154358
0.022194140620491763
0.022178551121433042
0.022162528317415147
0.022146072498878913
0.022129184026697554
0.02211186320558983
0.022094110431046803
0.022075926022134342
0.0220573103463251
0.02203826390255166
0.022018786978899422
0.02199888005537924
0.02197854355410055
0.021957777860601022
0.021936583615691025
0.02191496222446144
0.021892912992461898
0.021870436612477066
0.021847533417216996
0.021824203986468532
0.021800448815915557
0.02177626846756943
0.02175166350931795
0.021726634475824413
0.02170118190805254
0.021675306420919884
0.02164900864309686
0.021622289056154865
0.02159514837067331
0.02156758720255511
0.021539640346280045
0.021511278387214956
0.021482497575174453
0.02145377206968199
0.021424694823827344
0.021395205461617797
0.021365304665548923
0.021334993199628317
0.021304271758716846
0.021273141150901908
0.021241601980267175
0.021209655066255786
0.021177301248582997
0.02114454118309658
0.02111137570931317
0.02107780564408053
0.021043831745849412
0.021009454806855832
0.020974675640346264
0.02093949515943375
0.020903914079877996
0.020867933288014433
0.020831553637984803
0.02079477598453074
0.02075760121030255
0.020720030131574568
0.020682063661941516
0.020643702727172322
0.020604948103250312
0.02056580078577402
0.020526361390155467
0.02048655807460839
0.02044636415856921
0.020405780696464988
0.020364808561828256
0.020323448684095767
0.020281702075372023
0.020239569649158247
0.0201970523413963
0.020154151208692232
0.02011086708531273
0.02006720111579397
0.020023154172744206
0.019978727226605788
0.019933921346345414
0.019888737526007772
0.01984317672061172
0.01979724001393335
0.019750928351037207
0.01970424281047509
0.019657184399787777
0.019609754122960597
0.019561953087863307
0.019513782286558874
0.01946524275847408
0.019416335596404884
0.01936706187346986
0.019317422522870532
0.019267418767716645
0.019217051601067195
0.0191663220852382
0.019115231301068385
0.01906378037109475
0.019011970349500956
0.01895980226706718
0.018907277317405807
0.018854396583250898
0.01880116113069474
0.018747572021082508
0.018693630472573525
0.018639337486764065
0.018584694193480134
0.01852970176954545
0.018474361312008032
0.018418673881156047
0.01836264062485521
0.018306262723864805
0.0182495412515166
0.018192477360266933
0.018135072198854532
0.018077326858776575
0.01801924248293875
0.01796082025392615
0.017902061296886092
0.017842966713561313
0.017783537717800498
0.017723775416371584
0.017663680915268612
0.01760325545594056
0.017542500155040556
0.01748141617370495
0.01742000464184482
0.017367423201268016
0.017321561069782915
0.017275398001644984
0.017228934756012126
0.017182172156199018
0.017135110974660313
0.017087751961976094
0.017040095936562173
0.016992143688062566
0.01694394605314352
0.01689551141210208
0.016846781690014044
0.01679775783261604
0.016748440632382983
0.016698830850762826
0.016648929315474792
0.01659873688103354
0.016548254291215734
0.016497482391644218
0.016446421960340598
0.016395073874876254
0.01634343889897417
0.016291517974815546
0.0162393117860576
0.01618682116017001
0.016134046837404676
0.016080989983172898
0.016027651037252982
0.01597403093746903
0.01592844128311973
0.015891480461479476
0.01585427823603767
0.015816835091316775
0.015779151615764556
0.01574122817277479
0.015703067252688933
0.01566468192048462
0.015626058332149827
0.015602232073077553
0.015584879723975575
0.015567303535386344
0.015549503663913918
0.01553148020245484
0.015513233397146789
0.015494763398949282
0.015476070337469987
0.015457154510217333
0.015438015942566628
0.015418655066852482
0.015399071810051254
0.01537926656300581
0.01535923993594637
0.015354914650021494
0.015354379914342452
0.015353617925036606
0.015352628605933229
0.015351411873914254
0.015349967748585906
0.015348296086134543
0.015346396964453616
0.01534954200017326
0.015357598656504113
0.015365420205167745
0.015373006514484875
0.01538035742419247
0.015387472818683003
0.015394352627109385
0.01540099665181935
0.015407599841583445
0.015417978365149878
0.015428137767195293
0.015438077917801283
0.01545788160534084
0.015480970472350454
0.015504145636318455
0.015527142941388355
0.015549962037091527
0.01557260274863136
0.015595064826124067
0.015617348057383122
0.015639602650884623
0.01566346698065685
0.015687164419197853
0.0157106947007561
0.015734057670653518
0.015757253191561883
0.015780280918475432
0.015803140807607852
0.01582583262421381
0.015848356229957776
0.01587071142518131
0.01589289802067022
0.01591491598334301
0.015936765014527933
0.01595844505019827
0.015979955964794686
0.016001297579624495
0.016022469752063527
0.0160434724505288
0.016064305457036934
0.016084968728169863
0.016105462089309554
0.016140265172443595
0.01618042346500437
0.016220428423014518
0.016260279617087058
0.01629997665277196
0.016339519178978548
0.01637890678908605
0.016418139217374842
0.016457216120930773
0.016496137033376657
0.01653490179269345
0.016573509933678038
0.016611961244537357
0.0166502553128114
0.01668839183138607
0.016726370533963208
0.016764191141177213
0.016801853342738628
0.01683935677165792
0.01687670126435634
0.016913886542680143
0.016950912240070806
0.01698777812600666
0.01702448391318278
0.017061029470364086
0.017097414425930015
0.017133638581635004
0.017129481477653308
0.017107438465571015
0.01708542210027399
0.01706343247298361
0.017041469754481384
0.01702198492111842
0.017004242047877687
0.016986540544773304
0.016968880511199203
0.016951261947642328
0.016933700215495485
0.01691618713552767
0.0168987155992968
0.0168812856475193
0.016863897327036956
0.016846550760536587
0.01682924597044826
0.016811982959299854
0.016794761802642007
0.016777582546602148
0.016760445197851144
0.016743349850687005
0.01672629657413482
0.016709285303670544
0.01669231621305848
0.01667538920960852
0.016658504375776432
0.01664166182687059
0.016624861504912377
0.016608103484818795
0.016591387813148322
0.016574714437580268
0.01655808348155571
0.016541494954314697
0.016524948825781018
0.01650844524720806
0.016491984147942194
0.01647556557899812
0.01645918953246771
0.0164428560775334
0.01642656522327908
0.016410317026895608
0.016394111425854153
0.01637794847629628
0.016361828266777304
0.016345750715629874
0.016329715900232623
0.016313723769933886
0.016297774427890252
0.01628186784706407
0.016266004052991407
0.016250183042894207
0.01623440477351402
0.016218669332523895
0.01620297669182761
0.0161873269261451
0.01617171995882265
0.016156155785038352
0.016140634506649314
0.016125156000837398
0.016109720389344922
0.016094327633706114
0.016078977679305974
0.0160636708295838
0.016048407148430942
0.01603318621009712
0.016018008154322156
0.016002872964438503
0.01598778054724683
0.015972730974137626
0.015957724233124075
0.01594276031622471
0.015927839169890233
0.015912960838958184
0.01589812530218006
0.01588333245984626
0.01586858246618272
0.015853875195962253
0.015839210648391812
0.01582458886490318
0.01581000970700191
0.015795473324162822
0.015780979581386204
0.01576901702003324
0.01575942403278234
0.015749862642295623
0.01574033273225204
0.015730834543557087
0.015721367829432273
0.01571193265255525
0.01570252900076855
0.01569315677342999
0.015683816059331956
0.01567450671063111
0.015665228787267498
0.01565598221707379
0.01564676705929001
0.015637583080574325
0.015628430528384984
0.015619309159964907
0.015610219040906407
0.015601160136936531
0.01559213257089916
0.015583136063093148
0.015574170659321925
0.015565236402535728
0.015556333098885817
0.01554746082231711
0.01553861946714441
0.015529809046985199
0.015524501357708585
0.015520274697655035
0.01551610176241537
0.015511972076582038
0.015507885733866349
0.015503842593248704
0.015499842510847817
0.015495885562077205
0.015491971549654709
0.015488100442105244
0.015484272208397954
0.015480486738747868
0.015476744011077036
0.015473043946442491
0.015469386408206115
0.015465771335779642
0.015462198739122008
0.015458668472971115
0.015455180453844156
0.015451734658985292
0.015448331007142543
0.015444969376628632
0.015441649705671173
0.015438371945960096
0.01543513588365798
0.015431941654906866
0.015428789037340952
0.01542567788965348
0.015422608355092845
0.015419580109207702
0.015416593249426772
0.01541364760077174
0.015410743035454129
0.015407879533873054
0.015405057017871019
0.015402275377969211
0.015399534481606249
0.01539683429916678
0.01539417477049732
0.015391555668544738
0.015388977104589441
0.015386438816679155
0.015383940708984908
0.015381482799413069
0.01537906490754154
0.015376687049512736
0.015374348957253071
0.015372200818374118
0.015370608079947314
0.01536905505206481
0.015367541637666494
0.015366067756212434
0.015364633277345038
0.0153632381537466
0.015361882245874666
0.015360565294950328
0.015360261505340244
0.015361803120399567
0.01536337790817647
0.01536498595671533
0.015366626762352549
0.015368307422688113
0.015370024308973261
0.015371773873177017
0.015373555996032944
0.015375370240568799
0.015377216851253763
0.0153790954702216
0.015381006049707088
0.015382948414230444
0.01538492250451612
0.015386928262766686
0.015388965534165154
0.015391034026510365
0.015393133863901324
0.015395264723028743
0.015397426581737398
0.015399619225024808
0.015401842676997544
0.015404096669417477
0.015406381196644723
0.01540869609036381
0.015411041066400488
0.015413416253344834
0.015415821391249179
0.015418256302025398
0.015420720947083738
0.015423215167853825
0.015425738939793855
0.015428291865619479
0.015430874115814166
0.015433485272826272
0.015436125515757355
0.01543879447148451
0.015441492154620285
0.01544421820396789
0.015446972844701777
0.015449755590293705
0.015452566561448732
0.015455405477265188
0.015458272345387365
0.01546116684536951
0.015464088967326343
0.01546703852052749
0.015470015515888875
0.015473019628671153
0.015476050772707826
0.015479108805873717
0.015482193663245044
0.015485305139728888
0.015488443161441025
0.015491607486173552
0.015494798126656963
0.015498014735179713
0.015501257343874095
0.015504525847554837
0.015507819852293861
0.01551113955548221
0.015514484601355781
0.015517854830193837
0.015521250179651783
0.015524670561508556
0.015528115745420956
0.015531585570135962
0.015535080061795228
0.01553859886463206
0.015542141911255932
0.015545709154372547
0.015549305942876523
0.015552931189640249
0.015556579869475127
0.015560252033930282
0.015563949026923313
0.015567672943517836
0.015571420004741425
0.015575189963178445
0.015578982927594428
0.015582798298667487
0.015586636100805955
0.015590496274886402
0.015594378689256446
0.015598283015689092
0.015602209267800378
0.015606157274995484
0.015610126787226718
0.015614117787510949
0.015618130083646566
0.0156221635745439
0.015626218114075767
0.01563029338568476
0.015634389342742132
0.015638506058096406
0.01564264299914216
0.015646800319700612
0.015650977704831943
0.01565517492494496
0.01565939213889001
0.015663628966444302
0.015667885289857686
0.015672160949052986
0.0156764557777478
0.015680769801688477
0.015685102638423563
0.015689454228865647
0.01569382454085801
0.01569821316578497
0.015702620237189047
0.015707045331162496
0.015711488613183427
0.015715949730921108
0.015720428336100233
0.01572492470389316
0.01572943840318359
0.015733969290378003
0.01573851732303851
0.015743082371577857
0.015747664069810548
0.015752262546095686
0.01575687748065626
0.015761508752373057
0.015766156175342192
0.015770819600673818
0.01577549886108307
0.01578019389033252
0.015784904474227004
0.01578963061817414
0.0157943718153674
0.015799128169834625
0.015803899500182936
0.015808685566109835
0.015813486422368885
0.015818301564233448
0.01582313122220384
0.015827974930034946
0.015832832710919544
0.015839804770401558
0.015848305509255773
0.015856826526884724
0.01586536805390236
0.015873929634996255
0.015882511181010577
0.01589111265040415
0.01589973357550229
0.01590837402810592
0.01591703372101355
0.015925712444111693
0.01593440998825443
0.01594312625775258
0.015951860979167547
0.015960614068255042
0.015969385308760114
0.015978174524950484
0.015986981578062085
0.015995806057069774
0.01600464800658341
0.016013507209313053
0.016022742656832453
0.016032063453106062
0.016041399277605187
0.016050750028096816
0.01606011561821154
0.0160694956662747
0.016078889960155395
0.016088298488867947
0.01609772081000677
0.016107157141846507
0.01611660703805217
0.016126070215569645
0.0161355467822079
0.016145036432158942
0.016154538748400303
0.016164054035837483
0.016173581595964295
0.016183121553978098
0.016192673780326114
0.016202237760422095
0.016211813615701152
0.016221401153751088
0.01623100002283384
0.01624061012668277
0.016250231049302163
0.01625986311774115
0.01626950564945527
0.016279158861642294
0.01628882216555144
0.016298495702649025
0.01630817928294372
0.016317872555965868
0.01632757514376371
0.016337287288831197
0.016347008816081084
0.01635673906358447
0.01636647832840035
0.016376226114918277
0.01638598238654826
0.016395746817859064
0.0164055195197858
0.016415299953794673
0.01642508828657034
0.016434883991864196
0.016444687034907896
0.01645449737163433
0.016464314515964862
0.016474138578396722
0.01648416288750768
0.016494295124599948
0.0165044321376528
0.01651457358706935
0.016524719156718833
0.01653486885755196
0.016545022428206196
0.016555179622672323
0.016565340473863977
0.016575504655780282
0.0165856719050006
0.016595842217953245
0.016606015385812637
0.016616191065280825
0.016626369375497087
0.01663654973483046
0.016646732307564416
0.0166569167656224
0.016667102823202974
0.016677290595357806
0.016687479614235355
0.016697669944483712
0.01670786111611937
0.016718053271153655
0.016728246038336846
0.01673843920671732
0.01674863282055362
0.016758826417685755
0.016769019891833856
0.01677921316330583
0.016789406092048743
0.016799598320175402
0.016809789772916597
0.016819984869593577
0.016830179504028313
0.016840372582288567
0.016850564257464923
0.016860754129992613
0.01687094222564602
0.01688112825304995
0.016891311865893207
0.016901493202194962
0.016911671950469772
0.01692184774088412
0.016932020749908194
0.01694219065044095
0.0169523571188413
0.016962520125035834
0.01697267948371249
0.016982835021886866
0.016992986442487056
0.017003133751325693
0.01701327661006475
0.017023415027861217
0.017033548502972444
0.017043677193629606
0.017053800854010644
0.017063919162027152
0.017074032012106395
0.01708413918247101
0.01709424072166226
0.017104336140913598
0.017114425539042015
0.017124508439921186
0.017134584956931518
0.01714465482935492
0.017154717737168212
0.017164773703004975
0.017174822380870747
0.017184863640888372
0.01719489747475918
0.01720492342329272
0.017214941624794797
0.017224951660313344
0.017234953473783638
0.01724494680501819
0.017254931540773837
0.0172649074377683
0.017274874401669388
0.01728483245003436
0.017294780866421
0.017304719981125982
0.017314649428885456
0.017324569122401563
0.0173344786718203
0.017344378092512668
0.017354267293460894
0.017364145820776142
0.017374013682112235
0.01738387074352585
0.017393716753587588
0.017403551501163274
0.017413374931590106
0.017423186884410833
0.017432987020834324
0.01744277520893324
0.017452551490397223
0.017462315472309514
0.017472067058987358
0.01748180608912686
0.01749153230067534
0.01750124564002831
0.01751094598615198
0.017520632923774513
0.01753030649941692
0.017539966557463413
0.0175496128827649
0.01755924524636983
0.017568863452123846
0.017578467395774587
0.017588056973059416
0.017597631810508507
0.017607192002498034
0.017616737394340398
0.017626267543623907
0.017635782373590318
0.01764528178886844
0.017654765666486043
0.017664233812987633
0.017673685939855206
0.01768312199265437
0.01769254185451321
0.01770194525259542
0.017711332082469226
0.017720702124896393
0.017730055293705693
0.017739391207945307
0.017748710142117867
0.017758011439856586
0.017767295312147435
0.017776561490160932
0.017785809574809124
0.01779503974498623
0.017804251641574426
0.017813445277392016
0.017822620216451843
0.017831776428173234
0.017840913944567383
0.01785003228257267
0.01785913146434182
0.017868211352227405
0.017877271750818907
0.017886312446636105
0.01789533338395152
0.01790433418764673
0.0179133149139903
0.017922275387009277
0.01793121531654788
0.017940134702697716
0.017949033221829412
0.017957910990515254
0.01796676749481623
0.017975602789843458
0.017984416723855035
0.017993209095642133
0.0180019797172859
0.018010728589491903
0.018019455337104067
0.01802815992517874
0.018036842188329655
0.018045501951658077
0.018054139100059523
0.018062753383263404
0.018071344856614928
0.01807991318141062
0.018088458190950143
0.01809697977221499
0.018105477977852915
0.018113952296627822
0.018122402807262322
0.018130829300083636
0.01813923174051292
0.018147609795996965
0.01815596341925533
0.018164292362023694
0.018172596653616348
0.018180875968172035
0.018189130267234958
0.01819735934922453
0.018205563136140437
0.018213741292314154
0.018221893922198768
0.018230020668468093
0.018238121677078407
0.018246196443858817
0.018254244943641085
0.018262267139678233
0.018270262724875964
0.01827823182455127
0.01828617406234156
0.018294089313359456
0.018301977474880108
0.018309838475931088
0.018317671899343003
0.018325478009076943
0.018333256408667554
0.018341006969087314
0.018348729501256718
0.01835642404399103
0.018364090372539454
0.018373046583261877
0.01838254213099233
0.01839201656519313
0.018401469624423874
0.01841090114330358
0.01842031104105761
0.018429699228730716
0.0184392646335034
0.01845143308507228
0.018463582827297223
0.01847571354362371
0.01848782519843977
0.018499917587402354
0.01851199042987006
0.01852404371355663
0.01853607738388454
0.018548090998600015
0.01856008457948872
0.01857205796839
0.018584177518949346
0.018596303259556975
0.018608407798837646
0.018620490963691522
0.018632552340293946
0.018644592204078533
0.0186566102207505
0.01866860624276484
0.018680579978440803
0.018692531356359187
0.018704460388763014
0.018716366578439052
0.0187282500446083
0.018740110661668315
0.018751947981776963
0.018763762106348947
0.018775552892548095
0.0187873200029794
0.018799063371212926
0.018810782839758313
0.01882247830573243
0.018834149571415024
0.01884579645048672
0.018857418968502102
0.01886901663270015
0.018880589695589214
0.018892137702038958
0.018903660509909707
0.018915158136892162
0.018926630430155845
0.018938077036482058
0.018949498005207288
0.018960893084649124
0.018972262149622197
0.018983605001103843
0.018994921626542496
0.019006211705583264
0.01901747525919308
0.019028712039149753
0.019039922751690953
0.019051109539263165
0.019062268981975758
0.01907340119652961
0.01908450572289244
0.019095582749869378
0.019106631854661396
0.01911765311125832
0.019128646205715492
0.019139611032923207
0.019150547542137672
0.01916145550665225
0.019172334717311276
0.01918318524380229
0.019194006640952242
0.019204799071639883
0.019215562214891076
0.01922629588635649
0.019237000124848167
0.01924767449474642
0.019258319272159454
0.019268934026554753
0.01927951852990668
0.01929007289684537
0.019300596950571368
0.019311090403509274
0.019321553260154646
0.019331985235821112
0.01934238626781264
0.019352944874076055
0.019365921070582895
0.019378871553719403
0.01939179589949661
0.01940469408147517
0.019417566187826144
0.019430411558350753
0.01944323040324311
0.019457394350620112
0.01947205496245979
0.019486696700509055
0.0195013197790668
0.01951592281126767
0.01953050593400597
0.019545068606769352
0.019559611039994228
0.019574132851003085
0.01958863415414877
0.019603114400192728
0.019617573867947078
0.019632012086680663
0.019646429008468493
0.019660824479122624
0.019675198530440814
0.01968955060820797
0.019703880889541822
0.01971818922724754
0.01973247540012917
0.019746739169098124
0.019760980430421595
0.019775199035040564
0.019789395018651592
0.019803567861291872
0.019817717772445908
0.019831844533410546
0.019845947765020962
0.019860027526654545
0.01987408361335152
0.019888115937327037
0.019902124402170533
0.01991610851914902
0.019930068517823016
0.01994400412931477
0.01995791521247295
0.019971801518531857
0.019985663121747065
0.019999499679321655
0.020013311239321378
0.020027097394449505
0.020040858167552193
0.020054593388082593
0.02006830294122022
0.02008198662888933
0.020095644346495002
0.020109275944057408
0.020122881215601806
0.02013646017390681
0.020150012489273256
0.02016353820491905
0.02017703703667976
0.020190508894864387
0.02020395358522569
0.020217371147525292
0.020230761191251348
0.020244123700170126
0.020257458634743614
0.02027076565037039
0.020284044759169065
0.02029729561514007
0.020310518365641027
0.020323712795908545
0.02033687855239865
0.02035001584290999
0.02036312418223267
0.02037620367965419
0.020389254046928745
0.02040227531011005
0.020415267172852875
0.02042822947758596
0.02044116225704677
0.020454065381230162
0.02046693845803355
0.02047978152697497
0.020492594409078805
0.020505377087572642
0.0205181294097627
0.020530851016374765
0.020543542052086753
0.020556202188883464
0.020568831297639468
0.02058142933943446
0.020593996284708725
0.020606531736099828
0.02061903580901932
0.02063150817882739
0.020643948698199053
0.020656357466058258
0.020668734151086207
0.020681078732857763
0.020693390882975705
0.020705670763227484
0.020717918121333813
0.020730132757923597
0.020742314627322265
0.020754463516303688
0.02076657925598557
0.02077866196369497
0.020790711258975313
0.020802727160595162
0.02081470950128678
0.02082665807679063
0.02083857285953472
0.02085045359141739
0.0208623003471737
0.020874112899940882
0.02088589108322945
0.020897634852327093
0.020909344016006585
0.020921018319346202
0.0209326580975627
0.020944262667160735
0.020955832165257825
0.020967366587038207
0.0209788655425091
0.02099032918251961
0.021001757131861688
0.02101314936730468
0.021024505905304407
0.021035826420203973
0.021047110891366013
0.02105835916340859
0.021069571148981246
0.021080746612394074
0.021091885645911995
0.021102988026077872
0.021114053534996107
0.021125082183774044
0.021136073884559962
0.021147028227293627
0.02115794547827563
0.021168825278648173
0.02117966763808875
0.021190472268951033
0.021201239266893296
0.021211968490793424
0.021222659602487898
0.021233312601514266
0.021243927496955552
0.02125450416820924
0.021265042329484334
0.021275541968506447
0.02128600280539946
0.021296425088487267
0.021306808383960953
0.021317152661912506
0.021327457833931595
0.02133772374200231
0.021347950449496108
0.021358137616657665
0.021368285224128872
0.021378393066222762
0.021388461307626044
0.021398489614202564
0.021408477911189553
0.021418425999956348
0.021428333908740094
0.021438201595152223
0.021448028723150325
0.021457815419936323
0.021467561354005897
0.021477266651075234
0.021486931010127178
0.021496554270016798
0.02150613658906073
0.02151567757007856
0.02152517739249769
0.021534635756351894
0.021544052657619394
0.02155342794031068
0.021562761356916295
0.02157205309664089
0.021581302829166288
0.0215905106252382
0.021599676166890104
0.021608799636090616
0.021617880558467133
0.021626919130230668
0.02163591521184331
0.021644868552584545
0.021653779218470882
0.021662647072631398
0.021671471926721673
0.021680253643578278
0.021688992280136
0.021697687678535072
0.021706339648968443
0.02171494830517794
0.0217235133325306
0.021732034783071875
0.021740512477409428
0.021748946213308914
0.021757336246636182
0.021765681980892244
0.021773983783536767
0.021782241350733058
0.02179045448050051
0.021798623280196234
0.02180674749015468
0.021814827156647815
0.02182286220831038
0.021830852402855743
0.021838797591372066
0.02184669791580996
0.02185455322790373
0.021862363265643364
0.0218701280770935
0.02187784753859974
0.021885521687245762
0.021893150086592615
0.02190073304787102
0.021908270121158393
0.021915761584777874
0.021923207042531243
0.021930606665401208
0.02193796013193078
0.02194526743500705
0.021952528402077256
0.021959743222718833
0.02196691149166862
0.021974033420998008
0.021981108589896933
0.02198813711434027
0.021995119004524992
0.02200205390139028
0.022008941919594835
0.02201578289624214
0.02202257685995206
0.02202932362794145
0.022036023037047808
0.02204267518060272
0.022049279937047656
0.022055837024050208
0.02206234674303315
0.02206880861786713
0.02207522261851405
0.02208158905008711
0.02208790737221884
0.022094177753838894
0.02210040004225297
0.022106574171374373
0.022112700091943088
0.02211877772945706
0.022125154421722245
0.022131624683605293
0.02213804601608384
0.022144418225374378
0.022150741171253017
0.022157014895679488
0.022163239389008157
0.022169414480626336
0.022175540006577982
0.022181615998011987
0.022187642469243308
0.022193619169240255
0.02219954612077655
0.022205423195429605
0.022211250407776155
0.02221702762845088
0.022222754805400702
0.022228431833429242
0.02223405857378459
0.022239635307497015
0.02224516148916969
0.022250637277508475
0.02225606251067849
0.02226143740208666
0.022266761471442655
0.022272034975196413
0.022277257715685166
0.0222824296324605
0.022287550558458585
0.022292620584626943
0.02229763960234043
0.022302607600922765
0.022307524320571724
0.02231238984860866
0.022317204072604895
0.022321966924193064
0.02232667847263949
0.02233133842762558
0.022335946872600487
0.02234050370669502
0.022345008814881766
0.02234946225094873
0.022353863862666856
0.02235821373333489
0.022362907639778596
0.022368029096179808
0.022373096696278297
0.022378110184202785
0.022383069778820826
0.022387975386439902
0.02239282667700535
0.022397623951422814
0.022402366956660747
0.02240705572087237
0.02241169005241485
0.022416270049525167
0.02242079558293279
0.022425266642334882
0.02242968320304784
0.022434045137062195
0.02243835243829704
0.022442604932024057
0.022446802782085145
0.022450945725679614
0.022455033920091783
0.022459067188969572
0.022463045434824726
0.022466968761028643
0.022470836969798527
0.022474650024747415
0.022478408102520383
0.02248211089475861
0.022485758416874772
0.02248935067842216
0.022492887595743687
0.02249636907102005
0.022499795236932636
0.022503165806479087
0.022506480943253245
0.0225097403958175
0.022512944329515547
0.02251609260594041
0.02251918514695864
0.0225222220138625
0.022525202947894268
0.022528128136140933
0.022530997534787534
0.022533810992106353
0.022536568416631982
0.022539269851330944
0.022541915252450626
0.022544504653733196
0.022547037883604702
0.022549514977297295
0.022551935853334298
0.022554300538275486
0.022556608884375096
0.022558860979726453
0.022561056626057605
0.022563195928327586
0.022565278764471536
0.022567305120179754
0.02256927510626992
0.02257118838846069
0.02257304523062607
0.02257484548957248
0.02257658894989745
0.022578275886800094
0.022579906011993105
0.022581479392227006
0.022582996051170444
0.022584455857637187
0.02258585874104546
0.022587204847222486
0.02258849395110528
0.02258972613825888
0.022590901335344613
0.02259201955222133
0.022593080715746026
0.022594084816052705
0.02259503184068737
0.022595921706703773
0.022596754414804115
0.022597529944768626
0.022598248244889273
0.022598909248814327
0.022599512965620034
0.022600059464877052
0.022600548578111914
0.022600980297421424
0.022601354735620565
0.02260167166468317
0.02260193113824288
0.022602133141689112
0.02260227783340852
0.02260236481682716
0.022602394221544024
0.02260236625004596
0.02260228053361649
0.022602137300756848
0.022601936350096132
0.0226016777857031
0.022601361499451127
0.02260098755480332
0.022600555871686103
0.022600066392695708
0.022599519069370022
0.022598914101610988
0.022598251303553352
0.022597530536057234
0.02259675214266881
0.02259591568084745
0.022595021458024906
0.022594069117294353
0.022593059048769508
0.02259199100022396
0.02259086487684021
0.02258968080521604
0.02258843887087202
0.022587138673992428
0.022585780667940012
0.022584364429442602
0.022582890268526588
0.022581357896216295
0.022579767466394274
0.022578118936281835
0.02257641218885684
0.022574647436431276
0.022572824413636564
0.022570943305690858
0.022569003998261103
0.022567006439569406
0.022564950629030734
0.02256283673941536
0.022560664480822383
0.02255843396061121
0.02255614524602295
0.022553798324188076
0.022551393030419028
0.022548929379683155
0.0225464075335112
0.02254382732459512
0.022541188761771764
0.022538491928111314
0.02253573677283947
0.022532923204610103
0.022530051317665105
0.02252712099355684
0.022524132366486673
0.022521085349685256
0.02251797985820264
0.022514816080517346
0.022511593805978603
0.022508313174440128
0.022504974206183546
0.022501576733127526
0.022498120805298526
0.02249460652199745
0.02249103371398123
0.022487402592024374
0.022487413702533633
0.02248742169636914
0.022487377470453204
0.022487280832735174
0.022487131743838228
0.02248693034094032
0.02248667656565493
0.02248637035683042
0.02248601172296229
0.02248560058727474
0.022485137055144617
0.022484621056662275
0.022484052507563846
0.022483431425139623
0.022482757790984575
0.022482031561130753
0.022481252863030956
0.022480421519848467
0.022479537614712452
0.022478601070638805
0.022477611887339887
0.022476570130415856
0.022475475659113984
0.022474328500982202
0.02247312868762317
0.02247187616578589
0.02247057078471345
0.022469212807222517
0.022467802167161228
0.022466338677553106
0.022464822435718936
0.022463712506849982
0.02246291789450986
0.022462068721194838
0.022461164857312473
0.022460206262888093
0.022459193235906113
0.022458125388656408
0.022457002999330726
0.022455825813774696
0.022454594082140938
0.022453307598451395
0.022451966545478978
0.022450570696440093
0.022449120148866047
0.022447614976805894
0.022446055130801
0.022444440457963958
0.02244277115228333
0.022441047169412177
0.022439268532963838
0.022437435099010153
0.022435546925959345
0.022433604077209013
0.02243160644868272
0.022429554259455153
0.022427447115443505
0.022425285358301975
0.022423068808497988
0.022420797655609576
0.022418471794478274
0.0224160910143545
0.02241365562995089
0.022411222986953302
0.022408776086963816
0.022406274435824363
0.022403717674064523
0.02240110599999532
0.022398439357265803
0.02239571776397904
0.022392941119532647
0.02239010957117414
0.022387222980475168
0.022384281395237526
0.022381285048438438
0.02237823365080998
0.022375127193792598
0.022371965907963153
0.02236874962676504
0.022365478394018777
0.022362152246097614
0.022358771060160824
0.022355335089337073
0.022351844024708085
0.022348298290204134
0.022344697482691595
0.02234104174775873
0.022337331180144804
0.022333565599326654
0.02232974527132144
0.022325869945308847
0.0223219398401468
0.022317954882155804
0.02231391496501904
0.022309820214874293
0.022305670710685153
0.022301466176730407
0.022297207083630602
0.022292892990959934
0.02228852406057616
0.022284100394098696
0.022279621923007416
0.022275088657692
0.022270500529985943
0.022265857801666143
0.022261160307031784
0.022256407975671452
0.022251600904912083
0.02224673919572319
0.022241822739932717
0.022236851402742213
0.022231825642112818
0.022226745061078298
0.022221609919410433
0.022216419975472298
0.02221117541595883
0.022205876208328198
0.022200522482939362
0.022195114173923936
0.0221896510858896
0.022184133522913794
0.02217856142115277
0.022172934727257485
0.022167253613795405
0.022161517783473122
0.022155727620128345
0.022149882799455792
0.022143983516706062
0.022138029859635186
0.022132021746615056
0.02212595917551687
0.022119842139867826
0.022113670762883827
0.02210744494451991
0.022101164664925663
0.022094830256185985
0.022088441412383673
0.022081998193108257
0.022075500631150855
0.02206894889356084
0.022062342807067353
0.022055682503151906
0.022048967871864198
0.022042199161610466
0.022035376176260887
0.02202849901181756
0.022021567727829757
0.02201458221205326
0.022007542615596103
0.022000449334656377
0.021993301910973526
0.02198610044859476
0.02197884497120144
0.021971535413477725
0.021964171815904196
0.021956754382419705
0.021949282826176503
0.021941757368078654
0.021934177962219293
0.021926544781948186
0.02191885759130111
0.02191111657297752
0.021903321719322005
0.021895472952903033
0.021887570454165988
0.02187961419586459
0.021871604207523973
0.021863540450821634
0.02185542294345879
0.021847251908930103
0.021839026980620683
0.02183074866405002
0.02182241653477569
0.0218140308584824
0.02180559166552519
0.021797098989957915
0.021788552676081253
0.021779952863477135
0.021771299623088956
0.021762592930640534
0.0217538328228162
0.021745019242757558
0.021736152380881717
0.021727232232561018
0.02171825864344371
0.021709231846152748
0.021700151633360015
0.021691018310061053
0.02168183171706372
0.021672592020717214
0.021663299049634623
0.021653952899373146
0.021644553849388303
0.021635101511117787
0.02162559624541006
0.021616037838725514
0.02160642656396736
0.02159676221336551
0.02158704491929802
0.021577274857204596
0.0215674516837
0.021557575894318046
0.021547653383992043
0.021537685493717436
0.021527664776592154
0.021517591243795195
0.021507465074171034
0.021497286171984133
0.021487054516393732
0.02147679709132286
0.021466649626397064
0.021456450072506766
0.02144619853505765
0.021435895000139784
0.021425539687611857
0.02141513233457036
0.021404673193976036
0.02139416215547881
0.021383599392253035
0.021372984922643237
0.021362318744438585
0.021351600685558247
0.02134083109529504
0.02133000986590264
0.02131913700558039
0.021308212652980413
0.0212972366315713
0.021286209258256802
0.021275130367691224
0.021263999946147683
0.02125281817426923
0.0212415850814338
0.021230300644387287
0.021218965001987555
0.02120757789596582
0.021196139707772153
0.02118465023105834
0.021173109666445197
0.021161517903544428
0.021149875138127876
0.021138181282432292
0.021126436308987386
0.02111464042975398
0.02110279359754849
0.021090895936447546
0.021078947257064322
0.021066947887587593
0.021054897530486404
0.021042796538258926
0.02103064470351519
0.02101844216926397
0.02100618899315287
0.020993885221797327
0.02098153094380253
0.0209691259605606
0.020956670539752822
0.020944164669902184
0.02093160831173019
0.020919001494663497
0.020906344325170446
0.020893636868135272
0.02088087920195726
0.020868071145305808
0.020855212916252353
0.02084230442281782
0.020829345934069533
0.02081633734283227
0.02080327853633236
0.020790169825220275
0.020777011109473362
0.020763802441954096
0.020750543868087525
0.020737235405916307
0.020723877199762618
0.02071046909733961
0.020697011267289542
0.0206835037484868
0.02066994644444713
0.020656339688590063
0.020642683299814373
0.020628977188737675
0.020615221667576903
0.020601416786737683
0.020587562321251977
0.020573658611108485
0.02055970548090127
0.020545710602188346
0.020531704010046833
0.02051764808101028
0.020503542987585405
0.020489388531208446
0.020475184908226092
0.020460932340369588
0.02044663049962306
0.02043227970441809
0.020417879908399734
0.02040343106217444
0.02038893334662406
0.020374386717831722
0.02035979125284601
0.02034514707931218
0.02033045400097203
0.02031571233357587
0.02030092199238321
0.020286082924913226
0.02027119535240555
0.020256259235052768
0.020241274572828833
0.020226241354834487
0.02021115991200835
0.0201960299784895
0.020180851808468722
0.020165625258857456
0.020150350575405557
0.02013502764943178
0.020119656510034674
0.02010423729875891
0.020088770025893245
0.020073254762565412
0.020057691386313737
0.02004208030900361
0.020026421243465566
0.020010714257947516
0.019994959485170046
0.019979156929856485
0.019963306771854167
0.01994740883528841
0.01993146333715945
0.019915470392368833
0.01989942972556106
0.01988334167602749
0.01986720604077523
0.01985102316003643
0.01983479282684676
0.01981851524030599
0.019802190410354192
0.01978581829973988
0.01976939903234681
0.019752932764157044
0.019736419383464186
0.01971985878967463
0.01970325129478384
0.01968659692945305
0.019669895605938032
0.019653147567403627
0.019636352511001858
0.019619510801091092
0.019602622439660752
0.01958568730602724
0.019568705630265883
0.019551677302785
0.019534602657894914
0.019517481262849936
0.019500313671275988
0.019483099541785353
0.019465839039467733
0.019448532482866345
0.019431179491645193
0.01941378025786538
0.019396335048139576
0.019378843653570156
0.01936130614836201
0.019343722708592248
0.019326093285607544
0.019308417965758957
0.019290696777217196
0.019272929816105525
0.01925511703088743
0.0192372585819821
0.01921935442924092
0.019201404608903978
0.01918340940639973
0.019165368415559457
0.019147282103795713
0.019129150262646062
0.01911097314152688
0.019092750729462662
0.01907448290486403
0.0190561697671651
0.019037811641225085
0.019019408182494608
0.0190009597803647
0.01898246634747166
0.018963927861355118
0.018945344484210036
0.01892671604140166
0.01890804297293749
0.018889324911533077
0.018870562234814838
0.018851754820977056
0.01883290269329079
0.018814006070919116
0.018795064887294637
0.01877607919798518
0.018757048873757114
0.0187379743426942
0.018718855424863318
0.0186996922386995
0.01868048467172576
0.018661233018600218
0.018641937016051498
0.01862259706723362
0.018603213098341898
0.018583785048120794
0.018564313129333376
0.018544797131283087
0.018525237452245907
0.018505633869831898
0.018485986416727534
0.018466295392048943
0.01844656075776924
0.018426782460992858
0.018406960619756843
0.018387095207111116
0.018367186418693452
0.018347234109248482
0.01832723859229032
0.018307199724771746
0.01828711759166828
0.018266992218841253
0.018246823630943085
0.01822661213166656
0.018206357404922522
0.01818605973799693
0.018165719174767135
0.0181453355827921
0.01812490931812595
0.018104440092706793
0.01808392817032032
0.018063373576254208
0.01804277624423181
0.01802213645502058
0.018001454091811902
0.017980729108685947
0.017959961736459536
0.017939151991545603
0.017918299924273292
0.017897405596076978
0.01787646898733712
0.017855490214069836
0.01783446918403614
0.017813406294631143
0.01779230125101282
0.01777115411835316
0.01774996511406929
0.017728734312716793
0.017707461699269123
0.017686147243936808
0.017664791043923926
0.01764339305810827
0.01762195364198105
0.017600472582929873
0.017578950039572654
0.01755738592405891
0.01753578052791933
0.017514133714178873
0.017492445560918113
0.017470716040619585
0.01744894551435508
0.01742713379566165
0.017405280839207893
0.017385703523517468
0.017369510849039784
0.01735328002947619
0.017337011261352796
0.017320704534772732
0.017304359966323707
0.017287977576093103
0.01727155728483257
0.01725509923702169
0.0172386034038358
0.017222069951720202
0.017205498772765643
0.01718889002166606
0.017172243652251066
0.017155559600592316
0.01713883817483298
0.01712207917352018
0.01710528258959503
0.017088448582640883
0.017071577464956383
0.017054668803147932
0.0170377227404716
0.01702073954174379
0.017003718879342076
0.016986661103035247
0.016969566163876997
0.016952434161987058
0.01693528851717708
0.016918120458325206
0.016900915315622735
0.016883672934246256
0.01686639350314278
0.01684907695430779
0.016831723328436552
0.016814332729933802
0.01679690518779497
0.016779440728294518
0.016761939376626105
0.01674440108579206
0.016726825994924338
0.016709214211750822
0.016691565623821382
0.016673880297394462
0.01665615826827958
0.016638399635562708
0.016620604336090247
0.01660277247926124
0.016584904214486437
0.016566999281551788
0.016549058035079767
0.016531080231873208
0.016513066169324967
0.016495015644578094
0.016476928826501407
0.016458805710243524
0.016440646444070117
0.016422450870872646
0.016404219152678312
0.016385951373190755
0.016367647378094322
0.016349307376524017
0.016330931418900064
0.0163125193569248
0.01629407141542434
0.016275587506448624
0.016257067797064675
0.016238512209284336
0.016219920790791625
0.01620129358963176
0.016182630671865515
0.016163932081034317
0.016145197817637583
0.016126428004001533
0.016107622518150413
0.016088781487022658
0.016069905002208926
0.016050992967404008
0.016032045561338096
0.016013062738965293
0.015994044541861215
0.01597499100919806
0.01595590214487978
0.01593959891016279
0.015926540512768785
0.01591345163867236
0.015900332303701307
0.015887182577429552
0.015874002487742053
0.015860791976045688
0.01584755119136599
0.015834280077934127
0.015820978654579484
0.015807646994502673
0.015794285038975543
0.015780892856950498
0.015767470550441438
0.015754017962828753
0.015740539824187272
0.01572703272326739
0.01571349544755859
0.015699928244978904
0.01568633089442284
0.01567270351561453
0.0156590461895776
0.01564535877413062
0.015631641478892882
0.015617894207820188
0.015609340573284737
0.015603245678568084
0.01559712252876801
0.015590971164142247
0.015584791719709825
0.015578583980091956
0.015572348107428684
0.015566084069712497
0.01555979183775807
0.015553471511061455
0.015547122925208249
0.015540746299316927
0.01553434148528151
0.015527908643555594
0.015521447604141916
0.01551495840197117
0.015508441170656377
0.015501895875458277
0.015495322447720807
0.015488720967782166
0.015482091379385172
0.015475433726928025
0.015468748120677209
0.015462034339968315
0.015455292554904843
0.015448522791472935
0.015441724952040983
0.015434899157955168
0.015428045381168992
0.015421163529719149
0.01541425375116969
0.015407315913871593
0.015400350206374376
0.01539335664135219
0.015386335469879454
0.01537928629439598
0.015372209176473998
0.015365104241616204
0.0153579712405294
0.015354472044506656
0.015354358188127097
0.015354215636228163
0.01535404456215425
0.015353844825889043
0.015353616608841318
0.015353359638654546
0.015353074115746702
0.01535275991120195
0.015352417159758954
0.015352045835188306
0.015351645720592298
0.015351217051050005
0.015350759799530133
0.015350273855977732
0.015349759372670116
0.015349216103899806
0.015348644327554648
0.015348043832109968
0.01534741468669612
0.015346756920362024
0.015346070564026527
0.01534535551058577
0.015345146568674733
0.015348070151484686
0.015350964215604704
0.015353828665113155
0.015356663544958408
0.015359468851586958
0.015362244538759921
0.015364990525937004
0.015367707032319902
0.015370393825762323
0.015373051073953717
0.01537567854746285
0.015378276473849501
0.015380844740881815
0.015383383402427557
0.015385892336012414
0.01538837160695089
0.015390821282740977
0.01539324122774613
0.015395631477983087
0.015397992062256475
0.015400322955308295
0.015402624200480827
0.01540489567390422
0.01540757386180424
0.015411276858661052
0.01541495230696993
0.015418600095902808
0.015422220338331353
0.015425812964141888
0.015429377966643726
0.015432915418374165
0.015436425252818088
0.015440442108679404
0.015448476925312172
0.015456490167689947
0.015464521671410172
0.01547280783750409
0.015481071644684557
0.015489313184953338
0.015497532153281405
0.015505728912178843
0.015513903198110317
0.01552205513577268
0.015530184568057718
0.015538291603902887
0.015546376278969544
0.015554438392861901
0.015562478124428156
0.015570495334468866
0.01557849002396723
0.015586462241505745
0.015594411887490197
0.015602339122530992
0.015610243808417605
0.0156181258606665
0.015625985372984375
0.015633822422386843
0.015642019558781986
0.015650498674236964
0.015658956864275576
0.015667393946380597
0.015675810043509066
0.015684205136550944
0.01569257923846119
0.015700932195217933
0.015709264067370526
0.015717574971148934
0.01572586476042066
0.015734133541896872
0.01574238124415194
0.015750607697020958
0.015758813161008675
0.01576699744450172
0.0157751607058999
0.01578330271796446
0.01579142370523745
0.01579952349902249
0.01580760210171705
0.015815659570925206
0.01582369586208645
0.015831710934963817
0.015839704916184177
0.015847677609423245
0.01585562918337805
0.01586355955765159
0.01587146863051547
0.015879356511408774
0.01588722316694845
0.01589506864248372
0.01590289277675692
0.015910695723971646
0.015918477445974133
0.015926237867293108
0.01593397702336808
0.015941694855145915
0.015949391487443905
0.015957066766293965
0.015964720782556216
0.015972353527460258
0.015979964824027575
0.01598755501692285
0.015995123789646043
0.01600267125166165
0.016010197310798453
0.016017702051248122
0.016025185546341972
0.016032647670970537
0.016040088427948636
0.01604750780656427
0.016054905811446207
0.01606228249899624
0.016069637815959627
0.016076971716057015
0.016084284239790015
0.016091575456091942
0.016098845229256493
0.01610609359177545
0.016115992790872453
0.016130290874679973
0.016144569706814115
0.016158829197400193
0.01617306953550464
0.01618729049825997
0.016201492098394176
0.0162156744273087
0.016229837300009684
0.01624398088884222
0.01625810515923273
0.01627220994649267
0.016286295289939173
0.01630036125001345
0.016314407702082114
0.016328434761427646
0.016342442206430857
0.016356430239803845
0.016370398800666833
0.016384347714830095
0.016398277151136276
0.016412187044294656
0.016426077284073536
0.016439947976747735
0.016453799072034248
0.016467630581724017
0.01648144233826365
0.01649523442994482
0.016509006976906698
0.016522759738368815
0.016536492902911173
0.0165502063015725
0.016563899977889186
0.016577573972016528
0.01659122808294004
0.016604862474066076
0.016618477109374613
0.016632071891506058
0.016645646973331166
0.016659202065846285
0.016672737417904912
0.016686252890187908
0.016699748526508778
0.016713224239131876
0.016726680126922886
0.01674011605697141
0.0167535320366245
0.016766928092123937
0.016780304265053912
0.016793660416462557
0.01680699664813292
0.016820312797980286
0.016833609057711994
0.016846885219493755
0.016860141502852935
0.01687337757639336
0.016886593693116205
0.016899789756395712
0.016912965662271864
0.016926121594486008
0.01693925741686824
0.01695237305031225
0.01696546863510849
0.01697854398450258
0.016991599272900688
0.01700463442601024
0.017017649392227482
0.0170306442612339
0.017043618832540602
0.017056573270406033
0.01706950746670138
0.017082421419894796
0.01709531517463512
0.017108188632267676