   0.2245723893E-002
   0.2245720640E-002
   0.2245715762E-002
   0.2245708444E-002
   0.2245697467E-002
   0.2245681002E-002
   0.2245656304E-002
   0.2245619259E-002
   0.2245563692E-002
   0.2245480346E-002
   0.2245355334E-002
   0.2245167834E-002
   0.2244886622E-002
   0.2244464893E-002
   0.2243832498E-002
   0.2242884350E-002
   0.2241463128E-002
   0.2239333542E-002
   0.2236144194E-002
   0.2231371434E-002
   0.2224237419E-002
   0.2213592227E-002
   0.2197747754E-002
   0.2174251022E-002
   0.2139589499E-002
   0.2088836053E-002
   0.2026700771E-002
   0.1957115660E-002
   0.1875767608E-002
   0.1778932144E-002
   0.1858505275E-002
   0.2002848971E-002
   0.2176310343E-002
   0.2384135235E-002
   0.2631988597E-002
   0.2925847834E-002
   0.3271808783E-002
   0.3675766085E-002
   0.4142909179E-002
   0.4676950041E-002
   0.5278971481E-002
   0.5945760672E-002
   0.6667481899E-002
   0.7424561860E-002
   0.8183733704E-002
   0.8893338665E-002
   0.9478233251E-002
   0.9834977479E-002
   0.9828300449E-002
   0.9135016355E-002
   0.8204827289E-002
   0.7324041812E-002
   0.6480332202E-002
   0.5666665297E-002
   0.4874234522E-002
   0.4087876647E-002
   0.3283004693E-002
   0.2424039343E-002
   0.1464582326E-002
   0.1121298069E-002
   0.2448546048E-002
   0.4068447534E-002
   0.6021505555E-002
   0.8317989250E-002
   0.1092018383E-001
   0.1372370287E-001
   0.1654174433E-001
   0.1909796137E-001
   0.2103403043E-001
   0.2193534457E-001
   0.2149815146E-001
   0.1938153274E-001
   0.1693443584E-001
   0.1466225583E-001
   0.1254217640E-001
   0.1054012298E-001
   0.8602679367E-002
   0.6656514672E-002
   0.4626982577E-002
   0.4534648602E-002
   0.5052084421E-002
   0.6181223320E-002
   0.8087893850E-002
   0.1133201985E-001
   0.1459908952E-001
   0.1760408995E-001
   0.1997484984E-001
   0.2128247844E-001
   0.2108226632E-001
   0.1870290436E-001
   0.1623954908E-001
   0.1403188448E-001
   0.1200380766E-001
   0.1008685957E-001
   0.8203218775E-002
   0.6263740589E-002
   0.5014008726E-002
   0.5224395050E-002
   0.6045240349E-002
   0.7453768621E-002
   0.9821736888E-002
   0.1306297035E-001
   0.1620197201E-001
   0.1890655577E-001
   0.2076973859E-001
   0.2134882859E-001
   0.2001127424E-001
   0.1713271012E-001
   0.1445166801E-001
   0.1219852903E-001
   0.1016960056E-001
   0.8229403870E-002
   0.6260715482E-002
   0.4984300807E-002
   0.5206305909E-002
   0.6044329745E-002
   0.7470958380E-002
   0.9892116565E-002
   0.1312480048E-001
   0.1624835137E-001
   0.1892879085E-001
   0.2075808511E-001
   0.2129261363E-001
   0.1986563921E-001
   0.1697472739E-001
   0.1425293362E-001
   0.1172460803E-001
   0.9456654590E-002
   0.7372116038E-002
   0.5271272910E-002
   0.4947105669E-002
   0.5483473689E-002
   0.6639594995E-002
   0.8351290419E-002
   0.1152124796E-001
   0.1473937503E-001
   0.1768281012E-001
   0.1997583448E-001
   0.2118676514E-001
   0.2087302533E-001
   0.1831127723E-001
   0.1550204128E-001
   0.1288275984E-001
   0.1044756031E-001
   0.8085594198E-002
   0.5688058570E-002
   0.4909252968E-002
   0.5413193850E-002
   0.6573520065E-002
   0.8303166265E-002
   0.1149045678E-001
   0.1472946870E-001
   0.1768266778E-001
   0.1997503753E-001
   0.2117591227E-001
   0.2084416432E-001
   0.1826439519E-001
   0.1545643047E-001
   0.1284085196E-001
   0.1040846489E-001
   0.8047218227E-002
   0.5589703917E-002
   0.4940844245E-002
   0.5689026577E-002
   0.7147876629E-002
   0.9567079116E-002
   0.1291499342E-001
   0.1611573755E-001
   0.1884244515E-001
   0.2069320135E-001
   0.2123015502E-001
   0.1978740044E-001
   0.1689280556E-001
   0.1417155367E-001
   0.1165304598E-001
   0.9272621138E-002
   0.6890240845E-002
   0.4895738739E-002
   0.5207082403E-002
   0.6530499433E-002
   0.8791758737E-002
   0.1239871558E-001
   0.1578341823E-001
   0.1864753460E-001
   0.2060797151E-001
   0.2124008513E-001
   0.1992848760E-001
   0.1701529044E-001
   0.1427878025E-001
   0.1174983206E-001
   0.9363661454E-002
   0.6982868606E-002
   0.4903672883E-002
   0.5178191851E-002
   0.6464248963E-002
   0.8914133651E-002
   0.1320827698E-001
   0.1735449722E-001
   0.2042192128E-001
   0.2113842471E-001
   0.2051283127E-001
