0.002249440487564994
0.00958812361316021
0.002847085469289629
0.0050388814762398195
0.010100992963868892
0.009576183752474047
0.006670606937252051
0.004472483735691293
0.0025257645148159184
0.002751386927325779
0.0038159904214107305
0.005875749958051108
0.00798214584229877
0.00957731609816694
0.010478844600845505
0.010616200161217247
0.009868978492096905
0.008683455482722435
0.007630499421858623
0.006693640856468645
0.005850967176387935
0.005079033079219962
0.004353431194449459
0.003649778480962923
0.002948704485066682
0.00245416613393534
0.0024578173376196386
0.002588544867702566
0.002834006172412607
0.0031793024434551465
0.003607446867775607
0.004099960878574513
0.004890847434930349
0.0057132103598657785
0.006508855227188336
0.007263815995488923
0.007965080990056517
0.008601039547533294
0.009161786077764274
0.009639283338291314
0.010027404220596973
0.010321873345766383
0.010520131703675764
0.010621147781909193
0.010625199280142782
0.010533644389098254
0.010348693426981364
0.009973377756451116
0.009531111549437029
0.009106565581488623
0.008699415802534536
0.008309174183459956
0.00793520868364911
0.0075767644331834845
0.007232984821994154
0.00690292869919861
0.006585589195936694
0.006279908733898885
0.005984795576049965
0.005699137410911303
0.00542181486325349
0.005151712690836322
0.004887732742822465
0.004628801967226762
0.004374535947949444
0.004123266853241414
0.0038740101985281572
0.0036258866952739895
0.0033780796643190646
0.0031298397807290284
0.002880488771371318
0.0026294229909724475
0.0024477737611120426
0.0024232459766695942
0.0024158171394069033
0.0024250865350871863
0.002450606844882191
0.002491884893864707
0.0025483827704815398
0.002619519167649702
0.0027046713512810126
0.0028031775780692036
0.002914339437916449
0.0030374250789287805
0.0031716721201116103
0.0033162912145772755
0.003470469538311208
0.003633374733683891
0.0038041584080941177
0.003981960208386281
0.0041826027844247245
0.004479158344658809
0.004775025219553143
0.005069569982137409
0.0053621521965456055
0.005652128655786891
0.005938857510662245
0.006221702209407964
0.00650003528430938
0.0067732413742320405
0.0070407207109224575
0.007301891598291828
0.007556193040489653
0.007803087131414199
0.008042060670131773
0.008272626754653766
0.008494326505199677
0.00870672972048475
0.00890943582988815
0.009102074389720338
0.009284305526987413
0.009455819769919197
0.009616338050788212
0.009765611408856196
0.009903420507317186
0.010029574775433725
0.010143911925582281
0.010246296890024202
0.010336620794498284
0.010414799880440966
0.010480774462136624
0.010534507436153499
0.010575983346548861
0.01060520678160444
0.01062220134613173
0.010627008266190745
0.01061968493812037
0.010600303676704292
0.010568950775931766
0.010525724804100321
0.010470735543153488
0.010404103227957606
0.01032595670823379
0.010232382124881997
0.010069682676876683
0.009909235532470978
0.009751039750928716
0.00959509089958888
0.009441381379242806
0.009289900739745928
0.009140635262891394
0.008993568796765532
0.00884868222636737
0.00870595418998726
0.008565360682290456
0.00842687558764134
0.00829047045271669
0.00815611493550224
0.008023776700037923
0.007893421582010257
0.0077650138478645575
0.007638515855538083
0.007513888858444365
0.007391092514836159
0.007270085149653701
0.007150824059916389
0.007033265356198325
0.006917364175311358
0.006803074876358534
0.006690350781413392
0.0065791446708965634
0.0064694086692741
0.00636109432655119
0.006254152630704664
0.0061485344259673246
0.006044190027458884
0.005941069548564117
0.005839123107414012
0.0057383005238558415
0.0056385516601979765
0.005539826588402975
0.005442075247068043
0.005345247938731334
0.0052492951401372865
0.005154167505950373
0.005059816342884274
0.004966193088704599
0.004873249824192914
0.004780938980117798
0.00468921372549483
0.004598027754799945
0.004507335451722949
0.004417092027465463
0.004327432401576173
0.004238185622950327
0.00414924905200222
0.004060581287434988
0.003972141717614675
0.003883890770510368
0.0037957897994066454
0.0037078013572409765
0.0036198884656675864
0.003532015769919969
0.0034441487357231232
0.0033562537704388573
0.0032682988372752146
0.0031802525053630697
0.0030920848318428734
0.0030037670294137723
0.0029152713256860494
0.002826571347462246
0.0027376416842185185
0.0026484584718935913
0.002558998620228275
0.002469240866653516
0.0024419579620927876
0.0024310853780366093
0.0024223969291072437
0.0024158767923245688
0.002411508449025959
0.002409274510158719
0.002409156876201552
0.0024111371324103017
0.0024151953214246917
0.0024213115005003614
0.0024294644545556545
0.00243963269828006
0.0024517936511347675
0.002465924391265386
0.0024820006662759084
0.002499998297836318
0.0025198919616257684
0.0025416557089286444
0.0025652627998607883
0.0025906864142439274
0.002617898233245556
0.0026468702407627573
0.0026775726016038653
0.0027099762930780885
0.0027440505031676395
0.0027797646159622613
0.002817086919844274
0.00285598567215201
0.0028964281642847606
0.0029383816828396168
0.0029818121004236853
0.003026686051379191
0.0030729689130613537
0.003120625695817257
0.0031696212544507153
0.003219919894675982
0.0032714855596628688
0.0033242817217182833
0.0033782720686502503
0.003433419227658281
0.0034896859641726894
0.0035470347711594264
0.0036054278950444674
0.0036648272468366412
0.0037251944657906233
0.003786491356609522
0.003848679320631369
0.003911719570269717
0.003975573392009184
0.004040201822672058
0.0041055660532690495
0.004197133193561792
0.004302380449100922
0.004407587325231765
0.004512725715212837
0.004617767728272806
0.004722685288164941
0.004827449713975646
0.0049320329288428085
0.005036406029196937
0.005140540224917349
0.005244407104474068
0.005347977954570456
0.005451223697168892
0.00555411574559608
0.0056566255548273865
0.005758724474828604
0.005860383723022763
0.00596157516024774
0.006062270223757882
0.006162440976352923
0.0062620594285762235
0.006361097763479703
0.006459528132035765
0.00655732354449102
0.006654456627442421
0.006750900372800494
0.006846628477514793
0.006941614650976381
0.00703583254608127
0.007129256409419506
0.0072218613497708785
0.007313621815086484
0.007404513528791283
0.007494511737171451
0.007583593060208088
0.007671733338542649
0.007758909861605499
0.007845099544064734
0.00793028034860217
0.00801443007758639
0.008097527541161928
0.008179551587370337
0.00826048150682987
0.008340297256673325
0.008418979109404734
0.008496507908237898
0.008572864739190804
0.008648031581234625
0.008721990371708961
0.008794723726314603
0.008866214908590636
0.008936447673974831
0.009005405871967036
0.00907307430714597
0.009139437894782504
0.009204482264270605
0.009268193461734698
0.009330557837777665
0.00939156247067327
0.009451195145931518
0.009509443441132588
0.009566295993312778
0.009621741517218693
0.009675769683280658
0.00972837028996778
0.009779533408990166
0.009829250028997637
0.009877511346582855
0.009924309112233819
0.009969635421282147
0.010013482745019495
0.010055844367144531
0.010096713428169646
0.010136083978088664
0.010173950421406192
0.010210307411961774
0.010245149901807627
0.010278473601768263
0.010310274413423607
0.010340548749969513
0.010369293166031721
0.01039650497725209
0.010422181350848726
0.01044632040685145
0.010468920022916179
0.010489978938486785
0.010509496067940851
0.010527470486740041
0.01054390180404484
0.010558789985596588
0.010572135004832403
0.010583937467213735
0.010594198032358941
0.010602918113381307
0.01061009871883759
0.010615741704968032
0.01061984888595439
0.01062242231738116
0.010623464723064918
0.010622978582203903
0.010620966794768254
0.010617432653606996
0.01061237941219197
0.010605810650433986
0.010597730294979407
0.010588142434065582
0.010577050919879474
0.010564460534855586
0.010550375617883362
0.010534801024237437
0.01051774184182396
0.0104992030521827
0.010479189910146531
0.010457707807514571
0.010434762352946518
0.010410359233372975
0.010384504298552423
0.01035720352468327
0.010328463046289715
0.010298288926592047
0.010266687448000526
0.010230178879933308
0.010172186630861238
0.010114477872120579
0.010057052885568856
0.009999911406565474
0.009943053589214056
0.009886479556054453
0.009830188856149107
0.009774181543945654
0.00971845741297735
0.009663015981565656
0.009607857258293379
0.009552980612495996
0.009498385701988089
0.00944407208518837
0.009390039103577625
0.009336286480104632
0.009282813354940564
0.009229619265627093
0.009176703493058812
0.009124065069890346
0.009071703525960019
0.009019617807478892
0.00896780735043657
0.008916270832116005
0.008865007605062725
0.0088140165791024
0.00876329667306705
0.008712847092348422
0.008662666442579299
0.008612753891267505
0.008563107851282455
0.008513727520684898
0.008464611671968401
0.008415758650831896
0.008367167279374216
0.008318836571957021
0.008270764698367862
0.008222950593117883
0.008175392784116489
0.008128089646353956
0.00808103969604452
0.008034241569820697
0.007987693799637338
0.007941394515235524
0.007895342379831981
0.00784953547287049
0.007803972576931027
0.007758651637471321
0.007713571091760697
0.007668729336186859
0.007624124603409343
0.007579754799128449
0.007535618519883801
0.00749171381817855
0.007448039081131681
0.007404592010400414
0.00736137096414011
0.007318374206180427
0.0072755995610295
0.007233045312973104
0.0071907092742516865
0.007148589877623778
0.0071066848459774195
0.007064992272389569
0.007023510147700603
0.006982236373018328
0.006941169078353296
0.006900306003195172
0.006859645338697695
0.006819184832848933
0.006778922440362751
0.00673885622011771
0.006698983728636825
0.006659303298592678
0.0066198122705259654
0.006580508803051946
0.006541390950480593
0.0065024561560422705
0.0064637023650220915
0.006425127521534086
0.006386729386515932
0.006348505881314903
0.006310454666932855
0.006272573520095259
0.006234860355638636
0.006197312852708673
0.006159928920849394
0.006122706306059503
0.006085642613693161
0.006048735888230494
0.006011983710149446
0.005975383914525832
0.005938934379917481
0.005902632610396046
0.00586647636390704
0.005830463761749192
0.005794592297096091
0.005758859793009851
0.005723264154682768
0.0056878026074068996
0.005652473575215257
0.00561727458351542
0.0055822033228255545
0.005547257454882422
0.005512434941957759
0.005477733480495189
0.005443150986340285
0.005408685106887621
0.005374333536250715
0.00534009421556051
0.005305965030320165
0.005271943308188161
0.005238027394076323
0.005204214918621638
0.005170503587664678
0.00513689125445145
0.005103375648911905
0.005069954836670071
0.005036626695925555
0.005003388792484042
0.004970239045045677
0.004937175548311862
0.004904195749453667
0.004871298047451609
0.004838479851738338
0.004805739445692852
0.004773074344446968
0.004740482801850613
0.004707962608374625
0.004675511746861357
0.004643128140294705
0.004610809495619807
0.004578554113149517
0.004546360127109436
0.00451425013560259
0.004482259969574105
0.004450323888061425
0.004418439921623405
0.004386605947387322
0.0043548201599750485
0.004323080529005012
0.004291385168435241
0.0042597321965074835
0.004228119863195798
0.004196545975558608
0.004165008960925821
0.004133506832597246
0.004102037793500148
0.004070599956651762
0.00403919160261174
0.004007811030439888
0.003976456390571805
0.003945125735151396
0.003913817490867279
0.0038825300633052767
0.0038512613734695516
0.003820010111680612
0.003788774461701655
0.00375755253056665
0.0037263431402513206
0.0036951443024763673
0.003663954381170959
0.0036327717981106916
0.003601595291149553
0.0035704228190164547
0.0035392531751014433
0.0035080848750933826
0.003476916038489324
0.003445745332538966
0.003414571476627794
0.003383392707461489
0.0033522078540949873
0.003321015237101194
0.0032898136779830746
0.003258601621334973
0.003227377810104118
0.0031961408492359677
0.0031648893056740427
0.0031336220453283
0.003102337540677373
0.003071034666074245
0.003039712319108456
0.0030083688942831046
0.0029770033114113023
0.0029456145587376734
0.0029142011215286165
0.002882762134458741
0.00285129629445956
0.002819802599027044
0.0027882796063340215
0.0027567266333026904
0.0027251423608583842
0.002693525890587125
0.0026618759383831444
0.00263019197208865
0.002598472414816937
0.002566716795078091
0.002534923719448402
0.0025030925508899775
0.0024712223621874726
0.002448334457195127
0.0024436906598656024
0.0024393245485498007
0.0024352350827891874
0.0024314218528412204
0.00242788419558707
0.002424621189411954
0.0024216323863606912
0.0024189169669046875
0.0024164742528887373
0.0024143034472714387
0.002412403850909789
0.0024107747269612096
0.0024094152053385086
0.002408324795987164
0.002407502174669086
0.00240694698551311
0.0024066583027006817
0.0024066352399259843
0.0024068771103585066
0.0024073827167377976
0.0024081516226616474
0.0024091825987569
0.0024104749665664984
0.002412027740102478
0.0024138400125146052
0.002415911041567272
0.0024182395861699333
0.002420824936040739
0.0024236660916196846
0.002426762104656656
0.002430111766818594
0.002433714367007353
0.0024375688106086945
0.0024416740551995242
0.00244602903981181
0.0024506330099592698
0.0024554844774212817
0.002460582630393356
0.0024659264604445833
0.0024715146469939746
0.002477346409854275
0.002483420496556963
0.002489735605956964
0.0024962910255430194
0.0025030853735065637
0.002510117301583079
0.0025173860825512943
0.002524890277955799
0.0025326288107168533
0.0025406003724121368
0.002548803843522737
0.0025572381549758645
0.0025659017685666836
0.0025747937101900597
0.002583912886050098
0.002593257594215931
0.002602826874016162
0.002612619366594456
0.0026226338109478367
0.0026328689018366228
0.002643323513355686
0.002653996071021787
0.002664885361661486
0.0026759900867588736
0.002687308924384333
0.002698840370063568
0.0027105833147882336
0.0027225363278538923
0.0027346979114337617
0.002747066702938584
0.002759641281418947
0.002772420428144727
0.0027854027482505793
0.0027985865537378043
0.002811970630906191
0.0028255533092113125
0.0028393334536806715
0.0028533094035618637
0.0028674798484299643
0.002881843360108986
0.0028963980604917675
0.002911142999123511
0.0029260762939984425
0.0029411965342040136
0.0029565024124566627
0.002971992173120631
0.0029876643980512965
0.003003517567081341
0.0030195501831290343
0.003035760504492556
0.003052147316233955
0.003068708861034027
0.00308544352836471
0.0031023496539066037
0.0031194259806005447
0.003136670712640408
0.0031540824596181035
0.0031716593709639044
0.0031893999194507376
0.0032073025255563454
0.0032253657807274436
0.0032435876723782083
0.003261966945439753
0.003280501709446297
0.003299190319565473
0.0033180314121415795
0.0033370231972713552
0.0033561638772075272
0.0033754519407387462
0.003394885862795194
0.0034144638276004504
0.0034341840372948324
0.0034540450653943776
0.0034740451514963908
0.003494182498905515
0.0035144555043022828
0.0035348626263192917
0.0035554019884726194
0.0035760721602708812
0.0035968710168494096
0.003617797175829889
0.0036388487987989407
0.003660024206852357
0.0036813216508302716
0.003702739522872588
0.0037242762198032896
0.003745929673602956
0.0037676983081890024
0.0037895806654664023
0.003811574746897985
0.0038336787469254
0.0038558910561607954
0.0038782101176025184
0.0039006339427503415
0.003923160822175445
0.003945789370246382
0.003968517247623489
0.0039913431558388736
0.004014265336313493
0.004037281759077897
0.004060391052387379
0.004083591232781874
0.004106880663581747
0.00413348913217431
0.004170833961059866
0.004208178049060211
0.004245520123834004
0.004282859003241792
0.004320193394613981
0.0043575220429139284
0.004394843809783634
0.004432157289945929
0.004469461342096508
0.004506754899017948
0.004544036337913987
0.004581304624394914
0.004618558462654551
0.004655796516841121
0.004693017621927954
0.004730220472958471
0.004767403798029243
0.004804566283415737
0.0048417067284968526
0.004878823776499318
0.004915916258404973
0.004952982804401479
0.004990022148497171
0.005027033041904455
0.005064014205227719
0.005100964362091071
0.005137882180487086
0.005174766369217184
0.00521161572881032
0.005248428949508526
0.005285204676331367
0.005321941660131709
0.005358638644133724
0.005395294354330581
0.005431907477097668
0.005468476684722241
0.005505000793022131
0.005541478451595835
0.005577908389714363
0.005614289357288334
0.005650620085579155
0.005686899211268045
0.005723125550256449
0.005759297758384685
0.005795414639901788
0.005831474836779619
0.00586747710468655
0.005903420249078633
0.005939302900075107
0.0059751238816186806
0.006010881865423523
0.006046575627109192
0.006082203898692341
0.006117765441193207
0.006153258974756398
0.006188683255412788
0.006224037102758756
0.006259319202996563
0.006294528291328166
0.00632966321822237
0.006364722713518773
0.0063997055454104
0.006434610461196302
0.006469436307720329
0.0065041817730783465
0.006538845748927446
0.006573426931699396
0.006607924159890053
0.006642336196904881
0.006676661905711232
0.006710900020323872
0.006745049463352387
0.006779108872964088
0.0068130772672599675
0.006846953320083689
0.006880735889513262
0.006914423874474847
0.006948016029722298
0.006981511289013724
0.00701490842027768
0.0070482062831425385
0.007081403772729569
0.007114499756327684
0.0071474930580078325
0.007180382586777225
0.00721316719974908
0.00724584581409701
0.0072784172990536305
0.007310880566744325
0.007343234496881085
0.007375478007017521
0.0074076100262109
0.007439629424490843
0.007471535183436939
0.007503326222042677
0.0075350014470609355
0.0075665598758617655
0.007598000347930786
0.0076293219086440225
0.0076605234605954045
0.00769160403575963
0.007722562563050326
0.007753398081273117
0.007784109506675334
0.00781469583190192
0.007845156152191586
0.00787548940116148
0.007905694607261742
0.007935770770677345
0.007965716987262915
0.007995532206262318
0.00802521554225237
0.008054765965098878
0.008084182667465035
0.008113464550597806
0.00814261079280271
0.008171620456577886
0.008200492608783189
0.008229226312927074
0.008257820743064425
0.008286274874284783
0.008314588010138962
0.008342759136587243
0.008370787360508909
0.008398671967515396
0.008426411912682542
0.008454006483497093
0.00848145472751467
0.008508755939347893
0.008535909216129837
0.008562913726477724
0.00858976867802358
0.008616473292329471
0.008643026704733301
0.008669428204952544
0.00869567693586678
0.008721772145643396
0.008747713134852802
0.008773499050863769
0.008799129205586419
0.008824602783800975
0.008849919093289036
0.008875077385947032
0.00890007700145779
0.008924917160679854
0.008949597158614382
0.008974116360559841
0.008998473969933574
0.00902266938924746
0.009046701964063847
0.009070570959121702
0.009094275643104471
0.009117815545849131
0.00914118990084836
0.009164398093580065
0.009187439547676
0.009210313525018433
0.009233019535363835
0.009255556866783624
0.00927792499735933
0.009300123336831096
0.009322151205609391
0.009344008160916613
0.009365693514812956
0.009387206785953223
0.00940854741000581
0.009429714821317119
0.009450708487749796
0.009471527861223917
0.009492172453862961
0.00951264170835174
0.009532935112288725
0.009553052231633625
0.009572992552598778
0.009592755546117727
0.009612340784078223
0.009631747750671908
0.009650976002733068
0.009670025064820693
0.00968889456901444
0.009707583991099712
0.009726092910515969
0.009744420927622783
0.009762567575788741
0.009780532497320102
0.009798315315086284
0.009815915496266892
0.009833332770105355
0.009850566732589295
0.009867617027526797
0.009884483224263114
0.009901165008028083
0.00991766198741165
0.009933973849911444
0.009950100248354183
0.009966040829659944
0.009981795313766063
0.009997363331131324
0.010012744631382109
0.010027938838199734
0.010042945652229079
0.010057764872114868
0.010072396134834224
0.010086839179757248
0.010101093746901569
0.010115159525754673
0.01012903631524566
0.010142723878896429
0.010156221895177215
0.010169530226490565
0.01018264850203678
0.010195576651187071
0.010208314380149533
0.010220861413345881
0.010233217693398357
0.010245382896444262
0.010257356853493268
0.01026913946949364
0.010280730450563408
0.010292129664423662
0.010303336936436569
0.01031435213549952
0.010325175079095967
0.010335805583104186
0.01034624358343929
0.010356488924713218
0.010366541397093516
0.01037640098155778
0.0103860674904018
0.010395540816348142
0.010404820874766773
0.010413907536245149
0.010422800700142279
0.010431500361896526
0.010440006355919745
0.010448318579702392
0.010456436985492859
0.01046436158254748
0.010472092164488255
0.010479628808031669
0.010486971372995566
0.010494119869287976
0.01050107425325216
0.010507834423625104
0.010514400410319992
0.010520772174218925
0.010526949658932881
0.01053293291305851
0.010538721886869003
0.010544316594999017
0.01054971704088936
0.010554923170040796
0.01055993506982588
0.010564752690202111
0.010569376112726332
0.010573805336849387
0.01057804039071417
0.010582081260632462
0.010585928079501617
0.010589580779868879
0.010593039550386001
0.010596304342929613
0.010599375200933866
0.010602252201894527
0.010604935494344339
0.010607425065340995
0.010609721014984105
0.01061182337829602
0.010613732284713165
0.010615447825976333
0.010616970100291528
0.010618299167653686
0.01061943514044592
0.010620378156327423
0.010621128213232953
0.010621685559929709
0.010622050241264643
0.010622222411066121
0.01062220214149043
0.010621989610531707
0.010621584954886097
0.010620988203879298
0.010620199651922521
0.010619219331710452
0.010618047411486649
0.010616684079650513
0.010615129468156938
0.01061338372005065
0.0106114470047163
0.010609319432319894
0.010607001284210587
0.010604492631495667
0.010601793704053428
0.01059890464920676
0.010595825655985512
0.010592556886016038
0.010589098522701849
0.010585450867951783
0.010581613974251433
0.010577588035003263
0.010573373365109636
0.010568970103959883
0.010564378395064095
0.010559598542022168
0.010554630728831138
0.010549475118231155
0.010544131974242189
0.010538601501839854
0.010532883924721645
0.010526979457301952
0.01052088838282902
0.01051461079596706
0.010508147074588291
0.010501497351139
0.010494661905908798
0.010487640960614338
0.01048043477089905
0.010473043618377278
0.010465467640068666
0.01045770722789726
0.01044976251501688
0.010441633792380823
0.01043332128004098
0.010424825324329735
0.010416146085303309
0.010407283884881392
0.010398238981565108
0.010389011610644119
0.01037960205957488
0.010370010627626271
0.010360237497731985
0.010350283013703864
0.010340147448876945
0.01032983109120026
0.010319334164890302
0.01030865697045951
0.010297799774478443
0.010286762882360877
0.010275546609638902
0.010264151202875422
0.010252576970234826
0.010240824211578407
0.010222891559274947
0.010202292648951245
0.010181729428403914
0.0101612019445952
0.010140710103984409
0.010120253995008526
0.01009983359483045
0.010079448893087345
0.010059099948008295
0.01003878669485032
0.010018509188040767
0.00999826737804856
0.009978061329654847
0.00995789095669952
0.009937756273482121
0.009917657354794605
0.009897594148321243
0.009877566585058298
0.009857574746375143
0.009837618605589026
0.009817698125389174
0.009797813340264453
0.009777964182659006
0.009758150736034992
0.00973837284160893
0.009718630638914389
0.009698924033114079
0.0096792530664285
0.009659617655320902
0.009640017803599632
0.009620453547439671
0.009600924792348912
0.00958143157924532
0.00956197389275144
0.00954255162483495
0.00952316486930242
0.009503813554916163
0.009484497682351784
0.009465217219452348
0.009445972087672108
0.009426762346497952
0.00940758791009455
0.009388448813165206
0.009369344986260578
0.009350276405453915
0.009331243076536691
0.009312244908696985
0.009293281934072877
0.00927435411501034
0.0092554614133855
0.009236603753613718
0.009217781145670798
0.009198993562274384
0.009180241033259246
0.009161523385859655
0.009142840683716643
0.009124192829170269
0.009105579866933555
0.009087001690116926
0.009068458318267792
0.009049949655468877
0.00903147572358009
0.009013036441948605
0.008994631777686148
0.008976261667918522
0.008957926128905745
0.00893962508341399
0.008921358478204655
0.008903126351547538
0.008884928569187213
0.008866765078890879
0.008848635898570987
0.008830540983474107
0.008812480241499259
0.008794453631220268
0.008776461090519829
0.008758502697585779
0.008740578221730298
0.0087226877695963
0.008704831227999005
0.008687008515785423
0.00866921960140232
0.008651464459534701
0.008633743022979897
0.008616055206229802
0.008598401059222
0.008580780424804426
0.008563193259050021
0.008545639575101661
0.008528119306214473
0.008510632293597822
0.008493178617325988
0.008475758135745614
0.008458370776435171
0.00844101661307424
0.008423695438959012
0.008406407275645372
0.008389151973725617
0.00837192962332112
0.008354740054710732
0.008337583230924775
0.008320459131818307
0.008303367582918806
0.008286308678788606
0.008269282249704439
0.008252288256562771
0.008235326647785441
0.00821839731372095
0.008201500270981517
0.00818463543379781
0.008167802687496898
0.008151001964357335
0.008134233273585515
0.008117496476951525
0.0081007915052758
0.00808411838588997
0.008067476916446131
0.008050867117997103
0.008034288925543627
0.008017742236486505
0.008001227030925583
0.00798474311913278
0.007968290520941952
0.00795186918245546
0.007935478969699131
0.007919119862775567
0.007902791778293726
0.007886494623063808
0.007870228328241687
0.007853992847912529
0.007837788071607095
0.007821613956906363
0.007805470395580664
0.007789357349186785
0.0077732747488898106
0.007757222440703421
0.007741200443358209
0.007725208619376956
0.007709246907771036
0.00769331522295044
0.0076774135018833935
0.007661541677360551
0.007645699641042889
0.007629887371745376
0.007614104729883668
0.007598351661289443
0.007582628080757552
0.007566933887402629
0.007551269033697566
0.00753563341945414
0.007520026934561656
0.007504449587281213
0.007488901235647891
0.00747338177515783
0.007457891215202338
0.00744242934843397
0.007426996187099124
0.00741159163478909
0.007396215535219005
0.0073808679078787845
0.007365548548284049
0.0073502575038757005
0.007334994595870563
0.007319759788518511
0.007304553005976454
0.007289374092122899
0.007274223003601269
0.007259099703294898
0.007244003972144578
0.007228935899808593
0.007213895220337995
0.007198881988011928
0.0071838960498537855
0.007168937323193411
0.007154005720154031
0.0071391011883339146
0.0071242235825204935
0.007109372838804055
0.007094548847847006
0.007079751597989036
0.007064980885198676
0.007050236688396764
0.007035518953362497
0.007020827525662675
0.0070061623217184095
0.0069915232595200326
0.006976910228978593
0.006962323181926027
0.0069477620024421295
0.006933226587157554
0.006918716872448354
0.006904232787615719
0.006889774186475823
0.006875341002664113
0.00686093310285608
0.006846550435357341
0.006832192926580445
0.0068178604332684994
0.006803552898983648
0.006789270188683712
0.006775012262709731
0.006760779000917946
0.0067465702740604275
0.006732386081013187
0.006718226265463587
0.006704090724811503
0.006689979329926529
0.006675892102382381
0.0066618288485113695
0.006647789481867391
0.006633773946717325
0.006619782110071414
0.006605813956548442
0.006591869241575438
0.006577947990714279
0.006564050129077139
0.006550175428589177
0.006536323907329616
0.00652249544459827
0.0065086898898776184
0.006494907187016543
0.006481147249376215
0.006467409959828222
0.006453695280521267
0.00644000305019779
0.0064263330335026575
0.006412685456444118
0.006399060071236028
0.006385456702364083
0.0063718753056489705
0.006358315757610166
0.006344777995546227
0.006331261942660422
0.006317767399606859
0.006304294423840618
0.006290842815450872
0.006277412449184097
0.006264003262630725
0.006250615252351079
0.006237248237345723
0.006223901931653863
0.00621057661629929
0.0061972719529291296
0.006183987836937234
0.006170724253269835
0.00615748109157776
0.006144258134121306
0.006131055468743162
0.006117872911816259
0.006104710271139356
0.006091567568120951
0.006078444725807658
0.006065341503454504
0.006052258029977485
0.0060391938148797565
0.006026149208648526
0.006013123827542268
0.0060001175900656675
0.005987130610479826
0.0059741625460954465
0.005961213387760178
0.0059482829672425006
0.0059353712704758995
0.005922478230712951
0.005909603777193746
0.005896747629890749
0.005883909777088351
0.005871090092431338
0.005858288603850266
0.00584550501326827
0.005832739531956785
0.005819991650837684
0.005807261499891378
0.005794549072387381
0.005781854110058936
0.0057691765371654545
0.005756516181594396
0.0057438731085429975
0.005731247209180496
0.00571863814883077
0.005706046055423889
0.005693470864089468
0.005680912228219966
0.005668370301083764
0.005655844828713178
0.005643335755158663
0.005630843091781858
0.005618366613413051
0.005605906173352305
0.005593461742955079
0.005581033205437589
0.005568620441277437
0.005556223482376585
0.005543842101652443
0.005531476164498623
0.005519125689741673
0.005506790514425353
0.005494470489103452
0.005482165671926956
0.00546987588469013
0.005457600940567769
0.005445340797171857
0.0054330954008005
0.005420864533422846
0.005408648325545002
0.005396446449273437
0.005384258903484601
0.005372085619097999
0.005359926302807657
0.0053477811232058095
0.005335649877954509
0.005323532424413179
0.005311428653683024
0.005299338619537917
0.005287261978244422
0.005275198877209974
0.005263149073170821
0.005251112414049877
0.005239089024424261
0.005227078544610542
0.005215081075922326
0.0052030964794721095
0.005191124580641295
0.005179165380995966
0.005167218656566075
0.005155284416746423
0.005143362530916304
0.005131452924218252
0.005119555446940348
0.005107670087544742
0.00509579659264242
0.005083934994653127
0.00507208519804366
0.005060247134639893
0.00504842060412738
0.0050366056031857665
0.005024801861780441
0.005013009491175867
0.005001228284678444
0.004989458316921008
0.0049776991607725215
0.004965950938922858
0.0049542136132252525
0.004942486983890291
0.004930770935056794
0.004919065510968201
0.004907370459513695
0.004895685769121703
0.004884011281258816
0.004872346898431389
0.00486069263153039
0.0048490483202823335
0.004837413914085899
0.004825789184814766
0.004814174187543228
0.004802568908102868
0.0047909729399920505
0.004779386468664937
0.0047678092504817565
0.004756241146871799
0.004744682395477607
0.00473313256523846
0.004721591661971766
0.004710059484323113
0.004698536243284003
0.004687021509376852
0.004675515392692987
0.004664017841973591
0.004652528548073035
0.004641047634519274
0.004629574859434109
0.004618110249992744
0.004606653651838393
0.004595204937817417
0.004583764144028934
0.004572330988872167
0.004560905479867319
0.004549514974365295
0.004538136074193716
0.004526764527932303
0.004515400272734113
0.004504042872833392
0.0044926925150658124
0.004481349081381232
0.004470012426216815
0.0044586824625389675
0.004447359166700598
0.004436042418511265
0.004424732027516298
0.004413428068115278
0.004402130331552498
0.00439083880656412
0.004379553478154301
0.004368274097784778
0.004357000479996643
0.004345732880101032
0.004334471020517691
0.004323214816162737
0.004311964147680764
0.004300719075123529
0.004289479417005264
0.004278245018250584
0.004267015901117699
0.004255791953613051
0.004244572998329278
0.004233359131555638
0.004222150135768741
0.0042109459404288075
0.004199746572673123
0.0041885519173503845
0.004177361632622592
0.004166176017345562
0.0041549948429347935
0.004143817862107209
0.004132645154759408
0.004121476700195221
0.004110312149656071
0.004099151797468626
0.004087995205671542
0.004076842683764705
0.004065693818955995
0.004054548478374511
0.004043406991674732
0.00403226880717427
0.004021134220897317
0.004010003037856526
0.003998874897664616
0.003987750224526642
0.0039766285519430835
0.003965509972651169
0.0039543942506971
0.003943281478334243
0.0039321716332209435
0.0039210643941227285
0.003909959912607128
0.003898857974690772
0.0038877585625314097
0.003876661449077225
0.0038655668171043533
0.003854474501070078
0.003843384325397081
0.0038322962568863974
0.003821210252149577
0.0038101262887933873
0.0037990440730078594
0.003787963857893718
0.003776885297323198
0.0037658085071263572
0.003754733222049319
0.003743659557084405
0.0037325873220326804
0.003721516355563062
0.0037104468880688394
0.0036993786041721374
0.0036883114847587562
0.0036772454274311673
0.00366618032244256
0.0036551163195271542
0.0036440531128954174
0.0036329908021278568
0.003621929205805901
0.0036108682276259083
0.0035998079056311044
0.003588748098845456
0.003577688687385321
0.003566629811630727
0.0035555711872156427
0.0035445128036411828
0.003533454621814881
0.0035223965524462126
0.0035113385107714418
0.003500280524345766
0.003489222459922895
0.003478164217787247
0.003467105679015302
0.003456046941024553
0.0034449878159619196
0.0034339283763699787
0.003422868400159805
0.0034118078140769033
0.003400746639854693
0.003389684837198739
0.0033786222360342013
0.0033675589246324297
0.0033564947358420993
0.0033454294982145807
0.003334363292768348
0.00332329615484405
0.0033122277687605423
0.003301158332301339
0.0032900876347217198
0.0032790155458709124
0.0032679419852849863
0.003256867159555407
0.003245790883898942
0.0032347129461452197
0.00322363341110899
0.0032125521610179963
0.003201469345077682
0.0031903846057335593
0.0031792980494313623
0.003168209558677723
0.0031571191330680387
0.003146026610843121
0.003134932099688561
0.0031238354336298214
0.0031127364351770615
0.0031016353180168743
0.0030905317733122303
0.0030794259506624426
0.0030683177185614192
0.003057207006571562
0.0030460937527162753
0.0030349778644367486
0.0030238592456743973
0.0030127379919130375
0.0030016140107764835
0.002990487265251834
0.002979357540745537
0.0029682249428837574
0.0029570893451736735
0.0029459507473214644
0.002934809154246776
0.0029236644098358717
0.0029125163880036877
0.00290136513896056
0.0028902105812976153
0.0028790528397412882
0.002867891509078506
0.00285672685167861
0.0028455585509413682
0.0028343869603385456
0.0028232115951952992
0.002812032680711657
0.002800850063284657
0.0027896637309707006
0.0027784734633815138
0.0027672794989310207
0.002756081682900301
0.0027448797795007395
0.0027336740708736123
0.002722464249653234
0.0027112503813882197
0.0027000323750428082
0.002688810304573153
0.002677583980509623
0.0026663533656358963
0.002655118455833147
0.002643879177756905
0.0026326355631044666
0.002621387406414468
0.002610134924325747
0.0025988778887148854
0.0025876161873286817
0.0025763499880636764
0.0025650791457036467
0.002553803525836621
0.00254252322118682
0.002531238118520245
0.0025199482605332943
0.0025086535431992265
0.002497353863812029
0.0024860492912579797
0.002474739731309025
0.002463425288642344
0.002452105522995305
0.0024477217486827494
0.0024460358543912063
0.0024443849243465173
0.002442768910281355
0.002441187783682718
0.0024396416778838226
0.0024381304635243163
0.002436653966679608
0.0024352124085706764
0.0024338056064480956
0.0024324335164658995
0.0024310961493885933
0.0024297935794702825
0.0024285256067305434
0.0024272922515691676
0.0024260934287968264
0.002424929305102509
0.0024237998215109876
0.0024227046120037544
0.00242164395954496
0.002420617949349772
0.002419626057628284
0.002418668707841961
0.0024177457676220412
0.002416857040437298
0.002416002699205551
0.002415182448213555
0.0024143965234256462
0.0024136448086621597
0.0024129272314590243
0.002412243845060429
0.0024115943392580435
0.0024109791375443767
0.00241039783829676
0.0024098505163610666
0.0024093371353111257
0.002408857697908014
0.0024084120566355044
0.0024080004120673217
0.0024076224542105536
0.002407278252699531
0.002406967982932119
0.00240669126330572
0.002406448225854256
0.0024062388280634544
0.0024060630966572746
0.002405920820863328
0.0024058120704999195
0.0024057367795577073
0.0024056950892152023
0.0024056867097566777
0.0024057115807813475
0.002405770066744701
0.002405861660954704
0.002405986509795503
0.002406144684652318
0.002406335905446572
0.002406560395471989
0.002406817917138474
0.002407108560837331
0.002407432165763136
0.002407788855265427
0.00240817838103324
0.0024086007760225885
0.002409056218673779
0.002409544432037786
0.002410065385177649
0.002410618984564721
0.0024112054891303717
0.002411824464239133
0.0024124762237556223
0.002413160596055566
0.0024138774245249643
0.002414626665683173
0.002415408492629644
0.002416222790672473
0.002417069280191213
0.0024179483054804617
0.0024188594933579437
0.0024198029071556245
0.002420778672493113
0.00242178637619535
0.0024228264118402085
0.0024238984585058204
0.0024250024224723348
0.002426138471867535
0.002427306522679184
0.0024285063690744394
0.002429738042334355
0.002431001639753742
0.0024322970187484316
0.0024336239505479995
0.0024349827975020098
0.0024363730862788056
0.0024377950197258494
0.002439248524147621
0.0024407334871542614
0.0024422498707085587
0.002443797727401579
0.002445376983224199
0.0024469874553015697
0.002448629208271395
0.002450302236561343
0.0024520063157092683
0.002453741631575092
0.002455508028922166
0.002457305270992023
0.0024591336209311056
0.002460993001469749
0.0024628831111126103
0.002464804139395971
0.0024667559144283158
0.0024687384968579648
0.0024707517224958095
0.0024727955350109052
0.002474870025350444
0.002476974966084224
0.0024791104613975153
0.00248127645464673
0.0024834727644834653
0.0024856994728214388
0.0024879564407372383
0.0024902436459324803
0.002492561022875309
0.0024949085816117255
0.0024972862629140343
0.002499693980063845
0.0025021315398669726
0.0025045993111601265
0.0025070967199105976
0.0025096240439548773
0.002512181242469777
0.002514768072908985
0.0025173846011572036
0.002520030831561281
0.002522706422470817
0.0025254118478356445
0.002528146534621193
0.0025309106005703417
0.0025337041786761398
0.0025365269434176572
0.002539379081613578
0.0025422602968660835
0.00254517070465157
0.00254811023843619
0.002551078838864586
0.002554076362869828
0.0025571028960861887
0.0025601582654685043
0.002563242389869458
0.00256635539309611
0.0025694970541560135
0.002572667382578343
0.0025758663103280345
0.00257909369703697
0.002582349719260042
0.0025856341374360307
0.002588946779028985
0.00259228784303763
0.002595657356982834
0.002599054829319666
0.0026024805921192255
0.0026059343621188773
0.0026094163126065906
0.00261292614291875
0.0026164638374845664
0.0026200295152240716
0.002623622921061502
0.002627244071020586
0.002630892907415805
0.0026345694237359706
0.002638273556704272
0.0026420051253343508
0.0026457642569996265
0.002649550763283518
0.0026533644573159317
0.0026572055723168074
0.002661073980373113
0.0026649694576889238
0.002668891984558348
0.0026728415524879833
0.0026768182464784887
0.002680821744561819
0.002684852116247749
0.002688909415039696
0.0026929934056428716
0.002697104052533808
0.0027012411763206287
0.002705405071528189
0.002709595400279709
0.0027138122222453683
0.002718055317008208
0.0027223248436164704
0.0027266205294597095
0.0027309424887701226
0.00273529053191825
0.0027396646196212755
0.0027440647620942935
0.0027484907343005498
0.002752942830420519
0.002757420529932006
0.0027619240521626265
0.0027664532446662125
0.0027710081508317613
0.002775588620774513
0.0027801945591019654
0.002784825915701717
0.0027894827917115117
0.0027941648444909243
0.0027988722067178807
0.0028036047234617587
0.002808362384544533
0.002813145128362322
0.002817952782927718
0.002822785407815726
0.0028276429175085618
0.0028325253010073066
0.0028374323158698108
0.0028423639999276
0.0028473203066953336
0.002852301256100941
0.0028573065768603295
0.0028623363917405437
0.002867390536203919
0.0028724688699336117
0.002877571542346559
0.002882698277119035
0.0028878490187210946
0.002893023898781242
0.002898222716651331
0.002903445504848511
0.002908691991353052
0.0029139622343222586
0.0029192562106410054
0.0029245737273818325
0.002929914849949737
0.0029352794959175035
0.002940667435099544
0.002946078867016156
0.0029515134963311886
0.002956971259946871
0.0029624523763768316
0.0029679564176212157
0.0029734834843473503
0.002979033500311197
0.0029846064055153165
0.0029902020675191517
0.002995820534482884
0.0030014617787416423
0.0030071254114606635
0.0030128116233719814
0.0030185202678025083
0.0030242514067840127
0.0030300049006431696
0.0030357805847617035
0.003041578386085294
0.0030473983905538638
0.00305324030607987
0.003059104340419408
0.0030649903061242536
0.0030708979906293684
0.0030768275633898884
0.0030827786785120005
0.0030887515207179157
0.00309474586961932
0.0031007618312536666
0.0031067991509038584
0.0031128577576831603
0.003118937680771371
0.003125038669442574
0.003131160952974337
0.0031373042522323323
0.003143468546687526
0.0031496537937869074
0.003155859791747387
0.0031620866402793306
0.003168334261849465
0.003174602417670019
0.003180891077880019
0.0031872003643793083
0.0031935300857788974
0.0031998800308841936
0.003206250301356512
0.003212640821437123
0.003219051349119832
0.0032254821221392705
0.003231932787362586
0.003238403296610102
0.003244893760477771
0.003251403961683377
0.003257933781732025
0.0032644832761889245
0.00327105235427174
0.0032776408664269892
0.0032842487262165943
0.00329087605355861
0.0032975225762415725
0.0033041882576255177
0.0033108730468023595
0.003317576879375315
0.003324299684274625
0.0033310415171952505
0.003337802080528062
0.003344581275149119
0.0033513792820562796
0.0033581957217140037
0.0033650308364256577
0.0033718843889320627
0.003378756237852655
0.00338564644006038
0.0033925548076512452
0.003399481369787262
0.0034064261261111946
0.0034133887968831934
0.003420369328024367
0.0034273677460793382
0.0034343839565847867
0.0034414178817565744
0.0034484694464698273
0.0034555385180668704
0.003462625019971858
0.0034697290281288044
0.0034768503912499444
0.0034839889576063873
0.0034911447405972886
0.003498317602736804
0.0035055074338317493
0.003512714284764771
0.0035199379927279765
0.0035271784791645554
0.0035344357524653247
0.0035417096151150805
0.0035490001152150524
0.003556307130694751
0.0035636304809496043
0.003570970250413999
0.0035783262368544212
0.0035856985173582014
0.003593086846684007
0.0036004913277705463
0.0036079115733849364
0.0036153479133408874
0.0036227999525414866
0.0036302677746195143
0.0036377513421527205
0.003645250273699959
0.0036527648643292954
0.0036602948693884424
0.0036678403747371284
0.003675400880675339
0.0036829767380195944
0.0036905677698366277
0.0036981738752858043
0.0037057948724622176
0.0037134307996447647
0.003721081521641864
0.0037287470182324643
0.0037364272138741563
0.003744121911554665
0.003751831182313414
0.0037595550201058015
0.0037672930475576103
0.0037750453491344205
0.0037828120324079353
0.003790592724886048
0.0037983874141860646
0.0038061961806727753
0.003814018754224579
0.0038218553328457088
0.0038297053845366665
0.0038375692820979694
0.003845446761630363
0.003853337759263152
0.0038612421667110967
0.0038691599924443178
0.0038770910101293293
0.003885035214697008
0.0038929926840494352
0.003900963085153908
0.003908946480092183
0.00391694280802475
0.003924951845786517
0.003932973769291718
0.003941008200465471
0.003949055344054299
0.00395711497734881
0.0039651870576527795
0.003973271344087556
0.003981368088283853
0.003989476874642152
0.0039975978866727295
0.004005730865014641
0.004013875782526616
0.004022032686543072
0.004030201441697161
0.004038381820392192
0.004046573920792451
0.004054777465305608
0.004062992652350911
0.004071219166321191
0.0040794569859753695
0.004087706151137542
0.004095966514795904
0.004104237925730733
0.004112520466546369
0.0041208138277237
0.004132548626738896
0.00414579867846598
0.004159048642133594
0.004172298583708837
0.0041855483984937335
0.0041987980680484325
0.004212047490867423
0.004225296592891605
0.004238545519415471
0.004251794039571917
0.004265041958559716
0.004278289544644583
0.004291536620579961
0.004304783021120174
0.004318028803036915
0.004331273886699545
0.0043445181464871864
0.004357761560763604
0.004371004158068134
0.004384245796360614
0.004397486635576937
0.004410726184570989
0.004423964700130441
0.0044372020441200985
0.004450438261340031
0.004463673189902519
0.004476906797172525
0.004490139021582784
0.004503369759571562
0.004516598971167135
0.0045298267777287736
0.004543052908581281
0.004556277388328728
0.004569500151548418
0.004582721197178487
0.004595940227697141
0.0046091575022071726
0.004622372834784997
0.004635586259665698
0.004648797577315559
0.004662006775429906
0.004675213695157412
0.0046884185667103485
0.00470162099719766
0.004714821258615915
0.0047280189254381
0.004741214260201239
0.0047544071285838254
0.004767597347231663
0.004780784978012132
0.004793969923817565
0.004807152198831726
0.004820331717037376
0.004833508311509438
0.004846681874794264
0.004859852625049838
0.004873020270985483
0.004886185015783099
0.004899346376521954
0.004912504752253976
0.0049256597459050875
0.004938811599259722
0.004951959999325075
0.004965104918212784
0.004978246343470104
0.004991384432128785
0.005004518774393397
0.005017649524179715
0.00503077650943839
0.0050438997963669725
0.0050570191688996645
0.005070134795472618
0.0050832463224112605
0.005096354004642428
0.005109457584028394
0.005122557099023764
0.005135652387714651
0.005148743572795472
0.005161830338694212
0.005174912894768968
0.005187990966499102
0.005201064635488637
0.005214133811130539
0.005227198345888588
0.005240258202909178
0.0052533135332613395
0.0052663640361674344
0.005279409751805014
0.005292450739557994
0.005305486721088146
0.005318517753649979
0.005331543712262605
0.005344564607609225
0.005357580347062838
0.005370590991330978
0.005383596299200784
0.005396596300065556
0.005409591005403455
0.005422580232371196
0.005435563955370864
0.005448542123249828
0.005461514767989456
0.005474481713511945
0.0054874429617117115
0.005500398346501848
0.005513348082705032
0.005526291836006086
0.00553922962775584
0.0055521614667839924
0.005565087220020766
0.005578006929225316
0.0055909204591220426
0.005603827652161845
0.005616728617149158
0.005629623254150149
0.005642511522387538
0.005655393361202364
0.005668268588189642
0.005681137203657
0.005693999330778735
0.005706854747013063
0.005719703400553808
0.005732545237624377
0.005745380313961036
0.00575820833912585
0.005771029512744326
0.005783843734603521
0.00579665069575128
0.00580945063715627
0.005822243244922765
0.005835028748588323
0.005847806872586421
0.005860577670250827
0.005873341053946427
0.005886096967147326
0.005898845211128026
0.005911586034005979
0.005924319047111923
0.00593704453002532
0.005949762197118787
0.005962471904909929
0.005975173952567384
0.005987867954590933
0.006000554032676215
0.006013232021527265
0.006025901855326729
0.006038563674531422
0.006051217118054957
0.006063862496868477
0.006076499467342038
0.006089127977503356
0.006101748084729225
0.006114359764829695
0.006126962938683149
0.0061395574710136555
0.006152143283329968
0.0061647203733883665
0.006177288719644668
0.006189848262595936
0.006202398994798115
0.006214940639647952
0.0062274734429017715
0.006239997142676395
0.006252511663713243
0.0062650171215668125
0.0062775132714863865
0.006290000377901903
0.006302477927845857
0.00631494626234634
0.00632740497242826
0.0063398543009678425
0.006352294060729442
0.006364724248837215
0.006377144878075001
0.006389555745241178
0.006401956741386254
0.006414347998657144
0.006426729323976911
0.006439100886167258
0.006451462302318749
0.0064638137874921805
0.006476155179727286
0.006488486235188713
0.006500807368684573
0.006513118085100808
0.006525418482292074
0.006537708617204536
0.006549988352511003
0.006562257478696027
0.00657451614630574
0.006586764291339066
0.006599001756050733
0.006611228481199176
0.006623444699026542
0.006635649951665816
0.0066478442883390965
0.006660027821700062
0.006672200376383337
0.006684361998736619
0.006696512502015537
0.006708651942839717
0.0067207801349793254
0.006732897209396988
0.006745002839593353
0.006757097299189409
0.006769180314361942
0.006781252084831982
0.006793312172749344
0.006805360702432813
0.0068173978692494105
0.006829423161374794
0.006841436912680669
0.006853438833665877
0.006865428974284088
0.006877407186136976
0.006889373610852229
0.006901328108585455
0.006913270529605143
0.006925201038845842
0.006937119311598271
0.006949025428469286
0.006960919281275107
0.006972800929432613
0.006984670297339612
0.006996527237853348
0.007008371867395507
0.007020203913300468
0.007032023550862615
0.007043830610725124
0.007055624899417113
0.007067406704684283
0.007079175600619277
0.007090931920625422
0.007102675335841915
0.007114405877948009
0.0071261234085049415
0.007137828005148802
0.00714951962788722
0.007161198134350058
0.00717286357859632
0.007184515767351663
0.0071961547998579505
0.007207780557460633
0.007219392935426192
0.007230991911611697
0.007242577609774003
0.007254149612718236
0.007265708270479421
0.007277253282391927
0.007288784740477147
0.007300302452708224
0.007311806465313801
0.007323296711715808
0.0073347731303379776
0.007346235727617173
0.0073576844326446005
0.007369119147715167
0.007380539792300873
0.00739194634565476
0.007403338883058503
0.0074147172901265455
0.007426081435662508
0.007437431383327873
0.0074487668693907745
0.007460088101727933
0.007471394906822314
0.00748268732597274
0.007493965263046566
0.007505228639826407
0.007516477516573787
0.007527711625409901
0.007538931097369786
0.007550135793260821
0.007561325838782508
0.0075725009552054644
0.007583661289487346
0.007594806621864532
0.007605937022125577
0.007617052491735013
0.0076281527987971595
0.007639237974169032
0.007650308085882402
0.0076613630365901355
0.007672402652177683
0.007683427148774062
0.007694436093803138
0.007705429846096648
0.007716408110206265
0.007727370871190378
0.007738318071477022
0.007749249832042427
0.007760166010272477
0.007771066394731771
0.007781951205629286
0.0077928202566456715
0.00780367342695568
0.007814510893305576
0.007825332533703927
0.00783613806962169
0.007846927804173615
0.007857701498983564
0.007868459089735274
0.007879200597188598
0.007889926047545967
0.007900635271135067
0.007911328231440471
0.007922004969666597
0.007932665494865302
0.007943309458931567
0.00795393717096379
0.007964548358717958
0.007975143223854822
0.007985721308280964
0.007996283103946443
0.008006828143794909
0.008017356517702351
0.008027868242422864
0.008038363160759551
0.00804884130882427
0.008059302723030513
0.008069747170491373
0.008080174763531135
0.008090585430684829
0.008100979124448479
0.008111355642465647
0.0081217151759968
0.008132057703352142
0.008142382884820895
0.008152691076785174
0.008162981804778093
0.008173255361029258
0.00818351166635593
0.008193750506866855
0.008203972058106107
0.008214176086287035
0.008224362646700066
0.008234531684563461
0.008244683124011833
0.008254817024224582
0.008264933250512321
0.008275031862131542
0.00828511271998387
0.008295175818036848
0.008305221058114327
0.008315248407981568
0.008325258065175412
0.008335249715130033
0.008345223401623737
0.008355179066037595
0.008365116677840522
0.008375036297267876
0.008384937849942813
0.008394821092830535
0.008404686346862953
0.008414533169247878
0.008424361862692397
0.008434172187997054
0.008443964219145866
0.008453737887105628
0.008463493014008923
0.008473229825762638
0.00848294810585141
0.008492647932016595
0.008502329102711368
0.00851199177142332
0.008521635724256599
0.008531260937362275
0.00854086747940622
0.008550455438825162
0.008560024507172168
0.008569574671841298
0.008579105973268926
0.008588618611602856
0.008598112069274761
0.008607586788261167
0.008617042354213655
0.008626478864425656
0.00863589632802164
0.008645294712868234
0.008654674012247218
0.00866403407856199
0.008673374900803743
0.00868269659151251
0.008691998931923326
0.00870128200479358
0.008710545656159452
0.00871979004040611
0.008729014864077855
0.00873822026110033
0.008747406250666747
0.00875657265584173
0.008765719565188975
0.008774846932604257
0.008783954578580744
0.008793042585245337
0.008802110959778425
0.008811159508388906
0.008820188467775825
0.008829197521734947
0.008838186766636287
0.008847156177792394
0.008856105719875768
0.00886503542671354
0.008873944968197968
0.00888283471694572
0.008891704425953587
0.008900554045381537
0.008909383634975456
0.008918193097779793
0.00892698243871125
0.008935751634367701
0.008944500569816598
0.008953229212854132
0.008961937744335116
0.008970625886238929
0.008979293718837418
0.008987941214118897
0.008996568330463695
0.009005175018128624
0.009013761253162837
0.009022327065766311
0.009030872259978576
0.009039396958248647
0.009047901207381515
0.009056384678142165
0.009064847642159991
0.009073289926206407
0.009081711438668356
0.009090112325841589
0.009098492573361835
0.009106851913378603
0.0091151904956305
0.009123508153601804
0.009131805064923875
0.009140080989068721
0.009148336150341782
0.009156570140667834
0.00916478333394614
0.009172975605130328
0.009181146607215146
0.009189296722627601
0.00919742579945351
0.00920553364003336
0.00921362025824995
0.009221685925196189
0.009229730299759585
0.00923775345307504
0.009245755334427529
0.009253735984119051
0.009261695445428925
0.009269633439664691
0.009277550012604161
0.009285445397429995
0.00929331927011924
0.009301171671014102
0.009309002698951869
0.009316812165710477
0.00932460020739408
0.009332366739282097
0.00934011164638961
0.009347834865692352
0.009355536645620638
0.009363216718905193
0.009370875233270926
0.00937851193430514
0.009386126949939313
0.009393720249977476
0.009401291782031196
0.009408841463338424
0.009416369364916993
0.009423875589943901
0.009431359851484748
0.009438822189740627
0.009446262654104252
0.009453681229914298
0.009461077846316212
0.009468452410403004
0.009475805028508123
0.009483135601791103
0.009490444180101637
0.009497730755947746
0.009504995172306116
0.009512237371280631
0.009519457482481645
0.0095266555043012
0.009533831408757477
0.009540984964184252
0.009548116356660903
0.009555225524892609
0.009562312478581565
0.00956937703764426
0.00957641929019659
0.009583439203702582
0.009590436843388806
0.009597412103377173
0.009604364961490055
0.009611295260533295
0.009618203301863993
0.009625088743782194
0.00963195189195981
0.009638792373061918
0.00964561031795612
0.009652405866619753
0.009659178718579842
0.00966592901306594
0.009672656756710524
0.009679361921276494
0.009686044355867314
0.009692704127469443
0.009699341383238563
0.009705955776140435
0.009712547420003846
0.009719116351541907
0.00972566266310942
0.009732186022605751
0.009738686661950699
0.009745164530697192
0.009751619520801055
0.009758051633360897
0.009764460887065946
0.009770847267131798
0.009777210878420158
0.009783551303268094
0.009789868923957666
0.00979616361541075
0.009802435344688252
0.0098086839655857
0.009814909704365993
0.009821112355391652
0.009827291934863928
0.00983344853500398
0.009839581890209696
0.009845692347452686
0.009851779616281576
0.009857843629057787
0.009863884698136732
0.009869902506872608
0.00987589704708671
0.009881868581887368
0.009887816718400715
0.00989374182183938
0.009899643468568576
0.00990552207932699
0.00991137721347437
0.009917209134846108
0.009923017724286689
0.009928803091646107
0.009934565056542256
0.009940303657086801
0.009946018864053895
0.009951710831734444
0.00995737917222115
0.009963024305714534
0.009968645998792708
0.009974244114615968
0.009979818934990052
0.009985370152356742
0.009990897882039051
0.009996402215071188
0.010001883060386425
0.010007340289942797
0.010012774034955015
0.010018184227850696
0.010023570886339905
0.010028933852726964
0.010034273302057589
0.010039589112480976
0.010044881318542684
0.010050149940059231
0.010055394928622632
0.010060616247817289
0.010065813896941393
0.01007098774778425
0.010076138007005209
0.010081264666519922
0.010086367453435755
0.010091446534365263
0.010096501848592013
0.010101533597959586
0.010106541341382105
0.010111525391401876
0.010116485779087728
0.010121422234392713
0.010126334955614732
0.010131223811392217
0.010136088703113283
0.010140929930389933
0.01014574732726283
0.010150540719380189
0.010155310305992782
0.010160056042022315
0.010164777827004711
0.010169475790495753
0.010174149779689739
0.010178799781347803
0.010183425983419729
0.010188028104505776
0.010192606385685634
0.01019716055317993
0.010201690940893158
0.01020619725636487
0.010210679431195819
0.010215137730377685
0.010219572016246755
0.010223982310062581
0.010228368558662744
0.010232730674249273
0.010237068797683676
0.010241382850298427
0.010245672861535986
0.010249938764743945
0.010254180707046484
0.010258398532363282
0.010262592165237477
0.01026676159261571
0.010270907085394167
0.01027502843574593
0.010279125628034999
0.010283198715244486
0.010287247523173674
0.01029127226813616
0.01029527290463943
0.010299249328962664
0.01030320150225864
0.010307129520922099
0.01031103346929592
0.010314913068370858
0.010318768492670464
0.010322599767327544
0.010326406707070404
0.01033018955582173
0.010333948085151947
0.010337682547870064
0.010341392555383432
0.010345078349863146
0.01034874006170226
0.01035237724121114
0.010355990419146527
0.010359579100080703
0.01036314363990408
0.010366683858086962
0.010370199893794207
0.010373691509438458
0.010377158745861807
0.010380601860219456
0.010384020457537979
0.010387414891201527
0.010390785044109702
0.010394130792852905
0.01039745216153448
0.010400749287195131
0.01040402193845724
0.010407270358432238
0.010410494506786386
0.010413694199966678
0.010416869449998102
0.01042002055268149
0.010423147139106657
0.010426249322206567
0.010429327204489212
0.010432380697127692
0.0104354099208731
0.010438414581639964
0.01044139498611194
0.010444350842097156
0.010447282390413445
0.010450189618024484
0.010453072328604826
0.010455930769284177
0.010458764667857749
0.0104615742169987
0.010464359266007282
0.010467119991153342
0.010469856324582711
0.010472568196435862
0.0104752555336094
0.010477918681102635
0.010480557310984077
0.010483171395945855
0.010485761091147561
0.010488326369439324
0.010490867265752879
0.010493383729550164
0.010495875714525742
0.010498343223229683
0.010500786402068139
0.010503205020219564
0.010505599223336473
0.010507969043540559
0.010510314337100804
0.010512635233835782
0.01051493161954156
0.010517203610982694
0.010519451034672611
0.01052167414315679
0.010523872687394865
0.010526046829897542
0.010528196465749312
0.010530321752960169
0.01053242250274965
0.010534498903560984
0.010536550797282622
0.010538578176140675
0.010540581066768308
0.010542559591271308
0.010544513606230484
0.01054644316127635
0.010548348299533428
0.010550229001486628
0.010552085156762061
0.010553916977360245
0.010555724276136403
0.01055750705372039
0.01055926539390339
0.01056099934206983
0.010562708833384022
0.010564393822251055
0.010566054398390038
0.010567690590798024
0.010569302238183562
0.010570889401822626
0.010572452274095458
0.010573990622378225
0.010575504561743538
0.010576993973062634
0.010578458918446368
0.010579899472809821
0.010581315608625411
0.010582707235463463
0.010584074541228103
0.01058541741813854
0.010586735866912434
0.01058802979870997
0.010589299257706008
0.01059054436250865
0.010591765124346763
0.010592961362497636
0.010594133196211037
0.010595280669258392
0.010596403813344086
0.010597502451303075
0.010598576577326844
0.01059962640970384
0.010600651809747976
0.0106016528740951
0.010602629403214502
0.01060358166955286
0.010604509498344999
0.010605412983163013
0.010606292105479932
0.010607146759317928
0.010607977089938554
0.010608782996555589
0.010609564589882537
0.010610321893161589
0.010611054802498493
0.010611763216995388
0.010612447476132353
0.01061310713229647
0.010613742560428093
0.010614353808850507
0.01061494043406163
0.010615503011326834
0.010616041042774065
0.010616554867283374
0.010617044301046968
0.010617509509630706
0.01061795036488763
0.010618366877907164
0.010618759015915713
0.01061912709692939
0.010619470705039432
0.010619789992739125
0.01062008513326794
0.010620355845060603
0.010620602426914734
0.010620824656093191
0.010621022648098036
0.010621196344913318
0.010621345886552004
0.010621471066010682
0.010621572115062781
0.010621648854616786
0.010621701398256017
0.010621729641396014
0.010621733695585103
0.010621713660717139
0.010621669250751094
0.010621600690508926
0.010621508012271035
0.010621390982624471
0.010621249958838822
0.010621084494012589
0.010620895146192428
0.010620681477606267
0.01062044373310944
0.010620181720391093
0.010619895557789525
0.010619585425945882
0.010619251013032058
0.010618892498169243
0.010618509857628685
0.010618103117110275
0.010617672171065521
0.010617217290539023
0.010616738215836478
0.010616235035696649
0.010615707808839683
0.010615156488807521
0.01061458113689743
0.010613981673136343
0.010613358180628937
0.010612710573377562
0.010612039091200013
0.010611343531695482
0.01061062391878811
0.01060988020927811
0.010609112588889792
0.01060832085473353
0.010607505283999973
0.010606665556969536
0.010605801959676963
0.010604914375730367
0.010604002793099147
0.010603067385208453
0.010602107871114935
0.010601124479901951
0.01060011715213954
0.010599085874324931
0.010598030567461962
0.010596951498112624
0.01059584851257879
0.010594721691703113
0.010593570870698298
0.010592396141855163
0.0105911976872331
0.010589975376450523
0.01058872906465222
0.01058745913039827
0.010586165224428873
0.010584847521744527
0.010583505961422828
0.010582140533934139
0.010580751432812523
0.010579338424955153
0.010577901695830453
0.010576441306420237
0.010574957032007667
0.010573449017305303
0.01057191724352174
0.010570361753830486
0.010568782588145769
0.010567179627127627
0.010565552870305339
0.010563902597857873
0.010562228537329434
0.010560530755901736
0.010558809476933053
0.010557064331484945
0.010555295680068653
0.010553503291108598
0.010551687286052108
0.010549847714956423
0.010547984340066112
0.010546097647332988
0.01054418722995771
0.010542253090194686
0.010540295531194207
0.010538314439693247
0.010536309670016175
0.010534281447371181
0.010532229633586687
0.010530154315817105
0.01052805552432028
0.010525933217565056
0.010523787311806435
0.010521617921295913
0.010519425105659862
0.010517208911898486
0.010514969111196225
0.010512706055436229
0.010510419367397588
0.010508109404949836
0.01050577591554518
0.010503419046646726
0.010501038878580816
0.010498635248815972
0.010496208257137242
0.010493757909677501
0.010491284234047625
0.010488787128914039
0.010486266831045643
0.010483723023500643
0.010481156116589618
0.010478565871562984
0.010475952199174108
0.010473315415183716
0.010470655382772753
0.010467971945680332
0.010465265302704417
0.01046253549380938
0.010459782456879549
0.010457006288343965
0.01045420681067851
0.010451384146770893
0.010448538250049879
0.010445669355035356
0.010442777277006127
0.010439862001182364
0.010436923535985083
0.010433962096098386
0.010430977430430132
0.010427969644702465
0.010424938897302035
0.010421885053151449
0.010418808134936024
0.010415708242361757
0.01041258520715301
0.010409439145433075
0.010406270189408805
0.010403078097573092
0.010399863118656242
0.010396625160240201
0.010393364027894354
0.010390080137516165
0.010386773248178226
0.010383443498405275
0.01038009080975168
0.010376715108442678
0.010373316620685913
0.010369895214431782
0.010366451031839835
0.010362983963390771
0.01035949401846235
0.010355981249545709
0.010352445574027473
0.010348887159823714
0.0103453059746974
0.010341702011283557
0.010338075229753694
0.01033442564164448
0.010330753339787495
0.010327058460928516
0.010323340730182876
0.010319600238594477
0.010315837186915172
0.010312051320829707
0.010308242814664881
0.010304411660800875
0.010300557946099685
0.010296681414090838
0.010292782377245317
0.010288860788220052
0.010284916616363996
0.010280949690643616
0.010276960282364734
0.010272948335265215
0.01026891388841122
0.010264856900452299
0.010260777370437011
0.010256675200925911
0.010252550798590753
0.010248403721768978