   0.6309362488E-002
   0.6309359720E-002
   0.6309355569E-002
   0.6309349342E-002
   0.6309340002E-002
   0.6309325991E-002
   0.6309304976E-002
   0.6309273453E-002
   0.6309226170E-002
   0.6309155247E-002
   0.6309048870E-002
   0.6308889316E-002
   0.6308650014E-002
   0.6308291126E-002
   0.6307752937E-002
   0.6306945979E-002
   0.6305736273E-002
   0.6303923350E-002
   0.6301207638E-002
   0.6297142285E-002
   0.6291062585E-002
   0.6281983774E-002
   0.6268455547E-002
   0.6248360265E-002
   0.6218643431E-002
   0.6174973089E-002
   0.6121254534E-002
   0.6060761522E-002
   0.5989594091E-002
   0.5904244894E-002
   0.5800943938E-002
   0.5675402274E-002
   0.5522649020E-002
   0.5336894975E-002
   0.5111403938E-002
   0.4838368964E-002
   0.4508801648E-002
   0.4112455583E-002
   0.3637823650E-002
   0.3072274488E-002
   0.3368411303E-002
   0.4185023602E-002
   0.5131652408E-002
   0.6215958336E-002
   0.7438914361E-002
   0.8790640256E-002
   0.1024518818E-001
   0.1175464344E-001
   0.1324332147E-001
   0.1347511226E-001
   0.1251583519E-001
   0.1157515826E-001
   0.1065277761E-001
   0.9755745108E-002
   0.8892303294E-002
   0.8066902203E-002
   0.7275733762E-002
   0.6502898709E-002
   0.5717534794E-002
   0.4872297844E-002
   0.3903675438E-002
   0.2760098827E-002
   0.2291444849E-002
   0.2788448587E-002
   0.5115408972E-002
   0.7917225117E-002
   0.1114784914E-001
   0.1467594085E-001
   0.1827327353E-001
   0.2162051954E-001
   0.2411592400E-001
   0.2357571082E-001
   0.2145860399E-001
   0.1939785140E-001
   0.1742410682E-001
   0.1555529607E-001
   0.1378578166E-001
   0.1207953646E-001
   0.1036932397E-001
   0.8562205330E-002
   0.6550553636E-002
   0.4227710109E-002
   0.5001647144E-002
   0.6623419042E-002
   0.8926639699E-002
   0.1187230332E-001
   0.1588505037E-001
   0.1963945947E-001
   0.2273931626E-001
   0.2193575136E-001
   0.1985330553E-001
   0.1789759199E-001
   0.1606460379E-001
   0.1434738852E-001
   0.1271648338E-001
   0.1111398056E-001
   0.9454944597E-002
   0.7635225389E-002
   0.5544475601E-002
   0.4552133442E-002
   0.5838013067E-002
   0.7836522484E-002
   0.1044813255E-001
   0.1385096697E-001
   0.1776506077E-001
   0.2122737565E-001
   0.2293378076E-001
   0.2058466044E-001
   0.1823712719E-001
   0.1620177037E-001
   0.1437889315E-001
   0.1269435977E-001
   0.1106571358E-001
   0.9394061143E-002
   0.7567520004E-002
   0.5471820024E-002
   0.4528764004E-002
   0.5837724957E-002
   0.7858442316E-002
   0.1048839600E-001
   0.1392906290E-001
   0.1782941627E-001
   0.2126869822E-001
   0.2281814071E-001
   0.2044710643E-001
   0.1806357769E-001
   0.1578358719E-001
   0.1375546544E-001
   0.1197335157E-001
   0.1026704199E-001
   0.8494159106E-002
   0.6522789098E-002
   0.4235304070E-002
   0.5061501563E-002
   0.6753458699E-002
   0.9116552532E-002
   0.1199810263E-001
   0.1596596736E-001
   0.1967664482E-001
   0.2271249688E-001
   0.2157377088E-001
   0.1917927032E-001
   0.1683942774E-001
   0.1463653367E-001
   0.1257388690E-001
   0.1059973907E-001
   0.8695972571E-002
   0.6650168874E-002
   0.4313613136E-002
   0.5029248984E-002
   0.6731860593E-002
   0.9109594686E-002
   0.1200452044E-001
   0.1598602541E-001
   0.1969764162E-001
   0.2272692084E-001
   0.2153523699E-001
   0.1914212412E-001
   0.1680269658E-001
   0.1460140318E-001
   0.1254021241E-001
   0.1051922837E-001
   0.8353257762E-002
   0.5988253999E-002
   0.4336881893E-002
   0.5640108113E-002
   0.7692641142E-002
   0.1036528274E-001
   0.1384300654E-001
   0.1777532277E-001
   0.2123024913E-001
   0.2275848440E-001
   0.2038374807E-001
   0.1800271389E-001
   0.1572189563E-001
   0.1359381574E-001
   0.1157088479E-001
   0.9509056765E-002
   0.7192645814E-002
   0.4371272900E-002
   0.5264191616E-002
   0.7328880553E-002
   0.1004919152E-001
   0.1351611747E-001
   0.1753383887E-001
   0.2106352310E-001
   0.2286933091E-001
   0.2048974917E-001
   0.1810045181E-001
   0.1581008576E-001
   0.1367393409E-001
   0.1164760086E-001
   0.9589746348E-002
   0.7286425265E-002
   0.4487530057E-002
   0.5322737874E-002
   0.7909670899E-002
   0.1164226765E-001
   0.1703175180E-001
   0.2188339436E-001
   0.2327106718E-001
