   0.1783340881E-001
   0.1783340699E-001
   0.1783340426E-001
   0.1783340015E-001
   0.1783339400E-001
   0.1783338477E-001
   0.1783337093E-001
   0.1783335016E-001
   0.1783331901E-001
   0.1783327229E-001
   0.1783320221E-001
   0.1783309710E-001
   0.1783293947E-001
   0.1783270306E-001
   0.1783234851E-001
   0.1783181683E-001
   0.1783101964E-001
   0.1782982458E-001
   0.1782803406E-001
   0.1782535358E-001
   0.1782134265E-001
   0.1781534618E-001
   0.1780801860E-001
   0.1779809904E-001
   0.1778331443E-001
   0.1776133954E-001
   0.1773395426E-001
   0.1770271274E-001
   0.1766534657E-001
   0.1761962598E-001
   0.1758311057E-001
   0.1753794840E-001
   0.1747965930E-001
   0.1740399640E-001
   0.1730534945E-001
   0.1717632398E-001
   0.1707565206E-001
   0.1694258079E-001
   0.1675700581E-001
   0.1649908097E-001
   0.1614545810E-001
   0.1566790359E-001
   0.1502577042E-001
   0.1424042860E-001
   0.1336887782E-001
   0.1219139419E-001
   0.1062923609E-001
   0.8945446006E-002
   0.8500005205E-002
   0.8833849712E-002
   0.8711634373E-002
   0.8666660837E-002
   0.8766442578E-002
   0.9097955100E-002
   0.9640174116E-002
   0.1036521055E-001
   0.1121236484E-001
   0.1219331230E-001
   0.1338167633E-001
   0.1465076382E-001
   0.1617325208E-001
   0.1783557435E-001
   0.1937458762E-001
   0.2058040194E-001
   0.2133274985E-001
   0.2142295781E-001
   0.2104749663E-001
   0.1966885846E-001
   0.1706200536E-001
   0.1443558778E-001
   0.1551058647E-001
   0.1590332905E-001
   0.1516796527E-001
   0.1510239835E-001
   0.1533733852E-001
   0.1575726957E-001
   0.1652405536E-001
   0.1736595778E-001
   0.1817145269E-001
   0.1925673587E-001
   0.2062694947E-001
   0.2178943296E-001
   0.2258253498E-001
   0.2274137331E-001
   0.2247847173E-001
   0.2125902222E-001
   0.1877533207E-001
   0.1572528299E-001
   0.1645239338E-001
   0.1639427532E-001
   0.1561185352E-001
   0.1554399918E-001
   0.1578971269E-001
   0.1632331221E-001
   0.1713502713E-001
   0.1797101884E-001
   0.1885126851E-001
   0.2004580006E-001
   0.2131861331E-001
   0.2223959971E-001
   0.2269526309E-001
   0.2256075745E-001
   0.2188099619E-001
   0.2005090609E-001
   0.1703724383E-001
   0.1555027608E-001
   0.1693946763E-001
   0.1577551794E-001
   0.1547193347E-001
   0.1571552370E-001
   0.1623766137E-001
   0.1707814442E-001
   0.1793382679E-001
   0.1881266645E-001
   0.2001727568E-001
   0.2129524970E-001
   0.2221337694E-001
   0.2266019112E-001
   0.2251232423E-001
   0.2180732042E-001
   0.1994542874E-001
   0.1691576358E-001
   0.1556627119E-001
   0.1687374552E-001
   0.1571409480E-001
   0.1542823387E-001
   0.1572609707E-001
   0.1644803100E-001
   0.1738465119E-001
   0.1824645294E-001
   0.1928586347E-001
   0.2063844386E-001
   0.2177592188E-001
   0.2247070772E-001
   0.2257025387E-001
   0.2224685578E-001
   0.2096312308E-001
   0.1841758661E-001
   0.1553877265E-001
   0.1650345247E-001
   0.1621079226E-001
   0.1545763324E-001
   0.1554006901E-001
   0.1602179994E-001
   0.1704308071E-001
   0.1807585335E-001
   0.1915150226E-001
   0.2054122759E-001
   0.2173142491E-001
   0.2245201078E-001
   0.2256232205E-001
   0.2223582322E-001
   0.2094306408E-001
   0.1838187533E-001
   0.1552061427E-001
   0.1652727039E-001
   0.1619264612E-001
   0.1544938203E-001
   0.1553822109E-001
   0.1602699736E-001
   0.1705117454E-001
   0.1810611289E-001
   0.1934243930E-001
   0.2093215526E-001
   0.2205109970E-001
   0.2259716129E-001
   0.2247124044E-001
   0.2179193733E-001
   0.1992903174E-001
   0.1687935344E-001
   0.1554376632E-001
   0.1684010589E-001
   0.1568186508E-001
   0.1540169063E-001
   0.1570378763E-001
   0.1648393899E-001
   0.1756010835E-001
   0.1861611581E-001
   0.2016619196E-001
   0.2169943641E-001
   0.2252327639E-001
   0.2249480955E-001
   0.2191921769E-001
   0.2012674587E-001
   0.1706597711E-001
   0.1546279046E-001
   0.1690202409E-001
   0.1571581077E-001
   0.1539594956E-001
   0.1568851609E-001
   0.1644594105E-001
   0.1752052426E-001
   0.1856273171E-001
   0.2010159133E-001
   0.2165323655E-001
   0.2253803803E-001
   0.2245446712E-001
   0.2115649001E-001
   0.1745132612E-001
   0.1589575176E-001
   0.1714236012E-001
