   0.8379559333E-011     0.3992585767E-011     0.1512719758E-018    -0.9116341889E-020
   0.2362478541E-010     0.1125264204E-010     0.1989393072E-017     0.1078602492E-018
   0.6659174431E-010     0.3171433671E-010     0.2241370908E-016     0.4019444959E-018
   0.1876898311E-009     0.8938392254E-010     0.1959261830E-015     0.4623904067E-018
   0.5289967978E-009     0.2519243613E-009     0.1500220659E-014    -0.1925154973E-016
   0.1490975355E-008     0.7100626357E-009     0.9686529908E-014    -0.1033008797E-014
   0.4202457718E-008     0.2001449745E-008     0.4588983450E-013    -0.7255855155E-013
   0.1184540015E-007     0.5641283466E-008     0.3655734100E-012    -0.2246056160E-011
   0.3340387531E-007     0.1589111760E-007    -0.4236275206E-011    -0.4651682585E-011
   0.9423084010E-007     0.4472802656E-007    -0.3821170724E-010     0.1228160488E-011
   0.2652465763E-006     0.1256076141E-006    -0.2126353949E-009     0.5545620217E-011
   0.7428951334E-006     0.3494193567E-006    -0.1406545698E-008     0.1812357049E-010
   0.2051353123E-005     0.9462384528E-006    -0.1013413585E-007     0.9245436818E-010
   0.5442401300E-005     0.2370466430E-005    -0.7210457354E-007     0.1082470984E-008
   0.1291170592E-004     0.4677711151E-005    -0.4428298854E-006     0.1732018691E-007
   0.2254042120E-004     0.3412605105E-005    -0.1658382716E-005     0.2021709444E-006
   0.1779386846E-004    -0.7984805755E-005    -0.2588288447E-006     0.6128975284E-006
   0.2425127975E-005    -0.4225239520E-005     0.2785257827E-005    -0.9863041793E-006
   0.2070502888E-007    -0.5224991696E-007     0.6752117758E-007    -0.5993586029E-007
   0.8902334121E-010    -0.2513527390E-009     0.3850276993E-009    -0.4634958489E-009
