   0.1905275176E-002     0.9057250162E-003    -0.5495099596E-006     0.1499306616E-009
   0.5349785921E-002     0.2534989515E-002    -0.4342231527E-005     0.3341025502E-008
   0.1492000309E-001     0.7005504208E-002    -0.3398841145E-004     0.7382628307E-007
   0.4082363174E-001     0.1867143903E-001    -0.2590008792E-003     0.1593009828E-005
   0.1058765323E+000     0.4477770996E-001    -0.1828670151E-002     0.3213780869E-004
   0.2366038947E+000     0.7684812644E-001    -0.1034584572E-001     0.5351738695E-003
   0.3532380687E+000     0.1508479014E-001    -0.2894273680E-001     0.5063879607E-002
   0.1925367779E+000    -0.1405385409E+000     0.1944936790E-001     0.5041041787E-002
   0.1282077712E-001    -0.2583624994E-001     0.2067098177E-001    -0.1036802600E-001
   0.8026536478E-005    -0.2152600390E-004     0.2871093627E-004    -0.2887048741E-004
   0.1047703019E-013    -0.3030436863E-013     0.4695331269E-013    -0.5892696047E-013
   0.1000000000E-014    -0.1000000000E-014     0.1000000000E-014    -0.1000000000E-014
   0.1000000000E-014    -0.1000000000E-014     0.1000000000E-014    -0.1000000000E-014
   0.1000000000E-014    -0.1000000000E-014     0.1000000000E-014    -0.1000000000E-014
   0.1000000000E-014    -0.1000000000E-014     0.1000000000E-014    -0.1000000000E-014
   0.1000000000E-014    -0.1000000000E-014     0.1000000000E-014    -0.1000000000E-014
   0.1000000000E-014    -0.1000000000E-014     0.1000000000E-014    -0.1000000000E-014
   0.1000000000E-014    -0.1000000000E-014     0.1000000000E-014    -0.1000000000E-014
   0.1000000000E-014    -0.1000000000E-014     0.1000000000E-014    -0.1000000000E-014
   0.1000000000E-014    -0.1000000000E-014     0.1000000000E-014    -0.1000000000E-014
