   0.9999999518E+000     0.1000000000E+001     0.2000000096E+001     0.6000000578E+001     0.2400000347E+002     0.1200000231E+003
   0.9999998796E+000     0.1000000000E+001     0.2000000241E+001     0.6000001445E+001     0.2400000867E+002     0.1200000578E+003
   0.9999997712E+000     0.1000000000E+001     0.2000000458E+001     0.6000002746E+001     0.2400001648E+002     0.1200001098E+003
   0.9999996086E+000     0.1000000000E+001     0.2000000783E+001     0.6000004697E+001     0.2400002818E+002     0.1200001879E+003
   0.9999993647E+000     0.1000000000E+001     0.2000001271E+001     0.6000007624E+001     0.2400004574E+002     0.1200003049E+003
   0.9999989989E+000     0.1000000000E+001     0.2000002002E+001     0.6000012014E+001     0.2400007208E+002     0.1200004805E+003
   0.9999984501E+000     0.1000000000E+001     0.2000003100E+001     0.6000018598E+001     0.2400011159E+002     0.1200007439E+003
   0.9999976271E+000     0.1000000000E+001     0.2000004746E+001     0.6000028475E+001     0.2400017085E+002     0.1200011390E+003
   0.9999963925E+000     0.1000000000E+001     0.2000007215E+001     0.6000043290E+001     0.2400025974E+002     0.1200017316E+003
   0.9999945407E+000     0.1000000000E+001     0.2000010919E+001     0.6000065512E+001     0.2400039307E+002     0.1200026205E+003
   0.9999917632E+000     0.1000000000E+001     0.2000016474E+001     0.6000098843E+001     0.2400059306E+002     0.1200039537E+003
   0.9999875974E+000     0.1000000000E+001     0.2000024806E+001     0.6000148835E+001     0.2400089301E+002     0.1200059535E+003
   0.9999813495E+000     0.1000000000E+001     0.2000037302E+001     0.6000223812E+001     0.2400134289E+002     0.1200089527E+003
   0.9999719798E+000     0.1000000000E+001     0.2000056042E+001     0.6000336256E+001     0.2400201757E+002     0.1200134506E+003
   0.9999579299E+000     0.1000000000E+001     0.2000084144E+001     0.6000504873E+001     0.2400302930E+002     0.1200201958E+003
   0.9999368656E+000     0.1000000000E+001     0.2000126277E+001     0.6000757685E+001     0.2400454625E+002     0.1200303093E+003
   0.9999052925E+000     0.1000000000E+001     0.2000189433E+001     0.6001136651E+001     0.2400682023E+002     0.1200454704E+003
   0.9998579857E+000     0.1000000000E+001     0.2000284069E+001     0.6001704535E+001     0.2401022794E+002     0.1200681911E+003
   0.9997871436E+000     0.1000000000E+001     0.2000425803E+001     0.6002555093E+001     0.2401533219E+002     0.1201022255E+003
   0.9996811449E+000     0.1000000000E+001     0.2000637914E+001     0.6003828092E+001     0.2402297222E+002     0.1201531725E+003
   0.9995227367E+000     0.1000000000E+001     0.2000954982E+001     0.6005731262E+001     0.2403439578E+002     0.1202293600E+003
   0.9992864349E+000     0.1000000000E+001     0.2001428149E+001     0.6008571955E+001     0.2405145009E+002     0.1203431231E+003
   0.9989348757E+000     0.1000000000E+001     0.2002132520E+001     0.6012801942E+001     0.2407685261E+002     0.1205126240E+003
   0.9984138681E+000     0.1000000000E+001     0.2003177303E+001     0.6019078963E+001     0.2411456473E+002     0.1207643719E+003
   0.9976460318E+000     0.1000000000E+001     0.2004719045E+001     0.6028347673E+001     0.2417028678E+002     0.1211365856E+003
   0.9965232738E+000     0.1000000000E+001     0.2006977712E+001     0.6041939305E+001     0.2425207505E+002     0.1216834352E+003
   0.9951511820E+000     0.1000000000E+001     0.2009744887E+001     0.6058611767E+001     0.2435252805E+002     0.1223559218E+003
   0.9936176894E+000     0.1000000000E+001     0.2012846612E+001     0.6077327226E+001     0.2446545504E+002     0.1231130207E+003
   0.9918289834E+000     0.1000000000E+001     0.2016476664E+001     0.6099267206E+001     0.2459805998E+002     0.1240035348E+003
   0.9897051324E+000     0.1000000000E+001     0.2020803909E+001     0.6125472656E+001     0.2475675817E+002     0.1250713842E+003
   0.9871645770E+000     0.1000000000E+001     0.2026004626E+001     0.6157042119E+001     0.2494839164E+002     0.1263638922E+003
   0.9841195046E+000     0.1000000000E+001     0.2032273510E+001     0.6195203430E+001     0.2518069564E+002     0.1279351518E+003
   0.9804742445E+000     0.1000000000E+001     0.2039829206E+001     0.6241354787E+001     0.2546259557E+002     0.1298483653E+003
   0.9761249984E+000     0.1000000000E+001     0.2048917919E+001     0.6297096956E+001     0.2580446958E+002     0.1321781002E+003
   0.9709603989E+000     0.1000000000E+001     0.2059816242E+001     0.6364264426E+001     0.2621843046E+002     0.1350128723E+003
   0.9648626875E+000     0.1000000000E+001     0.2072833809E+001     0.6444960001E+001     0.2671866198E+002     0.1384583647E+003
   0.9577094012E+000     0.1000000000E+001     0.2088316140E+001     0.6541596452E+001     0.2732184290E+002     0.1426416138E+003
   0.9493755064E+000     0.1000000000E+001     0.2106647988E+001     0.6656948616E+001     0.2804769481E+002     0.1477165496E+003
   0.9397359688E+000     0.1000000000E+001     0.2128257369E+001     0.6794219140E+001     0.2891969390E+002     0.1538713791E+003
   0.9286687940E+000     0.1000000000E+001     0.2153620336E+001     0.6957120827E+001     0.2996599378E+002     0.1613384340E+003
   0.9160586059E+000     0.1000000000E+001     0.2183266428E+001     0.7149978441E+001     0.3122061578E+002     0.1704073057E+003
   0.9018008236E+000     0.1000000000E+001     0.2217784624E+001     0.7377852955E+001     0.3272497768E+002     0.1814423807E+003
   0.8858064500E+000     0.1000000000E+001     0.2257829574E+001     0.7646691580E+001     0.3452985279E+002     0.1949063071E+003
   0.8680074023E+000     0.1000000000E+001     0.2304127816E+001     0.7963507488E+001     0.3669787823E+002     0.2113915050E+003
   0.8483622097E+000     0.1000000000E+001     0.2357483604E+001     0.8336593417E+001     0.3930676459E+002     0.2316626327E+003
   0.8268618080E+000     0.1000000000E+001     0.2418783865E+001     0.8775773081E+001     0.4245339667E+002     0.2567139772E+003
   0.8035350797E+000     0.1000000000E+001     0.2489001477E+001     0.9292692528E+001     0.4625905085E+002     0.2878471147E+003
   0.7784537395E+000     0.1000000000E+001     0.2569195700E+001     0.9901149816E+001     0.5087598306E+002     0.3267758923E+003
   0.7517361133E+000     0.1000000000E+001     0.2660508075E+001     0.1061745483E+002     0.5649564863E+002     0.3757678235E+003
   0.7244550585E+000     0.1000000000E+001     0.2760695749E+001     0.1143216152E+002     0.6312143943E+002     0.4356477237E+003
   0.6988404915E+000     0.1000000000E+001     0.2861883397E+001     0.1228556487E+002     0.7031970825E+002     0.5031170138E+003
   0.6739556476E+000     0.1000000000E+001     0.2967554330E+001     0.1320956805E+002     0.7840022171E+002     0.5816422934E+003
   0.6494065247E+000     0.1000000000E+001     0.3079734995E+001     0.1422715146E+002     0.8763171245E+002     0.6747061288E+003
   0.6250543140E+000     0.1000000000E+001     0.3199721936E+001     0.1535733071E+002     0.9827837589E+002     0.7861586880E+003
   0.6008843736E+000     0.1000000000E+001     0.3328427378E+001     0.1661764322E+002     0.1106212373E+003     0.9204868869E+003
   0.5769412646E+000     0.1000000000E+001     0.3466557382E+001     0.1802553013E+002     0.1249730691E+003     0.1083065788E+004
   0.5532916272E+000     0.1000000000E+001     0.3614730282E+001     0.1959941252E+002     0.1416931799E+003     0.1280456571E+004
   0.5300022467E+000     0.1000000000E+001     0.3773568909E+001     0.2135973347E+002     0.1612048522E+003     0.1520794046E+004
   0.5071281010E+000     0.1000000000E+001     0.3943776722E+001     0.2333006225E+002     0.1840171129E+003     0.1814306015E+004
   0.4847073519E+000     0.1000000000E+001     0.4126201082E+001     0.2553830305E+002     0.2107523474E+003     0.2174016409E+004
   0.4627609114E+000     0.1000000000E+001     0.4321886207E+001     0.2801805058E+002     0.2421816527E+003     0.2616703861E+004
   0.4412946361E+000     0.1000000000E+001     0.4532119442E+001     0.3081015996E+002     0.2792706499E+003     0.3164219855E+004
   0.4203026952E+000     0.1000000000E+001     0.4758475315E+001     0.3396463098E+002     0.3232397162E+003     0.3845320525E+004
   0.3997711912E+000     0.1000000000E+001     0.5002861747E+001     0.3754293848E+002     0.3756442616E+003     0.4698240766E+004
   0.3796815939E+000     0.1000000000E+001     0.5267571650E+001     0.4162096663E+002     0.4384828477E+003     0.5774349543E+004
   0.3600139103E+000     0.1000000000E+001     0.5555340899E+001     0.4629271875E+002     0.5143436675E+003     0.7143386031E+004
   0.3407497549E+000     0.1000000000E+001     0.5869409945E+001     0.5167495965E+002     0.6066030442E+003     0.8901004850E+004
   0.3218756226E+000     0.1000000000E+001     0.6213580214E+001     0.5791286862E+002     0.7196925092E+003     0.1117966784E+005
   0.3033867095E+000     0.1000000000E+001     0.6592246587E+001     0.6518657259E+002     0.8594519214E+003     0.1416429749E+005
   0.2852915330E+000     0.1000000000E+001     0.7010372790E+001     0.7371798998E+002     0.1033581182E+004     0.1811447349E+005
   0.2692662925E+000     0.1000000000E+001     0.7427591405E+001     0.8275367112E+002     0.1229320913E+004     0.2282723361E+005
   0.2547219330E+000     0.1000000000E+001     0.7851699209E+001     0.9247377070E+002     0.1452152465E+004     0.2850466089E+005
   0.2411691825E+000     0.1000000000E+001     0.8292933532E+001     0.1031591198E+003     0.1710983448E+004     0.3547268002E+005
   0.2283776757E+000     0.1000000000E+001     0.8757423396E+001     0.1150386968E+003     0.2014885149E+004     0.4411300587E+005
   0.2162285264E+000     0.1000000000E+001     0.9249473383E+001     0.1283291368E+003     0.2373953870E+004     0.5489455784E+005
   0.2046737020E+000     0.1000000000E+001     0.9771651076E+001     0.1432277471E+003     0.2799143139E+004     0.6838062515E+005
   0.1936948590E+000     0.1000000000E+001     0.1032551928E+002     0.1599245225E+003     0.3302607479E+004     0.8525284295E+005
   0.1832791087E+000     0.1000000000E+001     0.1091231845E+002     0.1786180410E+003     0.3898273889E+004     0.1063480152E+006
   0.1734064420E+000     0.1000000000E+001     0.1153359689E+002     0.1995357858E+003     0.4602730636E+004     0.1327150994E+006
   0.1640457698E+000     0.1000000000E+001     0.1219171943E+002     0.2229570342E+003     0.5436459213E+004     0.1656994636E+006
   0.1551564967E+000     0.1000000000E+001     0.1289021113E+002     0.2492363143E+003     0.6425417422E+004     0.2070624678E+006
   0.1466925948E+000     0.1000000000E+001     0.1363395339E+002     0.2788270274E+003     0.7603029390E+004     0.2591483708E+006
   0.1386069432E+000     0.1000000000E+001     0.1442929159E+002     0.3123066839E+003     0.9012728417E+004     0.3251182160E+006
   0.1308548200E+000     0.1000000000E+001     0.1528411410E+002     0.3504062158E+003     0.1071129717E+005     0.4092817203E+006
   0.1233963370E+000     0.1000000000E+001     0.1620793654E+002     0.3940458103E+003     0.1277333897E+005     0.5175736686E+006
   0.1161980869E+000     0.1000000000E+001     0.1721198734E+002     0.4443787622E+003     0.1529728326E+005     0.6582416143E+006
   0.1092344204E+000     0.1000000000E+001     0.1830924715E+002     0.5028427966E+003     0.1841334608E+005     0.8428362603E+006
   0.1024887118E+000     0.1000000000E+001     0.1951434420E+002     0.5712144446E+003     0.2229375057E+005     0.1087619806E+007
   0.9595477396E-001     0.1000000000E+001     0.2084315264E+002     0.6516555178E+003     0.2716511085E+005     0.1415516380E+007
   0.8980307643E-001     0.1000000000E+001     0.2227095195E+002     0.7439929511E+003     0.3313886253E+005     0.1845085037E+007
   0.8448572472E-001     0.1000000000E+001     0.2367263827E+002     0.8405907038E+003     0.3979799933E+005     0.2355309105E+007
   0.7967177383E-001     0.1000000000E+001     0.2510299324E+002     0.9452404045E+003     0.4745672697E+005     0.2978264741E+007
   0.7521660284E-001     0.1000000000E+001     0.2658987410E+002     0.1060532107E+004     0.5639883043E+005     0.3749094501E+007
   0.7105229674E-001     0.1000000000E+001     0.2814828080E+002     0.1188488568E+004     0.6690781987E+005     0.4708350253E+007
   0.6714285828E-001     0.1000000000E+001     0.2978723354E+002     0.1330918923E+004     0.7928878555E+005     0.5904483930E+007
   0.6346454280E-001     0.1000000000E+001     0.3151365962E+002     0.1489666114E+004     0.9388966177E+005     0.7397017108E+007
   0.5999704590E-001     0.1000000000E+001     0.3333497458E+002     0.1666830796E+004     0.1111275244E+006     0.9261083003E+007
   0.5672024953E-001     0.1000000000E+001     0.3526077577E+002     0.1864983462E+004     0.1315215273E+006     0.1159387771E+008
   0.5361377216E-001     0.1000000000E+001     0.3730384786E+002     0.2087365598E+004     0.1557335374E+006     0.1452365047E+008
   0.5065764828E-001     0.1000000000E+001     0.3948071156E+002     0.2338089877E+004     0.1846189041E+006     0.1822221425E+008
   0.4783321256E-001     0.1000000000E+001     0.4181195226E+002     0.2622359028E+004     0.2192919010E+006     0.2292255624E+008
   0.4512381185E-001     0.1000000000E+001     0.4432249666E+002     0.2946725565E+004     0.2612124680E+006     0.2894397185E+008
   0.4251529389E-001     0.1000000000E+001     0.4704189521E+002     0.3319409857E+004     0.3123026613E+006     0.3672827267E+008
   0.3999636308E-001     0.1000000000E+001     0.5000454656E+002     0.3750682015E+004     0.3751023069E+006     0.4689205192E+008
   0.3755892218E-001     0.1000000000E+001     0.5324966436E+002     0.4253290132E+004     0.4529725439E+006     0.6030158982E+008
   0.3519848209E-001     0.1000000000E+001     0.5682063207E+002     0.4842876342E+004     0.5503505896E+006     0.7817817089E+008
   0.3291463114E-001     0.1000000000E+001     0.6076325120E+002     0.5538259044E+004     0.6730452510E+006     0.1022410441E+009
   0.3071374770E-001     0.1000000000E+001     0.6511741972E+002     0.6360417526E+004     0.8283479551E+006     0.1348497037E+009
   0.2864168441E-001     0.1000000000E+001     0.6982829541E+002     0.7313986260E+004     0.1021446386E+007     0.1783146501E+009
   0.2688078516E-001     0.1000000000E+001     0.7440258863E+002     0.8303617792E+004     0.1235621317E+007     0.2298335615E+009
   0.2530704304E-001     0.1000000000E+001     0.7902938312E+002     0.9368465095E+004     0.1480768034E+007     0.2925604608E+009
   0.2386694881E-001     0.1000000000E+001     0.8379789205E+002     0.1053313007E+005     0.1765308193E+007     0.3698227634E+009
   0.2253239338E-001     0.1000000000E+001     0.8876109901E+002     0.1181779905E+005     0.2097921662E+007     0.4655345810E+009
   0.2128577238E-001     0.1000000000E+001     0.9395947511E+002     0.1324257444E+005     0.2488530688E+007     0.5845525930E+009
   0.2011420188E-001     0.1000000000E+001     0.9943223260E+002     0.1483015332E+005     0.2949190509E+007     0.7331114917E+009
   0.1900721549E-001     0.1000000000E+001     0.1052231981E+003     0.1660788212E+005     0.3495068939E+007     0.9194058280E+009
   0.1795589886E-001     0.1000000000E+001     0.1113840090E+003     0.1860959619E+005     0.4145622859E+007     0.1154390235E+010
   0.1695259546E-001     0.1000000000E+001     0.1179760353E+003     0.2087751734E+005     0.4926093444E+007     0.1452902435E+010
   0.1599081613E-001     0.1000000000E+001     0.1250717902E+003     0.2346442906E+005     0.5869476296E+007     0.1835264770E+010
   0.1506521761E-001     0.1000000000E+001     0.1327561309E+003     0.2643628542E+005     0.7019157934E+007     0.2329590623E+010
   0.1417161865E-001     0.1000000000E+001     0.1411271394E+003     0.2987530419E+005     0.8432432436E+007     0.2975112669E+010
   0.1330705944E-001     0.1000000000E+001     0.1502961649E+003     0.3388340578E+005     0.1018509189E+008     0.3826950625E+010
   0.1246991241E-001     0.1000000000E+001     0.1603860503E+003     0.3858552772E+005     0.1237716078E+008     0.4962809831E+010
   0.1166002869E-001     0.1000000000E+001     0.1715261645E+003     0.4413183766E+005     0.1513952969E+008     0.6492063652E+010
   0.1087979582E-001     0.1000000000E+001     0.1838269792E+003     0.5068853741E+005     0.1863584142E+008     0.8564426084E+010
   0.1013538602E-001     0.1000000000E+001     0.1973284486E+003     0.5840777496E+005     0.2305103124E+008     0.1137156059E+011
   0.9433663183E-002     0.1000000000E+001     0.2120067212E+003     0.6742027472E+005     0.2858710277E+008     0.1515164481E+011
   0.8810766865E-002     0.1000000000E+001     0.2269949972E+003     0.7729009314E+005     0.3508892895E+008     0.1991252833E+011
   0.8274180859E-002     0.1000000000E+001     0.2417157703E+003     0.8763977042E+005     0.4236782923E+008     0.2560243120E+011
   0.7792816534E-002     0.1000000000E+001     0.2566466170E+003     0.9880122899E+005     0.5071400234E+008     0.3253894283E+011
   0.7351180088E-002     0.1000000000E+001     0.2720651618E+003     0.1110291784E+006     0.6041434278E+008     0.4109159486E+011
   0.6940133585E-002     0.1000000000E+001     0.2881788910E+003     0.1245706098E+006     0.7179724039E+008     0.5172612278E+011
   0.6553606256E-002     0.1000000000E+001     0.3051754899E+003     0.1396981195E+006     0.8526488412E+008     0.6505188197E+011
   0.6187226211E-002     0.1000000000E+001     0.3232466265E+003     0.1567325723E+006     0.1013265505E+009     0.8188366405E+011
   0.5837691832E-002     0.1000000000E+001     0.3426011611E+003     0.1760633334E+006     0.1206390049E+009     0.1033276579E+012
   0.5502461671E-002     0.1000000000E+001     0.3634736814E+003     0.1981696756E+006     0.1440589230E+009     0.1309040677E+012
   0.5179597161E-002     0.1000000000E+001     0.3861304148E+003     0.2236450458E+006     0.1727123086E+009     0.1667236884E+012
   0.4867690210E-002     0.1000000000E+001     0.4108724906E+003     0.2532243053E+006     0.2080858020E+009     0.2137418293E+012
   0.4565846351E-002     0.1000000000E+001     0.4380348891E+003     0.2878118461E+006     0.2521432601E+009     0.2761188625E+012
   0.4273705745E-002     0.1000000000E+001     0.4679779375E+003     0.3285050249E+006     0.3074662080E+009     0.3597185047E+012
   0.3991478580E-002     0.1000000000E+001     0.5010674516E+003     0.3766028865E+006     0.3774068972E+009     0.4727657804E+012
   0.3721012722E-002     0.1000000000E+001     0.5374880845E+003     0.4333401614E+006     0.4658303465E+009     0.6259456516E+012
   0.3464492025E-002     0.1000000000E+001     0.5772852082E+003     0.4998873174E+006     0.5771551082E+009     0.8329577671E+012
   0.3224158661E-002     0.1000000000E+001     0.6203168673E+003     0.5771895237E+006     0.7160807944E+009     0.1110492488E+013
   0.3000818191E-002     0.1000000000E+001     0.6664848961E+003     0.6663031751E+006     0.8881620049E+009     0.1479866404E+013
   0.2798199156E-002     0.1000000000E+001     0.7147454089E+003     0.7662914992E+006     0.1095406662E+010     0.1957342206E+013
   0.2625820566E-002     0.1000000000E+001     0.7616666675E+003     0.8702041685E+006     0.1325611018E+010     0.2524184316E+013
   0.2471699736E-002     0.1000000000E+001     0.8091597740E+003     0.9821093098E+006     0.1589366694E+010     0.3215128988E+013
   0.2330021519E-002     0.1000000000E+001     0.8583611712E+003     0.1105175850E+007     0.1897280074E+010     0.4071378867E+013
   0.2197486820E-002     0.1000000000E+001     0.9101306010E+003     0.1242506566E+007     0.2261686496E+010     0.5146075223E+013
   0.2072027191E-002     0.1000000000E+001     0.9652382982E+003     0.1397527459E+007     0.2697894052E+010     0.6510276659E+013
   0.1952260227E-002     0.1000000000E+001     0.1024453591E+004     0.1574257740E+007     0.3225507990E+010     0.8260958108E+013
   0.1837233377E-002     0.1000000000E+001     0.1088593330E+004     0.1777553158E+007     0.3870065024E+010     0.1053231743E+014
   0.1726298672E-002     0.1000000000E+001     0.1158548073E+004     0.2013350458E+007     0.4665126587E+010     0.1351193355E+014
   0.1619054801E-002     0.1000000000E+001     0.1235288638E+004     0.2288907029E+007     0.5654921694E+010     0.1746365129E+014
   0.1515326552E-002     0.1000000000E+001     0.1319847526E+004     0.2612996236E+007     0.6897513233E+010     0.2275916443E+014
   0.1415161810E-002     0.1000000000E+001     0.1413265951E+004     0.2995980971E+007     0.8468235789E+010     0.2991967325E+014
   0.1319206520E-002     0.1000000000E+001     0.1516062853E+004     0.3447669860E+007     0.1045376841E+011     0.3962142489E+014
   0.1228227692E-002     0.1000000000E+001     0.1628362569E+004     0.3977346985E+007     0.1295312591E+011     0.5273096347E+014
   0.1143010274E-002     0.1000000000E+001     0.1749765550E+004     0.4592519218E+007     0.1607166383E+011     0.7030410922E+014
   0.1063828204E-002     0.1000000000E+001     0.1880002797E+004     0.5301615777E+007     0.1993410498E+011     0.9369043281E+014
   0.9903508524E-003     0.1000000000E+001     0.2019486322E+004     0.6117487505E+007     0.2470836468E+011     0.1247455112E+015
   0.9218497274E-003     0.1000000000E+001     0.2169551002E+004     0.7060427327E+007     0.3063591436E+011     0.1661654468E+015
   0.8616289484E-003     0.1000000000E+001     0.2321184779E+004     0.8081848166E+007     0.3751892589E+011     0.2177208993E+015
   0.8090335265E-003     0.1000000000E+001     0.2472085438E+004     0.9166809623E+007     0.4532227317E+011     0.2801013289E+015
   0.7611196266E-003     0.1000000000E+001     0.2627707827E+004     0.1035727263E+008     0.5443177273E+011     0.3575769881E+015
   0.7164048415E-003     0.1000000000E+001     0.2791717593E+004     0.1169053068E+008     0.6527332036E+011     0.4555616921E+015
   0.6740483411E-003     0.1000000000E+001     0.2967146239E+004     0.1320593520E+008     0.7836788192E+011     0.5813224151E+015
   0.6335419358E-003     0.1000000000E+001     0.3156854956E+004     0.1494859982E+008     0.9438112289E+011     0.7448687889E+015
   0.5945758321E-003     0.1000000000E+001     0.3363742507E+004     0.1697214548E+008     0.1141798544E+012     0.9601790741E+015
   0.5569770162E-003     0.1000000000E+001     0.3590812442E+004     0.1934090099E+008     0.1388990959E+012     0.1246901504E+016
   0.5206813692E-003     0.1000000000E+001     0.3841120728E+004     0.2213131267E+008     0.1700180876E+012     0.1632650001E+016
   0.4857634984E-003     0.1000000000E+001     0.4117229900E+004     0.2542737308E+008     0.2093806815E+012     0.2155171006E+016
   0.4524795904E-003     0.1000000000E+001     0.4420088867E+004     0.2930577839E+008     0.2590682896E+012     0.2862762156E+016
   0.4211248243E-003     0.1000000000E+001     0.4749185715E+004     0.3383214744E+008     0.3213503026E+012     0.3815380667E+016
   0.3918994501E-003     0.1000000000E+001     0.5103349850E+004     0.3906626954E+008     0.3987376816E+012     0.5087244720E+016
   0.3647895267E-003     0.1000000000E+001     0.5482613545E+004     0.4508857692E+008     0.4944064851E+012     0.6776599229E+016
   0.3395955208E-003     0.1000000000E+001     0.5889359186E+004     0.5202682743E+008     0.6128093480E+012     0.9022635907E+016
   0.3160233317E-003     0.1000000000E+001     0.6328646652E+004     0.6007765267E+008     0.7604204709E+012     0.1203108117E+017
   0.2937629247E-003     0.1000000000E+001     0.6808211084E+004     0.6952760724E+008     0.9467172525E+012     0.1611362723E+017
   0.2739107212E-003     0.1000000000E+001     0.7301649206E+004     0.7997112169E+008     0.1167842154E+013     0.2131793435E+017
   0.2565905820E-003     0.1000000000E+001     0.7794518349E+004     0.9113177445E+008     0.1420656576E+013     0.2768333438E+017
   0.2407631525E-003     0.1000000000E+001     0.8306918976E+004     0.1035073543E+009     0.1719654411E+013     0.3571257466E+017
   0.2259321613E-003     0.1000000000E+001     0.8852214701E+004     0.1175425577E+009     0.2081023914E+013     0.4605417622E+017
   0.2118340177E-003     0.1000000000E+001     0.9441354233E+004     0.1337087546E+009     0.2524783433E+013     0.5959343687E+017
   0.1983264460E-003     0.1000000000E+001     0.1008438380E+005     0.1525421950E+009     0.3076588081E+013     0.7756373751E+017
   0.1853418193E-003     0.1000000000E+001     0.1079087282E+005     0.1746644042E+009     0.3769562744E+013     0.1016921804E+018
   0.1728774906E-003     0.1000000000E+001     0.1156888611E+005     0.2007586888E+009     0.4645108815E+013     0.1343468372E+018
   0.1610119614E-003     0.1000000000E+001     0.1242143741E+005     0.2314381609E+009     0.5749589260E+013     0.1785454078E+018
   0.1498406784E-003     0.1000000000E+001     0.1334751031E+005     0.2672340472E+009     0.7133818401E+013     0.2380467866E+018
   0.1394317997E-003     0.1000000000E+001     0.1434393018E+005     0.3086224997E+009     0.8853719179E+013     0.3174928245E+018
   0.1297798972E-003     0.1000000000E+001     0.1541070723E+005     0.3562348459E+009     0.1097966183E+014     0.4230108847E+018
   0.1208139735E-003     0.1000000000E+001     0.1655437646E+005     0.4110710701E+009     0.1361005049E+014     0.5632647488E+018
   0.1124291105E-003     0.1000000000E+001     0.1778898713E+005     0.4746720949E+009     0.1688787158E+014     0.7510453255E+018
   0.1045144692E-003     0.1000000000E+001     0.1913610638E+005     0.5492858509E+009     0.2102238495E+014     0.1005716487E+019
   0.9696888403E-004     0.1000000000E+001     0.2062517291E+005     0.6380966363E+009     0.2632170691E+014     0.1357224391E+019
   0.8970730573E-004     0.1000000000E+001     0.2229472821E+005     0.7455823592E+009     0.3324511212E+014     0.1852976848E+019
   0.8266413221E-004     0.1000000000E+001     0.2419429016E+005     0.8780455142E+009     0.4248737588E+014     0.2569879750E+019
   0.7579902401E-004     0.1000000000E+001     0.2638556401E+005     0.1044296982E+010     0.5510872975E+014     0.3635187291E+019
   0.6911004112E-004     0.1000000000E+001     0.2893935480E+005     0.1256229384E+010     0.7270893570E+014     0.5260374218E+019
   0.6666222252E-004     0.1000000000E+001     0.3000200000E+005     0.1350180006E+010     0.8101620108E+014     0.6076620162E+019
