   0.0000000000E+000
   0.1043732162E-005
   0.2607278834E-005
   0.4948005519E-005
   0.8448836445E-005
   0.1367725206E-004
   0.2146933839E-004
   0.3304647524E-004
   0.5017117031E-004
   0.7534332492E-004
   0.1120262942E-003
   0.1648734108E-003
   0.2399084824E-003
   0.3446191806E-003
   0.4740052719E-003
   0.6154406941E-003
   0.7769443248E-003
   0.9647839997E-003
   0.1185061735E-002
   0.1444243518E-002
   0.1749443102E-002
   0.2108640259E-002
   0.2530890013E-002
   0.3026544575E-002
   0.3607497959E-002
   0.4287459051E-002
   0.5082257782E-002
   0.6000455287E-002
   0.6953090495E-002
   0.7978437333E-002
   0.9102731446E-002
   0.1000000000E-001
