   0.0000000000E+000
   0.8222070448E-011
   0.2055517612E-010
   0.3905483463E-010
   0.6680432238E-010
   0.1084285540E-009
   0.1708649014E-009
   0.2645194225E-009
   0.4050012040E-009
   0.6157238760E-009
   0.9318078835E-009
   0.1405933893E-008
   0.2117122906E-008
   0.3183906418E-008
   0.4784081672E-008
   0.7184344522E-008
   0.1078473873E-007
   0.1618532987E-007
   0.2428621624E-007
   0.3643754498E-007
   0.5466453628E-007
   0.8200501917E-007
   0.1230157343E-006
   0.1845317865E-006
   0.2768058183E-006
   0.4152167617E-006
   0.6228329420E-006
   0.9342566842E-006
   0.1401391109E-005
   0.2102090072E-005
   0.3153132499E-005
   0.4729682602E-005
   0.7094477298E-005
   0.1064160081E-004
   0.1596213190E-004
   0.2394258165E-004
   0.3591247591E-004
   0.5300747592E-004
   0.7175631739E-004
   0.9375317991E-004
   0.1202930264E-003
   0.1527773490E-003
   0.1928607020E-003
   0.2425578842E-003
   0.3043534849E-003
   0.3813287903E-003
   0.4773153482E-003
   0.5970836506E-003
   0.7465761478E-003
   0.9331953105E-003
   0.1166159432E-002
   0.1456941192E-002
   0.1819806606E-002
   0.2272474664E-002
   0.2836920513E-002
   0.3540346984E-002
   0.4416349964E-002
   0.5506301510E-002
   0.6860969359E-002
   0.8542380776E-002
   0.1000000000E-001
