   0.1847289126E-002     0.4986678696E-006     0.1952637190E-001     0.3985939852E+002     0.6535481517E+007     0.9361052304E+012
   0.1746384387E-002     0.4986705802E-006     0.1848633732E-001     0.3867084143E+002     0.6129227141E+007     0.8417151717E+012
   0.1637860227E-002     0.4986746713E-006     0.1728636147E-001     0.3733051650E+002     0.5710499224E+007     0.7513100945E+012
   0.1522430989E-002     0.4986798521E-006     0.1594434605E-001     0.3589949217E+002     0.5294360583E+007     0.6670950309E+012
   0.1400625161E-002     0.4986858750E-006     0.1447338731E-001     0.3442461687E+002     0.4890953092E+007     0.5901331701E+012
   0.1272798484E-002     0.4986925300E-006     0.1288215112E-001     0.3294136956E+002     0.4506809201E+007     0.5207583058E+012
   0.1139153207E-002     0.4986996393E-006     0.1117539385E-001     0.3147618277E+002     0.4145838376E+007     0.4588517372E+012
   0.9997616784E-003     0.4987070535E-006     0.9354605790E-002     0.3004829295E+002     0.3810060232E+007     0.4040263192E+012
   0.9672504735E-003     0.4987146472E-006     0.9349301931E-002     0.2867859007E+002     0.3500154720E+007     0.3557487059E+012
   0.9662245299E-003     0.4987223166E-006     0.9891074468E-002     0.2737157453E+002     0.3215866982E+007     0.3134186576E+012
   0.9652990255E-003     0.4987299760E-006     0.1043745187E-001     0.2613078361E+002     0.2956319743E+007     0.2764213417E+012
   0.9643625018E-003     0.4987375555E-006     0.1097521738E-001     0.2495902530E+002     0.2720232778E+007     0.2441584630E+012
   0.9632972116E-003     0.4987449991E-006     0.1149084313E-001     0.2385704113E+002     0.2506084684E+007     0.2160667195E+012
   0.9619832294E-003     0.4987522631E-006     0.1197087553E-001     0.2282401475E+002     0.2312230779E+007     0.1916277408E+012
   0.9603031240E-003     0.4987593139E-006     0.1240232273E-001     0.2185797871E+002     0.2136987057E+007     0.1703723201E+012
   0.9581834164E-003     0.4987661275E-006     0.1279940793E-001     0.2095673614E+002     0.1978688764E+007     0.1518809869E+012
   0.9555262843E-003     0.4987726879E-006     0.1315168291E-001     0.2011697287E+002     0.1835730079E+007     0.1357823147E+012
   0.9522435673E-003     0.4987789858E-006     0.1344431226E-001     0.1933482490E+002     0.1706589826E+007     0.1217499075E+012
   0.9482801306E-003     0.4987850183E-006     0.1367366122E-001     0.1860642393E+002     0.1589846936E+007     0.1094986934E+012
   0.9436024161E-003     0.4987907877E-006     0.1383814911E-001     0.1792782112E+002     0.1484188444E+007     0.9878094249E+011
   0.9381980990E-003     0.4987963009E-006     0.1393808541E-001     0.1729507970E+002     0.1388412148E+007     0.8938227291E+011
   0.9320739587E-003     0.4988015690E-006     0.1397536847E-001     0.1670434391E+002     0.1301425517E+007     0.8111781186E+011
   0.9252521555E-003     0.4988066062E-006     0.1395307831E-001     0.1615188901E+002     0.1222242029E+007     0.7382860593E+011
   0.9177652999E-003     0.4988114300E-006     0.1387500685E-001     0.1563415636E+002     0.1149975823E+007     0.6737833084E+011
   0.9096508381E-003     0.4988160602E-006     0.1374517397E-001     0.1514777694E+002     0.1083835321E+007     0.6165031909E+011
   0.9009462321E-003     0.4988205189E-006     0.1357111510E-001     0.1468976690E+002     0.1023116297E+007     0.5654490483E+011
   0.8916820167E-003     0.4988248299E-006     0.1335688741E-001     0.1425723694E+002     0.9671947220E+006     0.5197707286E+011
   0.8818777574E-003     0.4988290185E-006     0.1310407846E-001     0.1384741262E+002     0.9155196477E+006     0.4787439170E+011
   0.8715394509E-003     0.4988331110E-006     0.1281483909E-001     0.1345780500E+002     0.8676062936E+006     0.4417520714E+011
   0.8606570314E-003     0.4988371348E-006     0.1249030489E-001     0.1308613807E+002     0.8230294470E+006     0.4082707098E+011
   0.8492034238E-003     0.4988411179E-006     0.1213060843E-001     0.1273034262E+002     0.7814172480E+006     0.3778538046E+011
   0.8371346190E-003     0.4988450884E-006     0.1173495490E-001     0.1238854853E+002     0.7424454000E+006     0.3501220412E+011
   0.8243905586E-003     0.4988490752E-006     0.1130173809E-001     0.1205907570E+002     0.7058318270E+006     0.3247527215E+011
   0.8108965903E-003     0.4988531066E-006     0.1082867504E-001     0.1174042410E+002     0.6713317761E+006     0.3014711053E+011
   0.8049699096E-003     0.4988572110E-006     0.1082394920E-001     0.1143393516E+002     0.6387333661E+006     0.2800430074E+011
   0.8016793815E-003     0.4988614166E-006     0.1099020628E-001     0.1113693094E+002     0.6078535323E+006     0.2602684819E+011
   0.7984579968E-003     0.4988657508E-006     0.1116973426E-001     0.1084753812E+002     0.5785343995E+006     0.2419764495E+011
   0.7953027130E-003     0.4988702405E-006     0.1135980891E-001     0.1056482856E+002     0.5506400208E+006     0.2250201354E+011
   0.7922100596E-003     0.4988749119E-006     0.1155777722E-001     0.1028800848E+002     0.5240534603E+006     0.2092732063E+011
   0.7891761908E-003     0.4988797902E-006     0.1176108809E-001     0.1001640644E+002     0.4986741997E+006     0.1946265051E+011
   0.7861968668E-003     0.4988848996E-006     0.1196728861E-001     0.9749461294E+001     0.4744158401E+006     0.1809852983E+011
   0.7832674271E-003     0.4988902633E-006     0.1217588632E-001     0.9486886639E+001     0.4512040809E+006     0.1682669591E+011
   0.7803823480E-003     0.4988959030E-006     0.1238402777E-001     0.9228285892E+001     0.4289749175E+006     0.1563990237E+011
   0.7775350596E-003     0.4989018395E-006     0.1258918083E-001     0.8973360738E+001     0.4076730826E+006     0.1453175621E+011
   0.7747175388E-003     0.4989080920E-006     0.1278884451E-001     0.8721901384E+001     0.3872506817E+006     0.1349658175E+011
   0.7719198727E-003     0.4989146783E-006     0.1298016829E-001     0.8473754809E+001     0.3676660043E+006     0.1252930716E+011
   0.7691298481E-003     0.4989216147E-006     0.1315984589E-001     0.8228815576E+001     0.3488824948E+006     0.1162537007E+011
   0.7663325914E-003     0.4989289160E-006     0.1332403660E-001     0.7987017653E+001     0.3308678653E+006     0.1078063924E+011
   0.7635102850E-003     0.4989365954E-006     0.1346832159E-001     0.7748327298E+001     0.3135933353E+006     0.9991349741E+010
   0.7606419824E-003     0.4989446645E-006     0.1358769884E-001     0.7512737035E+001     0.2970329824E+006     0.9254049399E+010
   0.7577035385E-003     0.4989531332E-006     0.1367661891E-001     0.7280260694E+001     0.2811631919E+006     0.8565554610E+010
   0.7546676663E-003     0.4989620097E-006     0.1372906294E-001     0.7050929325E+001     0.2659621927E+006     0.7922914041E+010
   0.7515862581E-003     0.4989713007E-006     0.1376037680E-001     0.6824984646E+001     0.2514096710E+006     0.7323378801E+010
   0.7494893782E-003     0.4989810109E-006     0.1404381465E-001     0.6605029586E+001     0.2374864585E+006     0.6764377971E+010
   0.7474076296E-003     0.4989911438E-006     0.1432461216E-001     0.6388886965E+001     0.2241742358E+006     0.6243498553E+010
   0.7453160091E-003     0.4990017007E-006     0.1459599696E-001     0.6176579430E+001     0.2114553494E+006     0.5758469033E+010
   0.7431898975E-003     0.4990126815E-006     0.1485172799E-001     0.5968144448E+001     0.1993126319E+006     0.5307145903E+010
   0.7410053613E-003     0.4990240846E-006     0.1508614790E-001     0.5763630950E+001     0.1877292683E+006     0.4887502569E+010
   0.7387394270E-003     0.4990359066E-006     0.1529422202E-001     0.5563096165E+001     0.1766886930E+006     0.4497620202E+010
   0.7363703199E-003     0.4990481426E-006     0.1547156220E-001     0.5366602592E+001     0.1661745139E+006     0.4135680139E+010
   0.7338776534E-003     0.4990607860E-006     0.1561443333E-001     0.5174215107E+001     0.1561704588E+006     0.3799957518E+010
   0.7312425677E-003     0.4990738291E-006     0.1572109037E-001     0.4986215995E+001     0.1466603596E+006     0.3488815896E+010
   0.7284477380E-003     0.4990872623E-006     0.1578859588E-001     0.4802617953E+001     0.1376280950E+006     0.3200702635E+010
   0.7254773578E-003     0.4991010751E-006     0.1581509943E-001     0.4623486692E+001     0.1290576006E+006     0.2934144883E+010
   0.7223169968E-003     0.4991152553E-006     0.1579938380E-001     0.4448899545E+001     0.1209328733E+006     0.2687746022E+010
   0.7189533730E-003     0.4991297897E-006     0.1574067779E-001     0.4278927464E+001     0.1132379809E+006     0.2460182467E+010
   0.7153740467E-003     0.4991446637E-006     0.1563856817E-001     0.4113633215E+001     0.1059570787E+006     0.2250200736E+010
   0.7115670487E-003     0.4991598619E-006     0.1549290516E-001     0.3953069786E+001     0.9907442976E+005     0.2056614716E+010
   0.7075204635E-003     0.4991753675E-006     0.1530370554E-001     0.3797279179E+001     0.9257442987E+005     0.1878303085E+010
   0.7032219878E-003     0.4991911631E-006     0.1507105728E-001     0.3646291273E+001     0.8644163282E+005     0.1714206830E+010
   0.6986584872E-003     0.4992072302E-006     0.1479502909E-001     0.3500122520E+001     0.8066077733E+005     0.1563326856E+010
   0.6938155736E-003     0.4992235495E-006     0.1447559080E-001     0.3358775995E+001     0.7521681432E+005     0.1424721646E+010
   0.6886772204E-003     0.4992401013E-006     0.1411254637E-001     0.3222240918E+001     0.7009493343E+005     0.1297504965E+010
   0.6852711072E-003     0.4992568650E-006     0.1400754535E-001     0.3092178296E+001     0.6528059304E+005     0.1180843605E+010
   0.6829846241E-003     0.4992738195E-006     0.1405695498E-001     0.2967838798E+001     0.6075953304E+005     0.1073955162E+010
   0.6807108212E-003     0.4992909434E-006     0.1409147875E-001     0.2848150206E+001     0.5651780394E+005     0.9761058294E+009
   0.6784473854E-003     0.4993082149E-006     0.1410918428E-001     0.2733023146E+001     0.5254179160E+005     0.8866082407E+009
   0.6761929541E-003     0.4993256119E-006     0.1410977744E-001     0.2622397438E+001     0.4881823298E+005     0.8048193227E+009
   0.6739472440E-003     0.4993431121E-006     0.1409469614E-001     0.2516241613E+001     0.4533423235E+005     0.7301381933E+009
   0.6717111548E-003     0.4993606934E-006     0.1406718440E-001     0.2414552794E+001     0.4207727541E+005     0.6620040905E+009
   0.6695378792E-003     0.4993783333E-006     0.1407979596E-001     0.2317989371E+001     0.3903524507E+005     0.5998943438E+009
   0.6677031033E-003     0.4993960097E-006     0.1438837527E-001     0.2229901899E+001     0.3619644449E+005     0.5433223882E+009
   0.6659136239E-003     0.4994137007E-006     0.1471804556E-001     0.2146443870E+001     0.3354953759E+005     0.4918358270E+009
   0.6641648571E-003     0.4994313844E-006     0.1506297692E-001     0.2067613298E+001     0.3108367394E+005     0.4450145532E+009
   0.6624528741E-003     0.4994490395E-006     0.1541638434E-001     0.1992986990E+001     0.2878836742E+005     0.4024689080E+009
   0.6607739668E-003     0.4994666450E-006     0.1577274263E-001     0.1922315331E+001     0.2665356165E+005     0.3638379120E+009
   0.6591243115E-003     0.4994841805E-006     0.1612699015E-001     0.1855373480E+001     0.2466962033E+005     0.3287875556E+009
   0.6574997252E-003     0.4995016260E-006     0.1647442727E-001     0.1791959098E+001     0.2282732472E+005     0.2970091504E+009
   0.6558954950E-003     0.4995189624E-006     0.1681060999E-001     0.1731888252E+001     0.2111786964E+005     0.2682177453E+009
   0.6543062724E-003     0.4995361710E-006     0.1713125552E-001     0.1674991060E+001     0.1953285817E+005     0.2421506078E+009
   0.6527260302E-003     0.4995532342E-006     0.1743218338E-001     0.1621108164E+001     0.1806429521E+005     0.2185657725E+009
   0.6511480795E-003     0.4995701350E-006     0.1770930811E-001     0.1570089009E+001     0.1670457993E+005     0.1972406558E+009
   0.6495651480E-003     0.4995868573E-006     0.1795868673E-001     0.1521792350E+001     0.1544649892E+005     0.1779707389E+009
   0.6479695176E-003     0.4996033861E-006     0.1817661522E-001     0.1476084062E+001     0.1428321410E+005     0.1605683144E+009
   0.6463532178E-003     0.4996197071E-006     0.1835976649E-001     0.1432840147E+001     0.1320825373E+005     0.1448613012E+009
   0.6447082692E-003     0.4996358072E-006     0.1850535136E-001     0.1391949052E+001     0.1221550224E+005     0.1306921208E+009
   0.6430269646E-003     0.4996516744E-006     0.1861128465E-001     0.1353313615E+001     0.1129918883E+005     0.1179166343E+009
   0.6413021739E-003     0.4996672976E-006     0.1867633649E-001     0.1316852444E+001     0.1045387565E+005     0.1064031386E+009
   0.6395276493E-003     0.4996826667E-006     0.1870024910E-001     0.1282500368E+001     0.9674445468E+004     0.9603142224E+008
   0.6376983081E-003     0.4996977732E-006     0.1868380234E-001     0.1250207701E+001     0.8956089166E+004     0.8669187827E+008
   0.6358104668E-003     0.4997126091E-006     0.1862881555E-001     0.1219938111E+001     0.8294293031E+004     0.7828467308E+008
   0.6338620002E-003     0.4997271681E-006     0.1853807648E-001     0.1191664839E+001     0.7684826046E+004     0.7071896936E+008
   0.6318524065E-003     0.4997414449E-006     0.1841518861E-001     0.1165364806E+001     0.7123727186E+004     0.6391220085E+008
   0.6297827614E-003     0.4997554352E-006     0.1826432634E-001     0.1141010059E+001     0.6607292809E+004     0.5778939658E+008
   0.6276555558E-003     0.4997691362E-006     0.1808989502E-001     0.1118556936E+001     0.6132064459E+004     0.5228255219E+008
   0.6254831879E-003     0.4997825461E-006     0.1792732066E-001     0.1098607688E+001     0.5694822721E+004     0.4733004556E+008
   0.6232653923E-003     0.4997956642E-006     0.1776335980E-001     0.1080884189E+001     0.5292612785E+004     0.4287610617E+008
   0.6210001086E-003     0.4998084912E-006     0.1757650338E-001     0.1064772877E+001     0.4922679079E+004     0.3887030881E+008
   0.6186917539E-003     0.4998210287E-006     0.1736837452E-001     0.1050041037E+001     0.4582412315E+004     0.3526708075E+008
   0.6163442590E-003     0.4998332796E-006     0.1714083413E-001     0.1036574288E+001     0.4269409580E+004     0.3202529304E+008
   0.6139606290E-003     0.4998452476E-006     0.1689572256E-001     0.1024286651E+001     0.3981446165E+004     0.2910786158E+008
   0.6115425555E-003     0.4998569378E-006     0.1663477403E-001     0.1013116778E+001     0.3716464321E+004     0.2648138078E+008
   0.6094214984E-003     0.4998683560E-006     0.1647977064E-001     0.1003830516E+001     0.3472565506E+004     0.2411578664E+008
   0.6079051362E-003     0.4998795092E-006     0.1656044630E-001     0.9975083393E+000     0.3248000981E+004     0.2198404703E+008
   0.6064146041E-003     0.4998904052E-006     0.1666690751E-001     0.9926839598E+000     0.3041147733E+004     0.2006187731E+008
   0.6049477783E-003     0.4999010527E-006     0.1679211934E-001     0.9891598342E+000     0.2850513980E+004     0.1832747980E+008
   0.6035028360E-003     0.4999114613E-006     0.1693037084E-001     0.9867738240E+000     0.2674727610E+004     0.1676130517E+008
   0.6020783242E-003     0.4999216412E-006     0.1707734824E-001     0.9853968181E+000     0.2512527935E+004     0.1534583436E+008
   0.6006731448E-003     0.4999316036E-006     0.1722996851E-001     0.9849264597E+000     0.2362757791E+004     0.1406537941E+008
   0.5992864966E-003     0.4999413600E-006     0.1738611961E-001     0.9852800244E+000     0.2224356025E+004     0.1290590198E+008
   0.5979178050E-003     0.4999509228E-006     0.1754439418E-001     0.9863880746E+000     0.2096350378E+004     0.1185484809E+008
   0.5965666516E-003     0.4999603049E-006     0.1770385686E-001     0.9881895246E+000     0.1977850775E+004     0.1090099790E+008
   0.5952327110E-003     0.4999695195E-006     0.1786385833E-001     0.9906282262E+000     0.1868043015E+004     0.1003432934E+008
   0.5939156963E-003     0.4999785806E-006     0.1802389573E-001     0.9936509629E+000     0.1766182844E+004     0.9245894582E+007
   0.5926153117E-003     0.4999875022E-006     0.1818351495E-001     0.9972066902E+000     0.1671590420E+004     0.8527708126E+007
   0.5913312123E-003     0.4999962989E-006     0.1834224953E-001     0.1001246866E+001     0.1583645138E+004     0.7872645712E+007
   0.5900629693E-003     0.5000049853E-006     0.1849960306E-001     0.1005748999E+001     0.1501803715E+004     0.7274368978E+007
   0.5888100415E-003     0.5000135770E-006     0.1865502459E-001     0.1010658378E+001     0.1425530786E+004     0.6727184564E+007
   0.5875717529E-003     0.5000220897E-006     0.1880796546E-001     0.1015942160E+001     0.1354350549E+004     0.6226017490E+007
   0.5863472779E-003     0.5000305396E-006     0.1895794154E-001     0.1021579814E+001     0.1287831281E+004     0.5766344258E+007
   0.5851356382E-003     0.5000389427E-006     0.1910479835E-001     0.1027667360E+001     0.1225616958E+004     0.5344147309E+007
   0.5839357204E-003     0.5000473145E-006     0.1924924298E-001     0.1034676704E+001     0.1167568684E+004     0.4955933714E+007
   0.5827463419E-003     0.5000556698E-006     0.1939221334E-001     0.1042480027E+001     0.1113360048E+004     0.4598559990E+007
   0.5815665012E-003     0.5000640223E-006     0.1953891402E-001     0.1051247028E+001     0.1062691176E+004     0.4269187067E+007
   0.5803966501E-003     0.5000723865E-006     0.1971346972E-001     0.1061762548E+001     0.1015323471E+004     0.3965282449E+007
   0.5792336887E-003     0.5000807767E-006     0.1989419559E-001     0.1073192054E+001     0.9710114175E+003     0.3684572606E+007
   0.5780743771E-003     0.5000892071E-006     0.2005990846E-001     0.1084756757E+001     0.9295308283E+003     0.3425018352E+007
   0.5769168885E-003     0.5000976919E-006     0.2020825204E-001     0.1096359193E+001     0.8906901731E+003     0.3184791511E+007
   0.5757594325E-003     0.5001062446E-006     0.2033719180E-001     0.1107942428E+001     0.8543172306E+003     0.2962252284E+007
   0.5746003230E-003     0.5001148787E-006     0.2044505778E-001     0.1119480323E+001     0.8202562981E+003     0.2755928484E+007
   0.5734380455E-003     0.5001236066E-006     0.2053055430E-001     0.1130967675E+001     0.7883657429E+003     0.2564496625E+007
   0.5722713191E-003     0.5001324402E-006     0.2059275456E-001     0.1142411006E+001     0.7585149350E+003     0.2386765712E+007
   0.5710991468E-003     0.5001413910E-006     0.2063108692E-001     0.1153825862E+001     0.7305863737E+003     0.2221660721E+007
   0.5699208505E-003     0.5001504695E-006     0.2064530838E-001     0.1165229209E+001     0.7044715812E+003     0.2068211927E+007
   0.5687360827E-003     0.5001596862E-006     0.2063546538E-001     0.1176632739E+001     0.6800620489E+003     0.1925530399E+007
   0.5675448151E-003     0.5001690502E-006     0.2060184436E-001     0.1188049613E+001     0.6572630782E+003     0.1792816718E+007
   0.5663473003E-003     0.5001785703E-006     0.2054490761E-001     0.1199487550E+001     0.6359835230E+003     0.1669341353E+007
   0.5651440086E-003     0.5001882540E-006     0.2046522597E-001     0.1210949705E+001     0.6161368465E+003     0.1554437753E+007
   0.5639355457E-003     0.5001981085E-006     0.2036341565E-001     0.1222434842E+001     0.5976403844E+003     0.1447495274E+007
   0.5627225557E-003     0.5002081401E-006     0.2024009146E-001     0.1233938141E+001     0.5804147032E+003     0.1347953019E+007
   0.5615056197E-003     0.5002183544E-006     0.2009585066E-001     0.1245452657E+001     0.5643830395E+003     0.1255294472E+007
   0.5602851587E-003     0.5002287563E-006     0.1993130157E-001     0.1256971410E+001     0.5494708104E+003     0.1169042832E+007
   0.5590613511E-003     0.5002393499E-006     0.1974714827E-001     0.1268490007E+001     0.5356051762E+003     0.1088756943E+007
   0.5578340716E-003     0.5002501385E-006     0.1954433516E-001     0.1280009477E+001     0.5227146322E+003     0.1014027749E+007
   0.5567921800E-003     0.5002611250E-006     0.1948303350E-001     0.1292818013E+001     0.5107340911E+003     0.9444752215E+006
   0.5557901659E-003     0.5002723112E-006     0.1945430336E-001     0.1306898845E+001     0.4999797655E+003     0.8798926298E+006
   0.5547995415E-003     0.5002837575E-006     0.1943648850E-001     0.1321660022E+001     0.4901169723E+003     0.8197117339E+006
   0.5538205387E-003     0.5002955468E-006     0.1943140580E-001     0.1337559895E+001     0.4817486484E+003     0.7641563119E+006
   0.5528533788E-003     0.5003076467E-006     0.1944041881E-001     0.1354464722E+001     0.4746685442E+003     0.7128847328E+006
   0.5519015727E-003     0.5003200081E-006     0.1948259811E-001     0.1372672625E+001     0.4688144853E+003     0.6656972117E+006
   0.5509624431E-003     0.5003325885E-006     0.1954263421E-001     0.1391844488E+001     0.4641630257E+003     0.6224207041E+006
   0.5500328824E-003     0.5003453515E-006     0.1960376281E-001     0.1411642672E+001     0.4606969743E+003     0.5828747599E+006
   0.5491127819E-003     0.5003582663E-006     0.1966572112E-001     0.1432039673E+001     0.4583984445E+003     0.5468680196E+006
   0.5482020341E-003     0.5003713067E-006     0.1972814147E-001     0.1452998949E+001     0.4572440039E+003     0.5142014883E+006
   0.5473056464E-003     0.5003844509E-006     0.1981471149E-001     0.1474886407E+001     0.4572081419E+003     0.4846726381E+006
   0.5464222353E-003     0.5003976806E-006     0.1991787504E-001     0.1497524497E+001     0.4582564678E+003     0.4580788883E+006
   0.5455503986E-003     0.5004109810E-006     0.2003043805E-001     0.1520760628E+001     0.4603512989E+003     0.4342203164E+006
   0.5446899605E-003     0.5004243402E-006     0.2015121691E-001     0.1544554927E+001     0.4634523749E+003     0.4129015842E+006
   0.5438407475E-003     0.5004377485E-006     0.2027920696E-001     0.1568877949E+001     0.4675160357E+003     0.3939332456E+006
   0.5430025899E-003     0.5004511985E-006     0.2041362142E-001     0.1593709158E+001     0.4724951745E+003     0.3771325787E+006
   0.5421753226E-003     0.5004646845E-006     0.2055393615E-001     0.1619036017E+001     0.4783391739E+003     0.3623240435E+006
   0.5413587830E-003     0.5004782021E-006     0.2069997326E-001     0.1644855013E+001     0.4849938586E+003     0.3493394598E+006
   0.5405528116E-003     0.5004917437E-006     0.2085208061E-001     0.1671147237E+001     0.4923000967E+003     0.3377873159E+006
   0.5397572586E-003     0.5005052920E-006     0.2101156967E-001     0.1697979040E+001     0.5002928335E+003     0.3277394859E+006
   0.5389718902E-003     0.5005188527E-006     0.2117763561E-001     0.1725307112E+001     0.5089833684E+003     0.3192222874E+006
   0.5381962861E-003     0.5005324355E-006     0.2134467062E-001     0.1752872585E+001     0.5183021576E+003     0.3120970438E+006
   0.5374301107E-003     0.5005460539E-006     0.2151180496E-001     0.1780631885E+001     0.5281836320E+003     0.3062359780E+006
   0.5366729754E-003     0.5005597178E-006     0.2167818784E-001     0.1808495450E+001     0.5384105339E+003     0.3012088688E+006
   0.5359244289E-003     0.5005734029E-006     0.2184286806E-001     0.1836406980E+001     0.5488889751E+003     0.2968691924E+006
   0.5351839543E-003     0.5005869672E-006     0.2200526137E-001     0.1865266861E+001     0.5605121691E+003     0.2938663223E+006
   0.5344509684E-003     0.5005997472E-006     0.2216394405E-001     0.1894480477E+001     0.5727467138E+003     0.2919560099E+006
   0.5337248241E-003     0.5006109693E-006     0.2231771219E-001     0.1924074748E+001     0.5856538896E+003     0.2912699677E+006
   0.5330048166E-003     0.5006198997E-006     0.2246528748E-001     0.1954072654E+001     0.5992680250E+003     0.2918654641E+006
   0.5322901932E-003     0.5006258357E-006     0.2260533093E-001     0.1984513342E+001     0.6136384187E+003     0.2937674189E+006
   0.5315801660E-003     0.5006299196E-006     0.2273661550E-001     0.2016208974E+001     0.6304147155E+003     0.2991392882E+006
   0.5308739292E-003     0.5006333791E-006     0.2285762265E-001     0.2048996041E+001     0.6495201608E+003     0.3082813800E+006
   0.5301706776E-003     0.5006362649E-006     0.2296681673E-001     0.2082698412E+001     0.6704739895E+003     0.3202155380E+006
   0.5294696272E-003     0.5006386166E-006     0.2306263002E-001     0.2117199776E+001     0.6930145999E+003     0.3343816411E+006
   0.5287700362E-003     0.5006404579E-006     0.2314346925E-001     0.2152406352E+001     0.7169943893E+003     0.3504409928E+006
   0.5280712241E-003     0.5006418035E-006     0.2320773235E-001     0.2188230305E+001     0.7423236453E+003     0.3681698087E+006
   0.5273725879E-003     0.5006426696E-006     0.2325382962E-001     0.2224585114E+001     0.7689417234E+003     0.3874041484E+006
   0.5266736132E-003     0.5006430845E-006     0.2328020083E-001     0.2261386574E+001     0.7968018923E+003     0.4080109884E+006
   0.5259738783E-003     0.5006431807E-006     0.2328533282E-001     0.2298613798E+001     0.8259804216E+003     0.4300318029E+006
   0.5252730517E-003     0.5006432701E-006     0.2326770644E-001     0.2336141879E+001     0.8563278715E+003     0.4532000257E+006
   0.5245708807E-003     0.5006433801E-006     0.2322579780E-001     0.2373859222E+001     0.8877127520E+003     0.4772906681E+006
   0.5238671742E-003     0.5006435150E-006     0.2315806128E-001     0.2411693831E+001     0.9200700810E+003     0.5021779162E+006
   0.5231617814E-003     0.5006436797E-006     0.2306292987E-001     0.2449576187E+001     0.9533267819E+003     0.5277322330E+006
   0.5224545717E-003     0.5006439959E-006     0.2293893260E-001     0.2487548565E+001     0.9875990617E+003     0.5540629836E+006
   0.5217454238E-003     0.5006453764E-006     0.2278488965E-001     0.2525600743E+001     0.1022874510E+004     0.5811093373E+006
   0.5210375395E-003     0.5006484587E-006     0.2264201161E-001     0.2564585485E+001     0.1058970883E+004     0.6085994830E+006
   0.5203358695E-003     0.5006539861E-006     0.2257377159E-001     0.2605939513E+001     0.1095822620E+004     0.6364046004E+006
   0.5196338968E-003     0.5006628768E-006     0.2250104306E-001     0.2647897205E+001     0.1133323463E+004     0.6643921312E+006
   0.5189312995E-003     0.5006762508E-006     0.2242573057E-001     0.2690546462E+001     0.1171377997E+004     0.6924263760E+006
   0.5182942164E-003     0.5006954597E-006     0.2244708227E-001     0.2734663147E+001     0.1209881963E+004     0.7203691368E+006
   0.5176946534E-003     0.5007221194E-006     0.2251465313E-001     0.2779380085E+001     0.1248703693E+004     0.7480806515E+006
   0.5171012034E-003     0.5007581457E-006     0.2257973945E-001     0.2824166933E+001     0.1287719747E+004     0.7754210062E+006
   0.5165137888E-003     0.5008057934E-006     0.2264179642E-001     0.2868962945E+001     0.1326807668E+004     0.8022504818E+006
   0.5159323348E-003     0.5008676988E-006     0.2270055080E-001     0.2913725466E+001     0.1365840943E+004     0.8284300807E+006
   0.5153567689E-003     0.5009469251E-006     0.2275590511E-001     0.2958419794E+001     0.1404688545E+004     0.8538223699E+006
   0.5147870208E-003     0.5010470110E-006     0.2280787407E-001     0.3003010954E+001     0.1443214700E+004     0.8782923958E+006
   0.5142230216E-003     0.5011720229E-006     0.2285653625E-001     0.3047455788E+001     0.1481278656E+004     0.9017085540E+006
   0.5136647041E-003     0.5013266108E-006     0.2290199298E-001     0.3091694874E+001     0.1518734382E+004     0.9239433390E+006
   0.5131120027E-003     0.5015160663E-006     0.2294433261E-001     0.3135644809E+001     0.1555430257E+004     0.9448739408E+006
   0.5125648530E-003     0.5017463858E-006     0.2298360239E-001     0.3179192165E+001     0.1591208895E+004     0.9643826984E+006
   0.5120231926E-003     0.5020243367E-006     0.2301979291E-001     0.3222190779E+001     0.1625907336E+004     0.9823574544E+006
   0.5114869602E-003     0.5023575265E-006     0.2305283949E-001     0.3264463589E+001     0.1659357742E+004     0.9986918732E+006
   0.5109560968E-003     0.5027544766E-006     0.2308264263E-001     0.3305809059E+001     0.1691388619E+004     0.1013285790E+007
   0.5104375411E-003     0.5032246983E-006     0.2316302465E-001     0.3346896481E+001     0.1721833751E+004     0.1026045699E+007
   0.5099279258E-003     0.5037787716E-006     0.2326899432E-001     0.3387158446E+001     0.1750517857E+004     0.1036885217E+007
   0.5094250028E-003     0.5044284252E-006     0.2338307879E-001     0.3426085237E+001     0.1777265299E+004     0.1045725752E+007
   0.5089286278E-003     0.5051866173E-006     0.2350383862E-001     0.3463425670E+001     0.1801904449E+004     0.1052497324E+007
   0.5084386564E-003     0.5060676156E-006     0.2362989660E-001     0.3498938847E+001     0.1824266946E+004     0.1057139416E+007
   0.5079549393E-003     0.5070870756E-006     0.2375990269E-001     0.3532393768E+001     0.1844188705E+004     0.1059601869E+007
   0.5074773153E-003     0.5082621150E-006     0.2389249755E-001     0.3563567876E+001     0.1861511049E+004     0.1059845758E+007
   0.5070056057E-003     0.5096113842E-006     0.2402628135E-001     0.3592245509E+001     0.1876082033E+004     0.1057844215E+007
   0.5065396078E-003     0.5111551301E-006     0.2415979052E-001     0.3618216861E+001     0.1887758013E+004     0.1053583146E+007
   0.5060790899E-003     0.5129152527E-006     0.2429148263E-001     0.3641277742E+001     0.1896405409E+004     0.1047061796E+007
   0.5056237869E-003     0.5149153530E-006     0.2441972872E-001     0.3661230190E+001     0.1901902622E+004     0.1038293163E+007
   0.5051733979E-003     0.5171807710E-006     0.2454281210E-001     0.3677883881E+001     0.1904142038E+004     0.1027304246E+007
   0.5047275844E-003     0.5197386113E-006     0.2465893331E-001     0.3691058135E+001     0.1903032051E+004     0.1014136136E+007
   0.5042859710E-003     0.5226177560E-006     0.2476622118E-001     0.3700584330E+001     0.1898499023E+004     0.9988439794E+006
   0.5038481480E-003     0.5258488609E-006     0.2486275023E-001     0.3706308385E+001     0.1890489127E+004     0.9814968138E+006
   0.5034136764E-003     0.5294643334E-006     0.2494656479E-001     0.3708092961E+001     0.1878969958E+004     0.9621773147E+006
   0.5029822607E-003     0.5334982876E-006     0.2502200118E-001     0.3706024857E+001     0.1863935113E+004     0.9409814862E+006
   0.5025536202E-003     0.5379864730E-006     0.2509438178E-001     0.3700256943E+001     0.1845403747E+004     0.9180182458E+006
   0.5021270683E-003     0.5429661697E-006     0.2515352752E-001     0.3690438845E+001     0.1823410361E+004     0.8934086465E+006
   0.5017021772E-003     0.5484760463E-006     0.2519882090E-001     0.3676540327E+001     0.1798017170E+004     0.8672851490E+006
   0.5012785496E-003     0.5545559709E-006     0.2522997235E-001     0.3658548765E+001     0.1769309237E+004     0.8397908447E+006
   0.5008558298E-003     0.5612467642E-006     0.2524602182E-001     0.3636367489E+001     0.1737390175E+004     0.8110786407E+006
   0.5004339141E-003     0.5685898876E-006     0.2524658054E-001     0.3609878100E+001     0.1702385734E+004     0.7813103874E+006
   0.5000215052E-003     0.5766270690E-006     0.2526509755E-001     0.3579374956E+001     0.1664449104E+004     0.7506551105E+006
   0.4996063400E-003     0.5853998699E-006     0.2525555799E-001     0.3544363907E+001     0.1623749456E+004     0.7192865586E+006
   0.4991869736E-003     0.5949491981E-006     0.2521416576E-001     0.3504789651E+001     0.1580477381E+004     0.6873810119E+006
   0.4987618547E-003     0.6053147717E-006     0.2513714226E-001     0.3460621346E+001     0.1534842597E+004     0.6551150661E+006
   0.4983306210E-003     0.6165345401E-006     0.2502501102E-001     0.3411899784E+001     0.1487073574E+004     0.6226634154E+006
   0.4979089822E-003     0.6286440745E-006     0.2493073753E-001     0.3359166695E+001     0.1437417952E+004     0.5901966483E+006
   0.4974876791E-003     0.6416759325E-006     0.2482364520E-001     0.3302239303E+001     0.1386134847E+004     0.5578791192E+006
   0.4970668657E-003     0.6556590061E-006     0.2470451961E-001     0.3241269909E+001     0.1333496755E+004     0.5258670720E+006
   0.4966466799E-003     0.6706178607E-006     0.2457406305E-001     0.3176460065E+001     0.1279784740E+004     0.4943070554E+006
   0.4962272173E-003     0.6865720667E-006     0.2443282832E-001     0.3108057107E+001     0.1225284676E+004     0.4633347520E+006
   0.4958085055E-003     0.7035355272E-006     0.2428116055E-001     0.3036349370E+001     0.1170283794E+004     0.4330742525E+006
   0.4953904815E-003     0.7215158035E-006     0.2411915086E-001     0.2961661104E+001     0.1115067781E+004     0.4036377631E+006
   0.4949729705E-003     0.7405134449E-006     0.2394660365E-001     0.2884347792E+001     0.1059918567E+004     0.3751256881E+006
   0.4945798244E-003     0.7605213278E-006     0.2382536025E-001     0.2805260685E+001     0.1005114348E+004     0.3476270099E+006
   0.4942166122E-003     0.7815240202E-006     0.2376746391E-001     0.2724874648E+001     0.9509252631E+003     0.3212198455E+006
   0.4938568279E-003     0.8034971819E-006     0.2370265237E-001     0.2643056618E+001     0.8976117073E+003     0.2959721037E+006
   0.4935004138E-003     0.8264070436E-006     0.2363036909E-001     0.2560243815E+001     0.8454288045E+003     0.2719421203E+006
   0.4931473126E-003     0.8502099983E-006     0.2355012532E-001     0.2476896801E+001     0.7946231755E+003     0.2491790943E+006
   0.4927974670E-003     0.8748523591E-006     0.2346138528E-001     0.2393488639E+001     0.7454311086E+003     0.2277232476E+006
   0.4924508180E-003     0.9002703490E-006     0.2336343036E-001     0.2310491481E+001     0.6980756605E+003     0.2076055877E+006
   0.4921073045E-003     0.9263903940E-006     0.2325518326E-001     0.2228358676E+001     0.6527623144E+003     0.1888471965E+006
   0.4917668612E-003     0.9531297935E-006     0.2313497261E-001     0.2147500796E+001     0.6096729987E+003     0.1714580368E+006
   0.4914297067E-003     0.9803978236E-006     0.2303651846E-001     0.2070110971E+001     0.5690055738E+003     0.1554362948E+006
   0.4910958533E-003     0.1008097252E-005     0.2296875605E-001     0.1997271449E+001     0.5309111939E+003     0.1407666782E+006
   0.4907650520E-003     0.1036126095E-005     0.2290659128E-001     0.1928103796E+001     0.4954358772E+003     0.1274164068E+006
   0.4904372641E-003     0.1064380127E-005     0.2284942500E-001     0.1862663136E+001     0.4625779653E+003     0.1153344430E+006
   0.4901124513E-003     0.1092756053E-005     0.2279526956E-001     0.1800721474E+001     0.4322727546E+003     0.1044538822E+006
   0.4897946384E-003     0.1121153987E-005     0.2279827299E-001     0.1743102631E+001     0.4044355237E+003     0.9469596877E+005
   0.4894809799E-003     0.1149479437E-005     0.2281776086E-001     0.1688989002E+001     0.3789270437E+003     0.8597179269E+005
   0.4891709068E-003     0.1177644923E-005     0.2284522726E-001     0.1638036092E+001     0.3555810252E+003     0.7818650626E+005
   0.4888643596E-003     0.1205571152E-005     0.2287924956E-001     0.1589980901E+001     0.3342138903E+003     0.7124378198E+005
   0.4885612780E-003     0.1233187680E-005     0.2291851886E-001     0.1544544446E+001     0.3146358065E+003     0.6504984929E+005
   0.4882615981E-003     0.1260433116E-005     0.2296180848E-001     0.1501448470E+001     0.2966609230E+003     0.5951662186E+005
   0.4879652495E-003     0.1287254916E-005     0.2300794506E-001     0.1460428853E+001     0.2801147306E+003     0.5456368441E+005
   0.4876721517E-003     0.1313608898E-005     0.2305578087E-001     0.1421244223E+001     0.2648383916E+003     0.5011920932E+005
   0.4873822113E-003     0.1339458547E-005     0.2310416769E-001     0.1383680015E+001     0.2506905243E+003     0.4612004301E+005
   0.4870953191E-003     0.1364774225E-005     0.2315193393E-001     0.1347549040E+001     0.2375471787E+003     0.4251124651E+005
   0.4868113478E-003     0.1389532335E-005     0.2319786653E-001     0.1312689804E+001     0.2253007133E+003     0.3924533889E+005
   0.4865301502E-003     0.1413714484E-005     0.2324069922E-001     0.1278963649E+001     0.2138581268E+003     0.3628142473E+005
   0.4862515588E-003     0.1437306692E-005     0.2327910824E-001     0.1246251467E+001     0.2031392160E+003     0.3358432028E+005
   0.4859753855E-003     0.1460298648E-005     0.2331171631E-001     0.1214450484E+001     0.1930747811E+003     0.3112374101E+005
   0.4857014235E-003     0.1482683026E-005     0.2333710540E-001     0.1183471384E+001     0.1836049910E+003     0.2887357837E+005
   0.4854294494E-003     0.1504454865E-005     0.2335383894E-001     0.1153235987E+001     0.1746779549E+003     0.2681127273E+005
   0.4851592274E-003     0.1525611013E-005     0.2336049430E-001     0.1123675599E+001     0.1662485105E+003     0.2491727841E+005
   0.4848905148E-003     0.1546149621E-005     0.2335570721E-001     0.1094730284E+001     0.1582772216E+003     0.2317461148E+005
   0.4846230678E-003     0.1566069693E-005     0.2333823159E-001     0.1066349360E+001     0.1507295773E+003     0.2156846984E+005
   0.4843566499E-003     0.1585370685E-005     0.2330701991E-001     0.1038493658E+001     0.1435753873E+003     0.2008591529E+005
   0.4840961098E-003     0.1604052144E-005     0.2333239926E-001     0.1014789237E+001     0.1369453230E+003     0.1872160252E+005
   0.4838416123E-003     0.1622121337E-005     0.2338513758E-001     0.9925758434E+000     0.1307200047E+003     0.1746509226E+005
   0.4835876457E-003     0.1639590065E-005     0.2342594268E-001     0.9714311821E+000     0.1248772735E+003     0.1630726013E+005
   0.4833335859E-003     0.1656465862E-005     0.2345199509E-001     0.9513808041E+000     0.1193992777E+003     0.1523873758E+005
   0.4830787370E-003     0.1672742362E-005     0.2345942487E-001     0.9322087583E+000     0.1142387004E+003     0.1424833737E+005
   0.4828223322E-003     0.1688398084E-005     0.2344277080E-001     0.9133602219E+000     0.1093199651E+003     0.1332567098E+005
   0.4825635367E-003     0.1703414074E-005     0.2339815842E-001     0.8947508669E+000     0.1046300464E+003     0.1246646123E+005
   0.4823014530E-003     0.1717775171E-005     0.2332174127E-001     0.8763172980E+000     0.1001580235E+003     0.1166667551E+005
   0.4820351273E-003     0.1731469431E-005     0.2320970817E-001     0.8580028442E+000     0.9589335885E+002     0.1092241857E+005
   0.4817635601E-003     0.1744487737E-005     0.2305835103E-001     0.8397572471E+000     0.9182588305E+002     0.1022995645E+005
   0.4814857198E-003     0.1756823498E-005     0.2286414460E-001     0.8215372191E+000     0.8794585488E+002     0.9585736268E+004
   0.4812041274E-003     0.1768472408E-005     0.2264245758E-001     0.8034648838E+000     0.8424466863E+002     0.8986401295E+004
   0.4809380661E-003     0.1779432269E-005     0.2249447171E-001     0.7863777152E+000     0.8071709934E+002     0.8428806382E+004
