0.016059795827502374
0.014559205585959816
0.01296691369481858
0.011570150554081362
0.010219517649536753
0.00913710123178314
0.00881533314445842
0.00890889024117304
0.008865926521547296
0.008767182591484304
0.008689046245971341
0.008633785761348914
0.008591953504771339
0.008553340172939457
0.008532948722972526
0.008535225231506285
0.008537192747169943
0.008544231731475258
0.00857086920667955
0.008586426372385408
0.008589183417573991
0.008594832829106079
0.00858863647008171
0.008633871954190908
0.008664809170438034
0.008680065632029511
0.00868086907822674
0.008665028604764336
0.008630860132043248
0.008610157832252111
0.008594925646528032
0.008652437136871619
0.008703713263138369
0.008751880738546233
0.008679472012354531
0.008559843141985782
0.008431580393067097
0.0082964004257725
0.008156512635998127
0.008054059429291443
0.007946663121580707
0.007838354320101165
0.007756596228330888
0.0076915652753730655
0.007639460475944274
0.007590582911372708
0.007554945688729428
0.007516529436898814
0.0074872197557996805
0.007464799140458814
0.007454081692984387
0.007441728370999201
0.007427437519688128
0.007431056168040145
0.007431946474098787
0.0074300438128893555
0.0074252646709890655
0.007417506705461681
0.007406648978670261
0.007392551205224719
0.007375053605021444
0.007353975111677853
0.007329121157398223
0.00730695306385078
0.007289996631813353
0.0072715620636019645
0.007248620589981472
0.007219206222389017
0.007182650620399989
0.00713834429839288
0.007086243948154155
0.007038196812578913
0.00700988669264103
0.006967577912287595
0.006913086374156414
0.006855094185987554
0.006793822348856306
0.006729476357538896
0.00666419399538012
0.006602924175117054
0.006538956875070013
0.006480238021732503
0.006437715544928201
0.006404740848697087
0.006370892664851659
0.006338280498316961
0.006305607922672513
0.006271284281070153
0.006235156750191963
0.0062194714873780805
0.006203917035214029
0.006184693486427662
0.00616124816646709
0.006133683493925117
0.00610591896779791
0.006077791917929093
0.006043236733793082
0.0060121154577633335
0.00600627512033318
0.00599839534069632
0.005992538616406407
0.005984265559825101
0.005972888392025921
0.005958346080018984
0.005940611164007859
0.005944584293362026
0.00595117276975558
0.005957185549970364
0.005968922945075422
0.005978878658929352
0.005983882806013318
0.005983746426576334
0.005981432376075191
0.005985561427387375
0.005993559341038089
0.00599814738064487
0.006000731551492073
0.006003922040278167
0.006009009677637662
0.006010314648688521
0.006007889988419224
0.0060018019754116934
0.0059921295637892094
0.005983829509847739
0.0059746143331414515
0.005962573106279673
0.005948647703274524
0.005935903113300412
0.005930936101013114
0.00592397824944832
0.005915036180437669
0.0059041007131795595
0.005891149122503528
0.005876148594286628
0.005859060093570904
0.005839843921957981
0.005818532345044458
0.0057959562005355765
0.005771230694376309
0.005744294146847047
0.005717350253237928
0.005707683099950296
0.005705600216528339
0.00570346550217636
0.005701166456401976
0.00569857415528324
0.005695545968165696
0.005691928839972035
0.005699062763257596
0.005709873335034895
0.005720276004780274
0.00572996951268976
0.0057386639287485275
0.005746086284599148
0.0057462270053001245
0.00574385012248892
0.005739822003559931
0.005736290394221487
0.0057452498293853235
0.0057523462262064895
0.00575752882878299
0.005760753846656846
0.005763028370443496
0.005772435059751221
0.005782711280790159
0.0057904622073855485
0.005795682138077679
0.0057983742251480905
0.005798551876794874
0.0057962370026012336
0.00579146046621893
0.0057842613106039945
0.0057746866126400275
0.005765597934741117
0.00575973114391389
0.005752017731646907
0.005742471192121299
0.005731512980880105
0.005718934069628423
0.00570972014623253
0.005706876585598397
0.00570332157105341
0.005698290230109697
0.005691754237374794
0.005683688185309733
0.005678859448246656
0.00567465917683811
0.005671834159453099
0.005674722714902754
0.005677682119873241
0.0056806615884651655
0.0056835945827345725
0.0056863993600024245
0.005688980818465981
0.005692646766528314
0.005704452006335708
0.005716453906944895
0.005728622994741802
0.005741187005501951
0.0057532712259981455
0.005764860803150626
0.005775929763557423
0.005785846649470919
0.005790861501651796
0.005792578638775548
0.005792673255834038
0.0057917380738297265
0.005789153482148509
0.00578480269182327
0.005778655323741854
0.005770687961602373
0.0057630026677384216
0.005758178710360903
0.005752577046437689
0.0057448446719608
0.0057410285217433755
0.005740873046266117
0.005745713976789538
0.005748395067230596
0.005748934818129233
0.005747360106888309
0.005743705916598985
0.005738997511390197
0.005736574461099343
0.0057325356102645485
0.005726922386550871
0.005719779038101256
0.005712351332856346
0.005706494491191373
0.00570707724667017
0.005706437434444594
0.0057047574743014215
0.005707042686639909
0.005709577437952676
0.005713143310234444
0.005721086790905211
0.005729259493794739
0.005737589120887647
0.005746178623639753
0.005757330699601683
0.00576865856114768
0.005779825709726918
0.005790712941443392
0.005808658689203872
0.005830836933932146
0.005855370121896697
0.005879741061919672
0.005903951299380931
0.005927445107085322
0.0059499927975886656
0.005971371251547147
0.005991376498716214
0.006009796494963958
0.0060242108588474475
0.0060341480808313915
0.006042078109158421
0.00604859280236524
0.006053686932390436
0.0060565366748138285
0.006057118000571808
0.006055461790623372
0.006051684807186904
0.0060456269290725725
0.006037294610553565
0.00602670280316545
0.006013874747066659
0.005999832440821028
0.005990649342109186
0.005979058267321186
0.005967475306651055
0.0059541939247437356
0.005938782344421416
0.005924219086714452
0.005909557790575423
0.005901332084008837
0.0058933806201990156
0.005883942963602538
0.005878953770793657
0.005879246423258828
0.005882007108986288
0.005883442954075389
0.005883535198337781
0.005885060177588152
0.005890849355300709
0.005902078872576171
0.005916357211598111
0.005930802928791972
0.00594529224221893
0.00595983113278739
0.00597419517531559
0.005988331795433536
0.006002166795431341
0.006015603841515192
0.006028521709415787
0.006046830822867282
0.006077088174987212
0.006110642811200845
0.0061481747283481155
0.006185240500912683
0.006219415229467383