0.0015640312091095088
0.002366138296008303
0.003029437693966325
0.0035514673869710103
0.003931829622606826
0.004171660887493013
0.004273207593219725
0.004239510437948539
0.003960815415096951
0.003639701572511306
0.003390907372866427
0.0032345381934282204
0.003104424088270765
0.002999347268102914
0.002917543023683359
0.0028598589418168613
0.0028229891449523797
0.0028027035144286452
0.002795598848032396
0.0027980551586586403
0.002806389047571283
0.002817010137114413
0.0028265691083574386
0.002832078932725207
0.0028310018172512438
0.0028215253213358616
0.0028021192013827335
0.0027716387274704345
0.002729444041304673
0.0026752161341263994
0.0026088630723786373
0.0025304237183856994
0.0024399758933417383
0.0023375542295784226
0.0021874251455291944
0.002031384808797576
0.0019229398990245716
0.0018542090547930582
0.0017868399763767357
0.0017206203459535232
0.001655317160973093
0.0015907459427147634
0.0015266339487291997
0.0014627272313322579
0.001398785526576023
0.0013345805898043299
0.001269904762367978
0.0012045835795315473
0.0011384911265786167
0.0010715684053332311
0.0010038453680368507
0.0009354645405233608
0.0008685769553712222
0.0008245473064706525
0.0007910040231885834
0.0008190338283879499
0.0008384048811945955
0.0008496180395130506
0.0008533288132800698
0.000853826694543767
0.0009302677392834472
0.001007047336147708
0.0010835191337050796
0.0011589790525660074
0.0012326763197062927
0.0013038290413477163
0.0013716413367992738
0.0014353160612877423
0.001494065223393351
0.0015471165929208147
0.001593716067086787
0.0016331264618528966
0.001664624700791573
0.0016706138151778857
0.0016646997009419366
0.0016580060801541863
0.0016506360200020378
0.0016426989440507945
0.0016343170400351433
0.001625632021516806
0.0016185041587577387
0.0016206412238980485
0.0016207690168369734
0.0016187350776657014
0.0016143568361626805
0.0016074433328766389
0.0015977910530297164
0.0015851898412619567
0.001569430156217947
0.0015503136831358372
0.001527666639922811
0.0015013567455581021
0.00147131173968521
0.0014375395846124377
0.0014001484147711572
0.0013593637710214235
0.001315543379621651
0.0012691851558064924
0.0012209277539250063
0.001171542869870226
0.0011219170460412635
0.00107302422718705
0.001025890161026177
0.0009888104617806971
0.0010351775095641317
0.001080096214908074
0.0011222063441817837
0.001160394974459377
0.0011940821616540048
0.001222827067474213
0.0012463229257632805
0.0012643817043897167
0.0012695522038171992
0.0012599707993203712
0.0012505176902105986
0.0012410958504059345
0.0012316762381917158
0.0012222711476266182
0.0012129129782933947
0.001203638233040365
0.00119447709292296
0.001185447628070751
0.0011765513849707997
0.0011677721309880755
0.001166396611854947
0.0011830366632498235
0.0011975844829023386
0.001209906581282292
0.0012198648681783276
0.0012273192292493963
0.0012321300523194896
0.0012341616039846137
0.0012332797406231666
0.001229349897495361
0.0012221901442914913
0.0012119062443784155
0.0011986400530685202
0.0011824994051731466
0.001163653472362567
0.0011423337672136413
0.0011188324303148334
0.0010934982537270826
0.0010667296361651188
0.001038965241237557
0.0010106722297534931
0.0009823327373444503
0.0009544307955451569
0.000927439175123985
0.0009018085642050873
0.0008779603517258877
0.0008562828009685936
0.0008384758911019328
0.0008431066226858343
0.0008515473851723884
0.000872283122256248
0.0008955379633762728
0.0009197301491580826
0.0009447992819302843
0.0009706451137519482
0.0009975758354400074
0.0010248772735168413
0.0010520109569361626
0.0010788823283156145
0.0011053897875916495
0.00113204479757858
0.0011583967026164927
0.001184100806762134
0.00120899571780521
0.001232929618747447
0.00125575727156833
0.0012773369376060792
0.0012975264530230108
0.0013161784110500123
0.0013331337664180879
0.0013482853463518062
0.0013616220861834855
0.0013730427100485441
0.001382448624028614
0.0013897484183452407
0.0013948616555361773
0.0013977203380218794
0.001398274599112996
0.0013964959827024238
0.0013923818286444465
0.0013859588757611243
0.0013772865393333028
0.0013664599060413912
0.0013536109704447039
0.0013389092258440122
0.0013225604554977163
0.0013048042530661515
0.001285910133157545
0.0012661728499005235
0.0012459072415369158
0.0012254442157002394
0.0012051284519221256
0.0011853201063771227
0.0011664015355583868
0.0011487897827620508
0.0011342706309087752
0.001124558816305239
0.0011169327642307342
0.0011114945763274764
0.0011133997377994248
0.001117987191055784
0.0011224330624091238
0.0011267727044254792
0.0011310191083120545
0.0011351685036435732
0.0011392036645890703
0.0011430963558292885
0.0011716241820351843
0.0012116958374906027
0.0012512875609886661
0.001290280620375528
0.001330860687647039
0.001371793109143046
0.001413300380117099
0.0014540266787224207
0.001493235868849904
0.0015307621016014373
0.0015664492867977803
0.00160014887711626
0.0016317198724644939
0.0016610283047965523
0.001687948009002782
0.0017123619862392287
0.001734163637910544
0.0017532597579357563
0.0017695732702201897
0.0017830472256089723
0.0017936487195673988
0.001801373935932555
0.0018063395625879082
0.0018086988732524646
0.001808436280226409
0.001805706055931096
0.0018007030345469472
0.0017936833355901881
0.0017849855403760638
0.001776775825919713
0.0017663337341754896
0.0017539811001609977
0.0017401036051185154
0.0017254245624845424
0.0017134411295248978
0.0017022209819940346
0.0016920690378803968
0.0016832517827817697
0.001675992972110113
0.0016704732704126088
0.001666830600766729
0.0016651646149103954
0.0016689247812909634
0.0016766147971199628
0.0016839701963971623
0.001691026499059261
0.0016977998938754579
0.0017042908901054759
0.0017104876166529682
0.0017163704477725866
0.0017219191339935367
0.0017275556056806783
0.0017331719192416053
0.0017383412204638987
0.0017430064479607205
0.0017471235999063869
0.0017521367420703534
0.0017564858226879296
0.0017598402355929882
0.0017620969294653234
0.0017631542828680862
0.0017629112189556518
0.001764005857677003
0.0018071803423685086
0.0018480619711912299
0.0018865072922404768
0.0019223822864470007
0.0019555662517961227
0.0019859542120061278
0.002013461798712596
0.00203802905190378
0.002059625329287301
0.002078253717882195
0.0020939554852978776
0.00210681358038936
0.002116955218057149
0.0021266834883634017
0.002135441693581908
0.0021410272187380275
0.0021435752512210674
0.0021432745499772765
0.0021403777514147353
0.002135184470789124
0.0021280605753117646
0.0021194447379277296
0.002109853705531807
0.002099885415385663
0.0020913703851850613
0.0020898921797316695