   0.9882209255E+000     0.9999995013E+000     0.2080244342E+001     0.2577003117E+003     0.1715388526E+009     0.1290258137E+015
   0.9784868696E+000     0.9999995013E+000     0.2120103107E+001     0.2629552183E+003     0.1757740147E+009     0.1328936778E+015
   0.9688560794E+000     0.9999995013E+000     0.2160383674E+001     0.2669688474E+003     0.1787723426E+009     0.1355397253E+015
   0.9593267035E+000     0.9999995013E+000     0.2201118743E+001     0.2699990948E+003     0.1807803598E+009     0.1372002798E+015
   0.9498971086E+000     0.9999995013E+000     0.2242332970E+001     0.2722674995E+003     0.1820103667E+009     0.1380792008E+015
   0.9405658571E+000     0.9999995013E+000     0.2284042873E+001     0.2739640647E+003     0.1826450293E+009     0.1383522475E+015
   0.9313316805E+000     0.9999995013E+000     0.2326257123E+001     0.2752515425E+003     0.1828414513E+009     0.1381709495E+015
   0.9221934500E+000     0.9999995013E+000     0.2368977205E+001     0.2762688989E+003     0.1827344644E+009     0.1376657330E+015
   0.9130471849E+000     0.9999995013E+000     0.2416821019E+001     0.2772029659E+003     0.1824395517E+009     0.1369486956E+015
   0.9039631419E+000     0.9999995013E+000     0.2466967488E+001     0.2781192685E+003     0.1820550984E+009     0.1361157450E+015
   0.8949693875E+000     0.9999995013E+000     0.2518165193E+001     0.2790856308E+003     0.1816649969E+009     0.1352490667E+015
   0.8860651239E+000     0.9999995013E+000     0.2570402772E+001     0.2801735883E+003     0.1813403450E+009     0.1344187330E+015
   0.8772495640E+000     0.9999995013E+000     0.2623665814E+001     0.2814425315E+003     0.1811409658E+009     0.1336841411E+015
   0.8685219274E+000     0.9999995012E+000     0.2677937669E+001     0.2829411624E+003     0.1811167738E+009     0.1330953045E+015
   0.8598814359E+000     0.9999995012E+000     0.2733200384E+001     0.2847087537E+003     0.1813089533E+009     0.1326939654E+015
   0.8513272789E+000     0.9999995012E+000     0.2789508369E+001     0.2867840477E+003     0.1817509781E+009     0.1325145552E+015
   0.8428586727E+000     0.9999995012E+000     0.2846850032E+001     0.2891924164E+003     0.1824694939E+009     0.1325850251E+015
   0.8344748307E+000     0.9999995012E+000     0.2905199086E+001     0.2919502809E+003     0.1834850852E+009     0.1329275676E+015
   0.8261749450E+000     0.9999995012E+000     0.2964558747E+001     0.2950710402E+003     0.1848129449E+009     0.1335592428E+015
   0.8179581968E+000     0.9999995012E+000     0.3024937581E+001     0.2985632547E+003     0.1864634597E+009     0.1344925265E+015
   0.8098237574E+000     0.9999995012E+000     0.3086349572E+001     0.3024312102E+003     0.1884427240E+009     0.1357357899E+015
   0.8017707911E+000     0.9999995012E+000     0.3148813748E+001     0.3066753971E+003     0.1907529938E+009     0.1372937221E+015
   0.7937984586E+000     0.9999995012E+000     0.3212353387E+001     0.3112929178E+003     0.1933930890E+009     0.1391677042E+015
   0.7859059213E+000     0.9999995012E+000     0.3276994891E+001     0.3162778306E+003     0.1963587526E+009     0.1413561423E+015
   0.7780923463E+000     0.9999995012E+000     0.3342766463E+001     0.3216214392E+003     0.1996429727E+009     0.1438547648E+015
   0.7703569098E+000     0.9999995012E+000     0.3409709281E+001     0.3273163176E+003     0.2032362735E+009     0.1466568910E+015
   0.7626988026E+000     0.9999995012E+000     0.3477854745E+001     0.3333508949E+003     0.2071269790E+009     0.1497536742E+015
   0.7551172326E+000     0.9999995012E+000     0.3547226900E+001     0.3397095220E+003     0.2113014527E+009     0.1531343236E+015
   0.7476114264E+000     0.9999995012E+000     0.3617852452E+001     0.3463762492E+003     0.2157443203E+009     0.1567863079E+015
   0.7401806303E+000     0.9999995012E+000     0.3689755239E+001     0.3533336504E+003     0.2204386753E+009     0.1606955438E+015
   0.7328241106E+000     0.9999995012E+000     0.3762955940E+001     0.3605630058E+003     0.2253662690E+009     0.1648465714E+015
   0.7255411526E+000     0.9999995012E+000     0.3837471994E+001     0.3680444763E+003     0.2305076893E+009     0.1692227181E+015
   0.7183310595E+000     0.9999995012E+000     0.3913317701E+001     0.3757572695E+003     0.2358425284E+009     0.1738062528E+015
   0.7111931506E+000     0.9999995011E+000     0.3990504426E+001     0.3836797961E+003     0.2413495413E+009     0.1785785317E+015
   0.7041208370E+000     0.9999995011E+000     0.4071098929E+001     0.3918740291E+003     0.2470067983E+009     0.1835201367E+015
   0.6971170133E+000     0.9999995011E+000     0.4154023711E+001     0.4002792896E+003     0.2527918215E+009     0.1886110076E+015
   0.6901828083E+000     0.9999995011E+000     0.4238693114E+001     0.4088490363E+003     0.2586817236E+009     0.1938305672E+015
   0.6833175324E+000     0.9999995011E+000     0.4325133260E+001     0.4175607656E+003     0.2646533388E+009     0.1991578425E+015
   0.6765205032E+000     0.9999995011E+000     0.4413370472E+001     0.4263920935E+003     0.2706833457E+009     0.2045715800E+015
   0.6697910454E+000     0.9999995011E+000     0.4503431423E+001     0.4353208747E+003     0.2767483853E+009     0.2100503565E+015
   0.6631284904E+000     0.9999995011E+000     0.4595343129E+001     0.4443252948E+003     0.2828251745E+009     0.2155726856E+015
   0.6565321764E+000     0.9999995011E+000     0.4689141596E+001     0.4533915537E+003     0.2888906196E+009     0.2211171202E+015
   0.6500014489E+000     0.9999995011E+000     0.4784852283E+001     0.4624987676E+003     0.2949219105E+009     0.2266623504E+015
   0.6435356602E+000     0.9999995011E+000     0.4882501918E+001     0.4716274681E+003     0.3008966211E+009     0.2321872972E+015
   0.6371341699E+000     0.9999995011E+000     0.4982117186E+001     0.4807598491E+003     0.3067928048E+009     0.2376712023E+015
   0.6307963451E+000     0.9999995011E+000     0.5083722803E+001     0.4898788551E+003     0.3125890817E+009     0.2430937138E+015
   0.6245215604E+000     0.9999995011E+000     0.5187340759E+001     0.4989681508E+003     0.3182647223E+009     0.2484349674E+015
   0.6183091979E+000     0.9999995011E+000     0.5292989626E+001     0.5080120832E+003     0.3237997260E+009     0.2536756633E+015
   0.6121586476E+000     0.9999995011E+000     0.5400683991E+001     0.5169956461E+003     0.3291748938E+009     0.2587971391E+015
   0.6060693070E+000     0.9999995011E+000     0.5510434047E+001     0.5259044549E+003     0.3343718971E+009     0.2637814378E+015
   0.6000405812E+000     0.9999995010E+000     0.5622245384E+001     0.5347247406E+003     0.3393733407E+009     0.2686113718E+015
   0.5940718825E+000     0.9999995010E+000     0.5736119026E+001     0.5434433610E+003     0.3441628202E+009     0.2732705820E+015
   0.5881625823E+000     0.9999995010E+000     0.5852177083E+001     0.5520617147E+003     0.3487249759E+009     0.2777435925E+015
   0.5823114887E+000     0.9999995010E+000     0.5972068170E+001     0.5607576931E+003     0.3530455563E+009     0.2820158604E+015
   0.5765185937E+000     0.9999995010E+000     0.6094399074E+001     0.5693749430E+003     0.3571114126E+009     0.2860738210E+015
   0.5707833326E+000     0.9999995010E+000     0.6219177612E+001     0.5779058255E+003     0.3609105768E+009     0.2899049282E+015
   0.5651051459E+000     0.9999995010E+000     0.6346412557E+001     0.5863442424E+003     0.3644322820E+009     0.2934976898E+015
   0.5594834789E+000     0.9999995010E+000     0.6476114163E+001     0.5946856982E+003     0.3676669874E+009     0.2968416984E+015
   0.5539177813E+000     0.9999995010E+000     0.6608294649E+001     0.6029273433E+003     0.3706063997E+009     0.2999276576E+015
   0.5484075075E+000     0.9999995010E+000     0.6742968636E+001     0.6110679925E+003     0.3732434876E+009     0.3027474025E+015
   0.5429521160E+000     0.9999995009E+000     0.6880153501E+001     0.6191081147E+003     0.3755724920E+009     0.3052939166E+015
   0.5375510697E+000     0.9999995009E+000     0.7019878953E+001     0.6270726019E+003     0.3775889811E+009     0.3075613432E+015
   0.5322038357E+000     0.9999995009E+000     0.7162165885E+001     0.6349627723E+003     0.3792897629E+009     0.3095449915E+015
   0.5269098853E+000     0.9999995009E+000     0.7307041881E+001     0.6427873433E+003     0.3806729163E+009     0.3112413392E+015
   0.5216686942E+000     0.9999995009E+000     0.7454538588E+001     0.6505589973E+003     0.3817377862E+009     0.3126480289E+015
   0.5164797425E+000     0.9999995009E+000     0.7604690734E+001     0.6582927355E+003     0.3824849652E+009     0.3137638608E+015
   0.5113425148E+000     0.9999995009E+000     0.7757535755E+001     0.6660058054E+003     0.3829162742E+009     0.3145887811E+015
   0.5062565004E+000     0.9999995008E+000     0.7913113310E+001     0.6737176011E+003     0.3830347373E+009     0.3151238653E+015
   0.5012211937E+000     0.9999995008E+000     0.8071464703E+001     0.6814495576E+003     0.3828445541E+009     0.3153712987E+015
   0.4962360941E+000     0.9999995008E+000     0.8232632236E+001     0.6892250014E+003     0.3823510664E+009     0.3153343514E+015
   0.4913007061E+000     0.9999995008E+000     0.8396658515E+001     0.6970689134E+003     0.3815607202E+009     0.3150173500E+015
   0.4864145397E+000     0.9999995008E+000     0.8563585765E+001     0.7050078356E+003     0.3804810261E+009     0.3144256458E+015
   0.4815771103E+000     0.9999995008E+000     0.8733455164E+001     0.7130696564E+003     0.3791205138E+009     0.3135655782E+015
   0.4767869631E+000     0.9999995007E+000     0.8908960133E+001     0.7215806570E+003     0.3774887097E+009     0.3124444356E+015
   0.4720439336E+000     0.9999995007E+000     0.9089375944E+001     0.7304792341E+003     0.3755960230E+009     0.3110704132E+015
   0.4673480814E+000     0.9999995007E+000     0.9273309219E+001     0.7396253844E+003     0.3734537211E+009     0.3094525674E+015
   0.4626989383E+000     0.9999995007E+000     0.9460807669E+001     0.7490470747E+003     0.3710738990E+009     0.3076007688E+015
   0.4580960404E+000     0.9999995007E+000     0.9651934308E+001     0.7587804628E+003     0.3684694062E+009     0.3055256513E+015
   0.4535389278E+000     0.9999995007E+000     0.9846769876E+001     0.7688712277E+003     0.3656537866E+009     0.3032385601E+015
   0.4490271448E+000     0.9999995006E+000     0.1004541529E+002     0.7793761281E+003     0.3626412158E+009     0.3007514973E+015
   0.4445602169E+000     0.9999995006E+000     0.1024847359E+002     0.7905155083E+003     0.3594464758E+009     0.2980770657E+015
   0.4401375769E+000     0.9999995006E+000     0.1045868805E+002     0.8032133063E+003     0.3560850344E+009     0.2952284112E+015
   0.4357589152E+000     0.9999995006E+000     0.1067343524E+002     0.8166801157E+003     0.3525723390E+009     0.2922191636E+015
   0.4314237965E+000     0.9999995006E+000     0.1089275443E+002     0.8310124869E+003     0.3489249260E+009     0.2890633809E+015
   0.4271317897E+000     0.9999995006E+000     0.1111667174E+002     0.8461969694E+003     0.3451591172E+009     0.2857754821E+015
   0.4228824678E+000     0.9999995005E+000     0.1134522359E+002     0.8622603166E+003     0.3412915757E+009     0.2823701873E+015
   0.4186754081E+000     0.9999995005E+000     0.1157844885E+002     0.8792333402E+003     0.3373391513E+009     0.2788624560E+015
   0.4145101920E+000     0.9999995005E+000     0.1181638794E+002     0.8971511612E+003     0.3333188139E+009     0.2752674257E+015
   0.4103864055E+000     0.9999995005E+000     0.1205908184E+002     0.9160528092E+003     0.3292475849E+009     0.2716003486E+015
   0.4063036387E+000     0.9999995005E+000     0.1230657104E+002     0.9359805033E+003     0.3251424720E+009     0.2678765307E+015
   0.4022614860E+000     0.9999995004E+000     0.1255889484E+002     0.9569789586E+003     0.3210204045E+009     0.2641112705E+015
   0.3982595462E+000     0.9999995004E+000     0.1281609119E+002     0.9790951235E+003     0.3168981697E+009     0.2603197993E+015
   0.3942974220E+000     0.9999995004E+000     0.1307819730E+002     0.1002378693E+004     0.3127923874E+009     0.2565172245E+015
   0.3903747204E+000     0.9999995004E+000     0.1334525080E+002     0.1026881601E+004     0.3087194019E+009     0.2527184747E+015
   0.3864910521E+000     0.9999995004E+000     0.1361729181E+002     0.1052659577E+004     0.3046952457E+009     0.2489382494E+015
   0.3826460318E+000     0.9999995004E+000     0.1389436540E+002     0.1079773771E+004     0.3007355995E+009     0.2451909713E+015
   0.3788392775E+000     0.9999995003E+000     0.1417652453E+002     0.1108292551E+004     0.2968557438E+009     0.2414907377E+015
   0.3750704110E+000     0.9999995003E+000     0.1446383297E+002     0.1138293375E+004     0.2930705109E+009     0.2378512712E+015
   0.3713390575E+000     0.9999995003E+000     0.1475636817E+002     0.1169864507E+004     0.2893942352E+009     0.2342858712E+015
   0.3676448451E+000     0.9999995003E+000     0.1505422353E+002     0.1203106353E+004     0.2858407051E+009     0.2308073651E+015
   0.3639874053E+000     0.9999995003E+000     0.1535751000E+002     0.1238132117E+004     0.2824231136E+009     0.2274280608E+015
   0.3603663727E+000     0.9999995003E+000     0.1566635660E+002     0.1275067417E+004     0.2791540113E+009     0.2241597021E+015
   0.3567813849E+000     0.9999995003E+000     0.1598090965E+002     0.1314048253E+004     0.2760452588E+009     0.2210134263E+015
   0.3532320823E+000     0.9999995002E+000     0.1630133029E+002     0.1355216533E+004     0.2731079801E+009     0.2179997254E+015
   0.3497181087E+000     0.9999995002E+000     0.1662779014E+002     0.1398712781E+004     0.2703525279E+009     0.2151284122E+015
   0.3462391080E+000     0.9999995002E+000     0.1696098492E+002     0.1445130006E+004     0.2677887294E+009     0.2124085892E+015
   0.3427947321E+000     0.9999995002E+000     0.1730083240E+002     0.1494513421E+004     0.2654278248E+009     0.2098486799E+015
   0.3393846368E+000     0.9999995002E+000     0.1764709188E+002     0.1546641268E+004     0.2632803005E+009     0.2074564121E+015
   0.3360084793E+000     0.9999995002E+000     0.1799990444E+002     0.1601528092E+004     0.2613534151E+009     0.2052386635E+015
   0.3326659205E+000     0.9999995002E+000     0.1835941952E+002     0.1659267519E+004     0.2596546177E+009     0.2032015400E+015
   0.3293566248E+000     0.9999995002E+000     0.1872579075E+002     0.1719974120E+004     0.2581907636E+009     0.2013503588E+015
   0.3260802606E+000     0.9999995001E+000     0.1909917446E+002     0.1783784381E+004     0.2569681027E+009     0.1996896412E+015
   0.3228363930E+000     0.9999995001E+000     0.1948203256E+002     0.1851602441E+004     0.2559924872E+009     0.1982231102E+015
   0.3196246022E+000     0.9999995001E+000     0.1987717320E+002     0.1924769608E+004     0.2552694960E+009     0.1969536927E+015
   0.3164447562E+000     0.9999995001E+000     0.2028084246E+002     0.2002267641E+004     0.2548033282E+009     0.1958835239E+015
   0.3132965381E+000     0.9999995001E+000     0.2069309089E+002     0.2084189635E+004     0.2545978364E+009     0.1950139560E+015
   0.3101796339E+000     0.9999995001E+000     0.2111398950E+002     0.2170652253E+004     0.2546563554E+009     0.1943455702E+015
   0.3070937327E+000     0.9999995001E+000     0.2154363364E+002     0.2261798833E+004     0.2549817350E+009     0.1938781908E+015
   0.3040385265E+000     0.9999995001E+000     0.2198214200E+002     0.2357797975E+004     0.2555763667E+009     0.1936109018E+015
   0.3010137103E+000     0.9999995001E+000     0.2242965329E+002     0.2458839993E+004     0.2564422096E+009     0.1935420654E+015
   0.2980189820E+000     0.9999995000E+000     0.2288632221E+002     0.2565132810E+004     0.2575808125E+009     0.1936693426E+015
   0.2950540425E+000     0.9999995000E+000     0.2335231563E+002     0.2676898196E+004     0.2589933349E+009     0.1939897154E+015
   0.2921185956E+000     0.9999995000E+000     0.2382780927E+002     0.2794368810E+004     0.2606805662E+009     0.1944995100E+015
   0.2892123481E+000     0.9999995000E+000     0.2431298505E+002     0.2917786308E+004     0.2626429426E+009     0.1951944213E+015
   0.2863350097E+000     0.9999995000E+000     0.2480802904E+002     0.3047400715E+004     0.2648805623E+009     0.1960695382E+015
   0.2834862930E+000     0.9999995000E+000     0.2531313017E+002     0.3183471304E+004     0.2673931992E+009     0.1971193700E+015
   0.2806659134E+000     0.9999995000E+000     0.2582847970E+002     0.3326306135E+004     0.2701844330E+009     0.1983383067E+015
   0.2778735893E+000     0.9999995000E+000     0.2635427061E+002     0.3476170145E+004     0.2732505696E+009     0.1997190981E+015
   0.2751090418E+000     0.9999995000E+000     0.2689069896E+002     0.3633371162E+004     0.2765895822E+009     0.2012538844E+015
   0.2723719948E+000     0.9999995000E+000     0.2743796559E+002     0.3798249698E+004     0.2801993637E+009     0.2029342198E+015
   0.2696621751E+000     0.9999995000E+000     0.2799628363E+002     0.3971387999E+004     0.2840859922E+009     0.2047516536E+015
   0.2669793121E+000     0.9999995000E+000     0.2856589434E+002     0.4154188335E+004     0.2883022308E+009     0.2067010302E+015
   0.2643231381E+000     0.9999994999E+000     0.2914705157E+002     0.4346963770E+004     0.2928569650E+009     0.2087764063E+015
   0.2616933879E+000     0.9999994999E+000     0.2974014036E+002     0.4550676603E+004     0.2977593714E+009     0.2109705228E+015
   0.2590897985E+000     0.9999994999E+000     0.3034612573E+002     0.4767809918E+004     0.3030299244E+009     0.2132763705E+015
   0.2565121104E+000     0.9999994999E+000     0.3096464509E+002     0.4997291336E+004     0.3086829585E+009     0.2156865655E+015
   0.2539600668E+000     0.9999994999E+000     0.3159530520E+002     0.5237910039E+004     0.3147342777E+009     0.2181935634E+015
   0.2514334131E+000     0.9999994999E+000     0.3223826031E+002     0.5489952829E+004     0.3212060616E+009     0.2207898639E+015
   0.2489318972E+000     0.9999994999E+000     0.3289367314E+002     0.5753800283E+004     0.3281241087E+009     0.2234681507E+015
   0.2464552692E+000     0.9999994999E+000     0.3356171705E+002     0.6029919193E+004     0.3355179077E+009     0.2262214119E+015
   0.2440032821E+000     0.9999994999E+000     0.3424257743E+002     0.6318850253E+004     0.3434206832E+009     0.2290430414E+015
   0.2415756909E+000     0.9999994999E+000     0.3493645259E+002     0.6621192469E+004     0.3518689815E+009     0.2319270035E+015
   0.2391722531E+000     0.9999994999E+000     0.3564355443E+002     0.6937602900E+004     0.3609044827E+009     0.2348678035E+015
   0.2367927286E+000     0.9999994998E+000     0.3636410869E+002     0.7268778768E+004     0.3705731084E+009     0.2378608604E+015
   0.2344368795E+000     0.9999994998E+000     0.3709835463E+002     0.7615437076E+004     0.3809207784E+009     0.2409011111E+015
   0.2321044702E+000     0.9999994998E+000     0.3784654436E+002     0.7978337569E+004     0.3920009965E+009     0.2439851367E+015
   0.2297952675E+000     0.9999994998E+000     0.3860894125E+002     0.8358259706E+004     0.4038702261E+009     0.2471101320E+015
   0.2275090403E+000     0.9999994998E+000     0.3938581822E+002     0.8756004035E+004     0.4165887476E+009     0.2502740484E+015
   0.2252455599E+000     0.9999994998E+000     0.4017745568E+002     0.9172391193E+004     0.4302205223E+009     0.2534756014E+015
   0.2230045998E+000     0.9999994998E+000     0.4098414006E+002     0.9608263411E+004     0.4448329896E+009     0.2567142686E+015
   0.2207859358E+000     0.9999994998E+000     0.4180616324E+002     0.1006448943E+005     0.4604967872E+009     0.2599902779E+015
   0.2185893459E+000     0.9999994998E+000     0.4264382388E+002     0.1054197368E+005     0.4772853788E+009     0.2633045832E+015
   0.2164146106E+000     0.9999994998E+000     0.4349743119E+002     0.1104167038E+005     0.4952745656E+009     0.2666588275E+015
   0.2142615123E+000     0.9999994997E+000     0.4436731181E+002     0.1156460183E+005     0.5145418447E+009     0.2700552902E+015
   0.2121297958E+000     0.9999994997E+000     0.4526086942E+002     0.1211864049E+005     0.5351713038E+009     0.2734968228E+015
   0.2100192796E+000     0.9999994997E+000     0.4617389837E+002     0.1270566454E+005     0.5576721347E+009     0.2770330363E+015
   0.2079297590E+000     0.9999994997E+000     0.4710584980E+002     0.1332435745E+005     0.5818914367E+009     0.2805981120E+015
   0.2058610250E+000     0.9999994997E+000     0.4805721149E+002     0.1397924095E+005     0.6087857537E+009     0.2843867103E+015
   0.2038128708E+000     0.9999994997E+000     0.4902846502E+002     0.1467170759E+005     0.6384435727E+009     0.2884243590E+015
   0.2017850910E+000     0.9999994997E+000     0.5002097525E+002     0.1540594830E+005     0.6711314535E+009     0.2927906168E+015
   0.1997774835E+000     0.9999994997E+000     0.5103447116E+002     0.1618230094E+005     0.7071931750E+009     0.2975875370E+015
   0.1977898483E+000     0.9999994997E+000     0.5206855754E+002     0.1700088983E+005     0.7470167019E+009     0.3029276916E+015
   0.1958219867E+000     0.9999994996E+000     0.5312364015E+002     0.1786386446E+005     0.7910284127E+009     0.3089315193E+015
   0.1938737020E+000     0.9999994996E+000     0.5420012661E+002     0.1877340110E+005     0.8396874153E+009     0.3157273187E+015
   0.1919447986E+000     0.9999994996E+000     0.5529973608E+002     0.1973497310E+005     0.8934928812E+009     0.3234520157E+015
   0.1900350839E+000     0.9999994996E+000     0.5642257193E+002     0.2075016686E+005     0.9529723623E+009     0.3322521239E+015
   0.1881443674E+000     0.9999994996E+000     0.5756873635E+002     0.2182071464E+005     0.1018692069E+010     0.3422847669E+015
   0.1862724600E+000     0.9999994996E+000     0.5873865622E+002     0.2294931556E+005     0.1091259593E+010     0.3537186385E+015
   0.1844191748E+000     0.9999994996E+000     0.5993277412E+002     0.2413887366E+005     0.1171323196E+010     0.3667348801E+015
   0.1825843264E+000     0.9999994995E+000     0.6115155168E+002     0.2539250617E+005     0.1259572167E+010     0.3815278518E+015
   0.1807677316E+000     0.9999994995E+000     0.6239547365E+002     0.2671355690E+005     0.1356736721E+010     0.3983057604E+015
   0.1789692089E+000     0.9999994995E+000     0.6366505474E+002     0.2810563004E+005     0.1463587414E+010     0.4172911091E+015
   0.1771885784E+000     0.9999994995E+000     0.6496085335E+002     0.2957234750E+005     0.1580609207E+010     0.4384215466E+015
   0.1754256622E+000     0.9999994995E+000     0.6628350358E+002     0.3111848373E+005     0.1708915306E+010     0.4621889780E+015
   0.1736802842E+000     0.9999994995E+000     0.6763351787E+002     0.3274783611E+005     0.1849657120E+010     0.4891157755E+015
   0.1719522699E+000     0.9999994995E+000     0.6901109192E+002     0.3446164833E+005     0.2003789367E+010     0.5195428079E+015
   0.1702414467E+000     0.9999994995E+000     0.7041672967E+002     0.3626366870E+005     0.2172329692E+010     0.5538432416E+015
   0.1685476437E+000     0.9999994994E+000     0.7185094308E+002     0.3815714301E+005     0.2355683492E+010     0.5918113611E+015
   0.1668706916E+000     0.9999994994E+000     0.7331424373E+002     0.4014580660E+005     0.2554709981E+010     0.6336532601E+015
   0.1652104229E+000     0.9999994994E+000     0.7480717632E+002     0.4224758818E+005     0.2775146097E+010     0.6813866716E+015
   0.1635666717E+000     0.9999994994E+000     0.7633023117E+002     0.4445989217E+005     0.3016463644E+010     0.7353683859E+015
   0.1619392738E+000     0.9999994994E+000     0.7788391875E+002     0.4678891467E+005     0.3280970093E+010     0.7969178881E+015
   0.1603280666E+000     0.9999994994E+000     0.7946874822E+002     0.4924115465E+005     0.3571077655E+010     0.8673965413E+015
   0.1587328891E+000     0.9999994994E+000     0.8108522786E+002     0.5182377173E+005     0.3889546731E+010     0.9482932415E+015
   0.1571535822E+000     0.9999994994E+000     0.8273387833E+002     0.5455835769E+005     0.4250213436E+010     0.1048826436E+016
   0.1555899878E+000     0.9999994994E+000     0.8441520012E+002     0.5745093054E+005     0.4657632266E+010     0.1173966909E+016
   0.1540419500E+000     0.9999994994E+000     0.8612969398E+002     0.6050727806E+005     0.5113682643E+010     0.1324392667E+016
   0.1525093139E+000     0.9999994994E+000     0.8787785927E+002     0.6373436393E+005     0.5621667718E+010     0.1502000810E+016
   0.1509919266E+000     0.9999994994E+000     0.8966019390E+002     0.6713975805E+005     0.6185880803E+010     0.1709557631E+016
   0.1494896363E+000     0.9999994994E+000     0.9147719524E+002     0.7073135586E+005     0.6811369131E+010     0.1950500182E+016
   0.1480022931E+000     0.9999994994E+000     0.9332936162E+002     0.7451729271E+005     0.7503820409E+010     0.2228841037E+016
   0.1465297481E+000     0.9999994994E+000     0.9521719366E+002     0.7850596886E+005     0.8269513804E+010     0.2549129302E+016
   0.1450718543E+000     0.9999994994E+000     0.9714119575E+002     0.8270758465E+005     0.9116597956E+010     0.2917521554E+016
   0.1436284660E+000     0.9999994994E+000     0.9910187098E+002     0.8713009398E+005     0.1005147026E+011     0.3338761323E+016
   0.1421994388E+000     0.9999994994E+000     0.1010997208E+003     0.9178185038E+005     0.1108106851E+011     0.3818114411E+016
   0.1407846298E+000     0.9999994994E+000     0.1031352427E+003     0.9667240044E+005     0.1221358264E+011     0.4361972124E+016
   0.1393838977E+000     0.9999994994E+000     0.1052089298E+003     0.1018115980E+006     0.1345768519E+011     0.4977222396E+016
   0.1379971024E+000     0.9999994994E+000     0.1073212820E+003     0.1072129728E+006     0.1482549037E+011     0.5673743712E+016
   0.1366241052E+000     0.9999994994E+000     0.1094728279E+003     0.1128891766E+006     0.1632841679E+011     0.6460925272E+016
   0.1352647685E+000     0.9999994994E+000     0.1116687240E+003     0.1188822163E+006     0.1797598480E+011     0.7346559377E+016
   0.1339189556E+000     0.9999994993E+000     0.1139169797E+003     0.1252597665E+006     0.1978015022E+011     0.8340472705E+016
   0.1325865328E+000     0.9999994993E+000     0.1162099896E+003     0.1319829134E+006     0.2175292360E+011     0.9453144442E+016
   0.1312673670E+000     0.9999994993E+000     0.1185488547E+003     0.1390735213E+006     0.2390722087E+011     0.1069570748E+017
   0.1299613177E+000     0.9999994993E+000     0.1209462262E+003     0.1465819846E+006     0.2625652350E+011     0.1207994277E+017
   0.1286682582E+000     0.9999994993E+000     0.1233976565E+003     0.1544976541E+006     0.2881441358E+011     0.1361827034E+017
   0.1273880633E+000     0.9999994992E+000     0.1258984678E+003     0.1628197656E+006     0.3159526147E+011     0.1532374251E+017
   0.1261206050E+000     0.9999994992E+000     0.1284495803E+003     0.1715657767E+006     0.3461408670E+011     0.1721001100E+017
   0.1248657567E+000     0.9999994991E+000     0.1310519629E+003     0.1807545067E+006     0.3788641303E+011     0.1929128411E+017
   0.1236233928E+000     0.9999994991E+000     0.1337066247E+003     0.1904058226E+006     0.4142820031E+011     0.2158227763E+017
   0.1223933893E+000     0.9999994990E+000     0.1364146090E+003     0.2005403189E+006     0.4525576327E+011     0.2409815557E+017
   0.1211756231E+000     0.9999994988E+000     0.1391769882E+003     0.2111789209E+006     0.4938567009E+011     0.2685445750E+017
   0.1199699725E+000     0.9999994987E+000     0.1419948599E+003     0.2223423747E+006     0.5383461505E+011     0.2986700901E+017
   0.1187763170E+000     0.9999994985E+000     0.1448693425E+003     0.2340506377E+006     0.5861926245E+011     0.3315181135E+017
   0.1175945373E+000     0.9999994983E+000     0.1478015711E+003     0.2463222356E+006     0.6375606391E+011     0.3672490671E+017
   0.1164245152E+000     0.9999994980E+000     0.1507926954E+003     0.2591736978E+006     0.6926105599E+011     0.4060221676E+017
   0.1152661337E+000     0.9999994976E+000     0.1538438793E+003     0.2726191922E+006     0.7514964696E+011     0.4479935272E+017
   0.1141192772E+000     0.9999994972E+000     0.1569563041E+003     0.2866704357E+006     0.8143639860E+011     0.4933139711E+017
   0.1129838300E+000     0.9999994968E+000     0.1601396127E+003     0.3013982818E+006     0.8813518085E+011     0.5421266095E+017
   0.1118596791E+000     0.9999994962E+000     0.1633915683E+003     0.3167928502E+006     0.9525818540E+011     0.5945640954E+017
   0.1107467125E+000     0.9999994956E+000     0.1667108815E+003     0.3328431897E+006     0.1028159517E+012     0.6507456793E+017
   0.1096448187E+000     0.9999994948E+000     0.1700987341E+003     0.3495532646E+006     0.1108172418E+012     0.7107741082E+017
   0.1085538878E+000     0.9999994939E+000     0.1735563296E+003     0.3669252787E+006     0.1192686290E+012     0.7747323407E+017
   0.1074738105E+000     0.9999994929E+000     0.1770848878E+003     0.3849594868E+006     0.1281741458E+012     0.8426801475E+017
   0.1064044791E+000     0.9999994917E+000     0.1806856388E+003     0.4036538968E+006     0.1375349151E+012     0.9146506363E+017
   0.1053457866E+000     0.9999994904E+000     0.1843598164E+003     0.4230039242E+006     0.1473487772E+012     0.9906467350E+017
   0.1042976271E+000     0.9999994888E+000     0.1881086536E+003     0.4430020475E+006     0.1576099230E+012     0.1070637668E+018
   0.1032598959E+000     0.9999994871E+000     0.1919333771E+003     0.4636375043E+006     0.1683085428E+012     0.1154555463E+018
   0.1022324894E+000     0.9999994851E+000     0.1958352050E+003     0.4848960518E+006     0.1794305019E+012     0.1242291543E+018
   0.1012153047E+000     0.9999994828E+000     0.1998153433E+003     0.5067598085E+006     0.1909570516E+012     0.1333693449E+018
   0.1002082403E+000     0.9999994803E+000     0.2038749855E+003     0.5292071832E+006     0.2028645844E+012     0.1428561803E+018
   0.9921119550E-001     0.9999994774E+000     0.2080153116E+003     0.5522128900E+006     0.2151244436E+012     0.1526647598E+018
   0.9822407064E-001     0.9999994742E+000     0.2122374897E+003     0.5757480325E+006     0.2277027936E+012     0.1627649969E+018
   0.9724676708E-001     0.9999994705E+000     0.2165426790E+003     0.5997802212E+006     0.2405605551E+012     0.1731214599E+018
   0.9627918714E-001     0.9999994665E+000     0.2209333909E+003     0.6243009883E+006     0.2536538513E+012     0.1836933019E+018
   0.9532123410E-001     0.9999994620E+000     0.2254124575E+003     0.6493095516E+006     0.2669340132E+012     0.1944342922E+018
   0.9437281225E-001     0.9999994570E+000     0.2299793598E+003     0.6747327225E+006     0.2803461626E+012     0.2052929096E+018
   0.9343382679E-001     0.9999994515E+000     0.2346356173E+003     0.7005333617E+006     0.2938310072E+012     0.2162125885E+018
   0.9250418389E-001     0.9999994454E+000     0.2393828448E+003     0.7266719479E+006     0.3073244538E+012     0.2271321270E+018
   0.9158379062E-001     0.9999994388E+000     0.2442225221E+003     0.7530902099E+006     0.3207571887E+012     0.2379862899E+018
   0.9067255495E-001     0.9999994314E+000     0.2491562801E+003     0.7797184430E+006     0.3340556649E+012     0.2487066322E+018
   0.8977038499E-001     0.9999994234E+000     0.2541941618E+003     0.8065506101E+006     0.3471438573E+012     0.2592222865E+018
   0.8887719166E-001     0.9999994146E+000     0.2593268116E+003     0.8334382669E+006     0.3599419308E+012     0.2694606559E+018
   0.8799288574E-001     0.9999994051E+000     0.2645548795E+003     0.8602955030E+006     0.3723682423E+012     0.2793482487E+018
   0.8711737895E-001     0.9999993947E+000     0.2698789652E+003     0.8870318289E+006     0.3843401017E+012     0.2888115545E+018
   0.8625058376E-001     0.9999993835E+000     0.2753007658E+003     0.9135622055E+006     0.3957751475E+012     0.2977779284E+018
   0.8539241214E-001     0.9999993714E+000     0.2808363788E+003     0.9399019608E+006     0.4065932467E+012     0.3061764380E+018
   0.8454277908E-001     0.9999993583E+000     0.2864797133E+003     0.9659134447E+006     0.4167163814E+012     0.3139386395E+018
   0.8370159961E-001     0.9999993443E+000     0.2922330142E+003     0.9915214761E+006     0.4260711787E+012     0.3209993227E+018
   0.8286878962E-001     0.9999993294E+000     0.2980985566E+003     0.1016658586E+007     0.4345897596E+012     0.3272972265E+018
   0.8204426581E-001     0.9999993134E+000     0.3040786247E+003     0.1041266503E+007     0.4422108182E+012     0.3327758037E+018
   0.8122794576E-001     0.9999992965E+000     0.3101754919E+003     0.1065297390E+007     0.4488807341E+012     0.3373841068E+018
   0.8041974783E-001     0.9999992785E+000     0.3163914012E+003     0.1088714996E+007     0.4545548215E+012     0.3410778714E+018
   0.7961959122E-001     0.9999992595E+000     0.3227285479E+003     0.1111495901E+007     0.4591988089E+012     0.3438208654E+018
   0.7882739406E-001     0.9999992395E+000     0.3292091115E+003     0.1133770541E+007     0.4627913485E+012     0.3455865620E+018
   0.7804307674E-001     0.9999992185E+000     0.3358405841E+003     0.1155584100E+007     0.4653247487E+012     0.3463601481E+018
   0.7726656297E-001     0.9999991965E+000     0.3426033234E+003     0.1176801251E+007     0.4668066616E+012     0.3461408926E+018
   0.7649777510E-001     0.9999991736E+000     0.3494996899E+003     0.1197463901E+007     0.4672651444E+012     0.3449448170E+018
   0.7573663628E-001     0.9999991498E+000     0.3565321007E+003     0.1217637968E+007     0.4667504031E+012     0.3428074548E+018
   0.7498307040E-001     0.9999991251E+000     0.3637029918E+003     0.1237413059E+007     0.4653371417E+012     0.3397864781E+018
   0.7423700213E-001     0.9999990997E+000     0.3710147666E+003     0.1256900578E+007     0.4631261501E+012     0.3359637736E+018
   0.7349835688E-001     0.9999990736E+000     0.3784697248E+003     0.1276229112E+007     0.4602444961E+012     0.3314464146E+018
   0.7276706079E-001     0.9999990469E+000     0.3860699601E+003     0.1295535778E+007     0.4568435951E+012     0.3263658768E+018
   0.7204304074E-001     0.9999990196E+000     0.3938311894E+003     0.1315747728E+007     0.4531318268E+012     0.3208767505E+018
   0.7132622433E-001     0.9999989919E+000     0.4017604942E+003     0.1337451185E+007     0.4493324816E+012     0.3151515580E+018
   0.7061653991E-001     0.9999989639E+000     0.4098516868E+003     0.1360410491E+007     0.4456271879E+012     0.3093667619E+018
   0.6991391653E-001     0.9999989356E+000     0.4181078724E+003     0.1384789441E+007     0.4421888535E+012     0.3036903562E+018
   0.6921828393E-001     0.9999989072E+000     0.4265316275E+003     0.1410625666E+007     0.4391567485E+012     0.2982739185E+018
   0.6852957229E-001     0.9999988788E+000     0.4351494157E+003     0.1438502646E+007     0.4366665026E+012     0.2932486297E+018
   0.6784771294E-001     0.9999988505E+000     0.4439484756E+003     0.1468191774E+007     0.4348054168E+012     0.2887150573E+018
   0.6717263776E-001     0.9999988224E+000     0.4529289922E+003     0.1499678158E+007     0.4336271032E+012     0.2847406088E+018
   0.6650427924E-001     0.9999987944E+000     0.4620941346E+003     0.1532977938E+007     0.4331521533E+012     0.2813610466E+018
   0.6584257057E-001     0.9999987668E+000     0.4714471540E+003     0.1568085895E+007     0.4333730305E+012     0.2785851788E+018
   0.6518744559E-001     0.9999987396E+000     0.4809913728E+003     0.1604982504E+007     0.4342616539E+012     0.2764012809E+018
   0.6453883881E-001     0.9999987127E+000     0.4907301745E+003     0.1643641030E+007     0.4357769287E+012     0.2747836842E+018
   0.6389668537E-001     0.9999986864E+000     0.5006669917E+003     0.1684033335E+007     0.4378710843E+012     0.2736984902E+018
   0.6326092108E-001     0.9999986605E+000     0.5108052939E+003     0.1726133910E+007     0.4404943713E+012     0.2731079515E+018
   0.6263148237E-001     0.9999986352E+000     0.5211485754E+003     0.1769922211E+007     0.4435981668E+012     0.2729735047E+018
   0.6200830633E-001     0.9999986105E+000     0.5317003436E+003     0.1815383644E+007     0.4471367870E+012     0.2732576763E+018
   0.6139133064E-001     0.9999985863E+000     0.5424641105E+003     0.1862509610E+007     0.4510683721E+012     0.2739251563E+018
   0.6078049364E-001     0.9999985627E+000     0.5534433861E+003     0.1911296966E+007     0.4553551675E+012     0.2749433143E+018
   0.6017573425E-001     0.9999985397E+000     0.5646416765E+003     0.1961747184E+007     0.4599634485E+012     0.2762823727E+018
   0.5957699202E-001     0.9999985173E+000     0.5760624872E+003     0.2013865429E+007     0.4648632656E+012     0.2779153896E+018
   0.5898420709E-001     0.9999984955E+000     0.5877093314E+003     0.2067659754E+007     0.4700281253E+012     0.2798181540E+018
   0.5839732021E-001     0.9999984744E+000     0.5995857468E+003     0.2123140644E+007     0.4754346934E+012     0.2819690560E+018
   0.5781627271E-001     0.9999984539E+000     0.6116953210E+003     0.2180321286E+007     0.4810625940E+012     0.2843489732E+018
   0.5724100650E-001     0.9999984339E+000     0.6240417293E+003     0.2239219137E+007     0.4868943943E+012     0.2869412016E+018
   0.5667146408E-001     0.9999984146E+000     0.6366287908E+003     0.2299859778E+007     0.4929159046E+012     0.2897314539E+018
   0.5610758821E-001     0.9999983959E+000     0.6495056537E+003     0.2366570559E+007     0.4996855012E+012     0.2928016973E+018
   0.5554932253E-001     0.9999983779E+000     0.6626606873E+003     0.2436695423E+007     0.5069325688E+012     0.2961584714E+018
   0.5499661151E-001     0.9999983604E+000     0.6760742769E+003     0.2509939671E+007     0.5146972986E+012     0.2998148789E+018
   0.5444939992E-001     0.9999983435E+000     0.6897494412E+003     0.2586531079E+007     0.5230364924E+012     0.3037640173E+018
   0.5390763308E-001     0.9999983273E+000     0.7036884126E+003     0.2666382684E+007     0.5318724313E+012     0.3079377859E+018
   0.5337125686E-001     0.9999983116E+000     0.7178921795E+003     0.2748885807E+007     0.5409557730E+012     0.3122451431E+018
   0.5284021767E-001     0.9999982966E+000     0.7323626381E+003     0.2834016489E+007     0.5502894097E+012     0.3167043387E+018
   0.5231446243E-001     0.9999982822E+000     0.7471015545E+003     0.2921767338E+007     0.5598834240E+012     0.3213354260E+018
   0.5179393863E-001     0.9999982685E+000     0.7621105621E+003     0.3012129313E+007     0.5697475320E+012     0.3261575723E+018
   0.5127859427E-001     0.9999982555E+000     0.7773912050E+003     0.3105091949E+007     0.5798909078E+012     0.3311891785E+018
   0.5076837784E-001     0.9999982432E+000     0.7929449963E+003     0.3200645122E+007     0.5903224770E+012     0.3364481292E+018
   0.5026323820E-001     0.9999982315E+000     0.8087882198E+003     0.3299070030E+007     0.6010559233E+012     0.3419521746E+018
   0.4976312387E-001     0.9999982206E+000     0.8250074222E+003     0.3402047378E+007     0.6121281088E+012     0.3477196505E+018
