   0.2606047801E-001
   0.2606047858E-001
   0.2606047943E-001
   0.2606048071E-001
   0.2606048263E-001
   0.2606048552E-001
   0.2606048985E-001
   0.2606049633E-001
   0.2606050607E-001
   0.2606052067E-001
   0.2606054257E-001
   0.2606057541E-001
   0.2606062468E-001
   0.2606069857E-001
   0.2606080939E-001
   0.2606097556E-001
   0.2606122472E-001
   0.2606159821E-001
   0.2606215791E-001
   0.2606299627E-001
   0.2606425110E-001
   0.2606612733E-001
   0.2606892824E-001
   0.2607309983E-001
   0.2607929201E-001
   0.2608626815E-001
   0.2609428531E-001
   0.2610381285E-001
   0.2611531056E-001
   0.2612928604E-001
   0.2614631950E-001
   0.2616708738E-001
   0.2619234530E-001
   0.2622294927E-001
   0.2625984303E-001
   0.2630403688E-001
   0.2635657083E-001
   0.2641846061E-001
   0.2649062031E-001
   0.2657375970E-001
   0.2666832549E-001
   0.2677453675E-001
   0.2689124041E-001
   0.2701673476E-001
   0.2714821125E-001
   0.2727434565E-001
   0.2738691967E-001
   0.2748809337E-001
   0.2757758702E-001
   0.2765450040E-001
   0.2771863560E-001
   0.2777203460E-001
   0.2782108213E-001
   0.2788319632E-001
   0.2798217288E-001
   0.2815559190E-001
   0.2846670803E-001
   0.2874235036E-001
   0.2884096972E-001
   0.2874604285E-001
   0.2844581465E-001
   0.2794706821E-001
   0.2729987844E-001
   0.2659761932E-001
   0.2587693322E-001
   0.2516985671E-001
   0.2449865090E-001
   0.2386836631E-001
   0.2326043387E-001
   0.2263045302E-001
   0.2191320688E-001
   0.2104759214E-001
   0.2043537158E-001
   0.2109167744E-001
   0.2115769984E-001
   0.2093440653E-001
   0.2094690837E-001
   0.2192501241E-001
   0.2282650056E-001
   0.2313480982E-001
   0.2311465468E-001
   0.2294939496E-001
   0.2276032169E-001
   0.2259509490E-001
   0.2240554991E-001
   0.2207074510E-001
   0.2144235672E-001
   0.2062679758E-001
   0.2088649723E-001
   0.2049830293E-001
   0.2015879243E-001
   0.2085159525E-001
   0.2179791619E-001
   0.2201422213E-001
   0.2188174930E-001
   0.2167586988E-001
   0.2151678238E-001
   0.2139339432E-001
   0.2118547494E-001
   0.2071888584E-001
   0.2035240402E-001
   0.2093111107E-001
   0.2083341519E-001
   0.2056078940E-001
   0.2112239048E-001
   0.2214185744E-001
   0.2235376773E-001
   0.2215128496E-001
   0.2186286897E-001
   0.2165740846E-001
   0.2148709339E-001
   0.2119281877E-001
   0.2058896294E-001
   0.2076925754E-001
   0.2105557414E-001
   0.2080504088E-001
   0.2068345565E-001
   0.2169739929E-001
   0.2234599308E-001
   0.2236159315E-001
   0.2208833839E-001
   0.2179967865E-001
   0.2158995446E-001
   0.2134489709E-001
   0.2084145677E-001
   0.2052697400E-001
   0.2102364693E-001
   0.2090398983E-001
   0.2065459696E-001
   0.2133254829E-001
   0.2224952689E-001
   0.2239985953E-001
   0.2217477440E-001
   0.2187518268E-001
   0.2165216144E-001
   0.2142107355E-001
   0.2091752559E-001
   0.2052380341E-001
   0.2103241167E-001
   0.2088027589E-001
   0.2066071867E-001
   0.2149587955E-001
   0.2230027797E-001
   0.2239544516E-001
   0.2214504369E-001
   0.2184805546E-001
   0.2163099483E-001
   0.2138196894E-001
   0.2082534416E-001
   0.2070644599E-001
   0.2105360564E-001
   0.2074921139E-001
   0.2081230377E-001
   0.2205331706E-001
   0.2248015693E-001
   0.2235714062E-001
   0.2203985363E-001
   0.2176723346E-001
   0.2155178657E-001
   0.2118230205E-001
   0.2036999385E-001
   0.2097809650E-001
   0.2091607978E-001
   0.2065506229E-001
   0.2184271202E-001
   0.2242370258E-001
   0.2218197856E-001
   0.2177518593E-001
   0.2149943311E-001
   0.2109585781E-001
   0.2029718496E-001
   0.2107678178E-001
   0.2065167555E-001
   0.2083341970E-001
