   0.3010417550E-001
   0.3010417612E-001
   0.3010417704E-001
   0.3010417844E-001
   0.3010418053E-001
   0.3010418366E-001
   0.3010418837E-001
   0.3010419542E-001
   0.3010420601E-001
   0.3010422188E-001
   0.3010424569E-001
   0.3010428140E-001
   0.3010433497E-001
   0.3010441530E-001
   0.3010453578E-001
   0.3010471645E-001
   0.3010498734E-001
   0.3010539339E-001
   0.3010600188E-001
   0.3010691325E-001
   0.3010827730E-001
   0.3011031661E-001
   0.3011336056E-001
   0.3011789311E-001
   0.3012461851E-001
   0.3013219219E-001
   0.3014089175E-001
   0.3015122456E-001
   0.3016368498E-001
   0.3017881739E-001
   0.3019724000E-001
   0.3021965971E-001
   0.3024687725E-001
   0.3027978095E-001
   0.3031933253E-001
   0.3036652346E-001
   0.3042234958E-001
   0.3048766736E-001
   0.3056812421E-001
   0.3066230472E-001
   0.3076797251E-001
   0.3088399981E-001
   0.3100788259E-001
   0.3113512538E-001
   0.3125862111E-001
   0.3136183488E-001
   0.3153560914E-001
   0.3170352495E-001
   0.3186179311E-001
   0.3198771071E-001
   0.3206832850E-001
   0.3208673680E-001
   0.3202095112E-001
   0.3184462314E-001
   0.3153360850E-001
   0.3158698048E-001
   0.3227302527E-001
   0.3170836359E-001
   0.3085620150E-001
   0.2982572983E-001
   0.2863618524E-001
   0.2732910223E-001
   0.2601525323E-001
   0.2504362764E-001
   0.2444373978E-001
   0.2416925728E-001
   0.2423643126E-001
   0.2482045482E-001
   0.2580095607E-001
   0.2756334981E-001
   0.2966282367E-001
   0.3197600787E-001
   0.3381115622E-001
   0.3496361505E-001
   0.3547018482E-001
   0.3513771185E-001
   0.3410883321E-001
   0.3566524346E-001
   0.3273596533E-001
   0.3014998613E-001
   0.2840605988E-001
   0.2697597760E-001
   0.2693831239E-001
   0.2810956908E-001
   0.2941671239E-001
   0.3093806867E-001
   0.3284980476E-001
   0.3462139964E-001
   0.3552456866E-001
   0.3564511656E-001
   0.3455468144E-001
   0.3548263956E-001
   0.3270581834E-001
   0.2974826249E-001
   0.2790317412E-001
   0.2674648325E-001
   0.2724498696E-001
   0.2863468088E-001
   0.3018475557E-001
   0.3224183447E-001
   0.3435725963E-001
   0.3545031472E-001
   0.3578896948E-001
   0.3476467269E-001
   0.3533849052E-001
   0.3309266093E-001
   0.2997676191E-001
   0.2792952185E-001
   0.2676972756E-001
   0.2753765431E-001
   0.2901232224E-001
   0.3075665234E-001
   0.3296925783E-001
   0.3482745572E-001
   0.3570079052E-001
   0.3559005554E-001
   0.3433610354E-001
   0.3535263289E-001
   0.3177253292E-001
   0.2920148069E-001
   0.2726489921E-001
   0.2678944471E-001
   0.2829488975E-001
   0.2998149806E-001
   0.3218328907E-001
   0.3439676187E-001
   0.3547647317E-001
   0.3576189406E-001
   0.3465920456E-001
   0.3549619120E-001
   0.3273688043E-001
   0.2974285126E-001
   0.2772273358E-001
   0.2672573839E-001
   0.2788187850E-001
   0.2961729193E-001
   0.3196637008E-001
   0.3437958498E-001
   0.3548623129E-001
   0.3572336918E-001
   0.3453053598E-001
   0.3567100581E-001
   0.3232633606E-001
   0.2949934352E-001
   0.2750917534E-001
   0.2672510965E-001
   0.2806840986E-001
   0.2983031760E-001
   0.3226236232E-001
   0.3467049287E-001
   0.3573167521E-001
   0.3537377164E-001
   0.3450604481E-001
   0.3429912658E-001
   0.3074124615E-001
   0.2850014532E-001
   0.2679665037E-001
   0.2717715671E-001
   0.2884915150E-001
   0.3092366047E-001
   0.3358211377E-001
   0.3533746482E-001
   0.3578345140E-001
   0.3445226584E-001
   0.3493137966E-001
   0.3061388262E-001
   0.2789679509E-001
   0.2672631456E-001
   0.2851416311E-001
   0.3093811511E-001
   0.3408918662E-001
   0.3567738962E-001
   0.3492212316E-001
   0.3461548713E-001
