0.011300577050346854
0.010399011410180549
0.010784658661994207
0.010302650521098609
0.010432680333738654
0.010615713613094007
0.011182029357912775
0.011031818501684392
0.010864446893148885
0.010754521085408818
0.01056789396395567
0.010196056711990439
0.010453287453525115
0.010519197069031525
0.010399024313084261
0.010325056816824442
0.010529319516757951
0.010977673908564427
0.011175651908257101
0.011232623454006309
0.01120798443005912
0.011146101604755921
0.011073476625133966
0.011004731917899916
0.010946724684000871
0.010899760488408242
0.010859886237395111
0.010820789960053433
0.01077530108342117
0.010716515761321785
0.010638590009750587
0.010537249037819805
0.010410069212879602
0.010256574528086907
0.010177998984208273
0.01035885304151624
0.010465804776194543
0.010510725108652915
0.010506912132264705
0.010503611125928531
0.010472408194490199
0.010426635378310734
0.010379127505265819
0.010341974955877005
0.010326305970468368
0.010342101102440437
0.01039803785809326
0.010501364354074533
0.01065780346820247
0.010842453249990626
0.01096594829276128
0.011061531111242135
0.011132967132819612
0.011183733154722457
0.011217012590569168
0.01123569828342887
0.011242396600276514
0.011239435968534965
0.011228875777247526
0.011212521073575666
0.011191933611410567
0.011168448847582781
0.011143190358741348
0.011117085527976108
0.011090882774712738
0.011065166704259444
0.01104037465815707
0.011016811261692315
0.010995022787428801
0.010974998202030739
0.010956410915680831
0.010939183907803969
0.010923175355282592
0.010908189956665478
0.010893989500707309
0.010880302252129109
0.010866832173075776
0.01085326677494621
0.010839284419916193
0.010824560952250218
0.01080877567195511
0.010791616109819824
0.010772783089778293
0.010751994196380808
0.010728987323823387
0.010703523651756672
0.010675389750600485
0.010644399488670731
0.010610395685101437
0.010573250955215122
0.010532868624321975
0.010489182922631964
0.010442159368945705
0.010391794219995787
0.010338114589742455
0.010281177480788951
0.010221069073628965
0.010157903846757391
0.010187928296029164
0.010261295234542417
0.010324458321006758
0.010377896400032515
0.010422109622598626
0.010457617600653491
0.010484956570330505
0.010504677528902027
0.010517343728190562
0.010523528649637699
0.01052381396252486
0.010518787287132349
0.010509040422462068
0.010501717820803353
0.010497288079095172
0.010489283222135104
0.010478305142263831
0.010464950779818944
0.010449810566839515
0.01043346686194849
0.010416492359530708
0.010399449106755863
0.010382886782383903
0.010367341524894016
0.010353334874977067
0.01034137269396786
0.010331943607276475
0.010325518739337486
0.010322550124432546
0.010323470014640786
0.010328690312733018
0.01033860147942071
0.010353571893958217
0.010373947194301611
0.010400049726319693
0.010432178076696105
0.01047060648468801
0.010515584327947351
0.010567335812689734
0.010626059917724095
0.010691929768459658
0.010765092574478533
0.01082630584630615
0.010874803406623725
0.010919409419798137
0.010960305607880166
0.010997669368000059
0.011031673605855025
0.011062486688977581
0.011090272418572468
0.01111518990540766
0.011137393876437888
0.01115703420648576
0.011174256159535238
0.011189200374673419
0.011202002937330964
0.01121279514928264
0.011221703825211232
0.011228851269151189
0.01123435515477989
0.011238328780118718
0.011240881022159645
0.011242116152853494
0.011242134421601274
0.011241031639665226
0.011238899618098406
0.011235825834216603
0.011231893791938263
0.011227183071806153
0.011221769394087443
0.011215724539486506
0.011209116616430323
0.011202010216142692
0.011194466202461258
0.011186542010010804
0.011178291729070674
0.011169766082901005
0.011161012734665517
0.011152076125866068
0.011142997591610849
0.011133815889655332
0.011124566516289172
0.011115282299505433
0.011105993707793312
0.011096728545048805
0.011087511697160641
0.011078365998592287
0.011069312292817879
0.011060368544675892
0.0110515513433537
0.011042874571825541
0.011034350241692983
0.011025989000672518
0.01101779938550694
0.011009787923039846
0.01100195980186701
0.010994318953274249
0.010986867129186267
0.010979718954036712
0.010972862306109629
0.010966185785858557
0.010959686616368184
0.010953360982439226
0.010947203565928097
0.01094120861862463
0.010935368964889058
0.010929677046914279
0.01092412389469276
0.010918700744281749
0.010913396958356908
0.010908202343459975
0.010903105420958454
0.010898094310585917
0.010893157083987961
0.010888281002085958
0.010883452884638723
0.010878659397981796
0.010873887000414209
0.010869121660491156
0.010864349528587367
0.010859556232540356
0.010854727429065405
0.010849848606188203
0.010844905435257169
0.010839883199451384
0.0108347677687338
0.01082954427662758
0.010824198822232919
0.010818716820509878
0.010813084546453324
0.010807287788706627
0.010801312803227667
0.010795146418676023
0.010788774880822215
0.010782185554947232
0.010775365680322502
0.010768302614400439
0.010760984478515279
0.010753399220724337
0.010745535671173423
0.010737382761164947
0.010728929520531711
0.010720165988484784
0.010711082020461999
0.010701668424183124
0.010691915959391339
0.010681816093572669
0.010671360569325584
0.010660541772980444
0.010649352539971874
0.010637785918366
0.010625835873121905
0.01061349622609272
0.010600761774389726
0.010587627770403604
0.010574089869301476
0.01056014390499527
0.010545786720442913
0.010531015460819316
0.01051582759342621
0.010500221156027398
0.01048419483543643
0.01046774780730523
0.010450879497619208
0.010433589875016813
0.010415879756459221
0.010397750004716412
0.010379202109283602
0.010360237989396394
0.01034086044925335
0.01032107194671879
0.010300876189478652
0.010280276863813012
0.010259278605920819
0.010237885619463141
0.010216103546005915
0.010193937726900065
0.010171394363917598
0.010148480100548368
0.0101477066529184
0.010176832163367225
0.010204607741363817
0.01023105310088706
0.010256188398751278
0.010280034478167893
0.010302612272488285
0.010323943083986679
0.010344048466689003
0.010362950795238567
0.010380672048075492
0.010397235343666322
0.010412663623850077
0.010426979834837197
0.010440207854137577
0.010452371370150535
0.010463494541785467
0.010473601789324246
0.01048271745774473
0.0104908662045076
0.01049807334297225
0.010504363722384086
0.010509762657241174
0.010514295756768455
0.010517988445247031
0.010520866976288056
0.010522956745800302
0.010524283838198933
0.010524874422732679
0.01052475493351877
0.010523951289273017
0.010522490120837908
0.010520397587755024
0.010517700480811003
0.010514425097868438
0.010510598142444942
0.010506245877503062
0.01050169405092869
0.010501139530686049
0.010500057808533268
0.010498475983971231
0.01049642119902833
0.010493920365385627
0.010491000443551186
0.010487688287195323
0.010484010907293713
0.010479994576070885
0.01047566639055494
0.010471052667837967
0.010466179733879448
0.01046107428345545
0.010455762116202373
0.010450269407996687
0.010444622152712574
0.01043884581654577
0.010432966226969018
0.010427008904554723
0.01042099895939181
0.010414961519975043
0.010408921525771955
0.010402903566011297
0.010396932181848567
0.01039103169993958
0.010385226053843203
0.010379539192740763
0.01037399472800235
0.010368615966869171
0.010363426155260116
0.010358448134975686
0.010353704404447425
0.010349217388373093
0.010345009347402175
0.010341101965123913
0.010337516744032896
0.010334274968557444
0.01033139772445579
0.010328905554026992
0.01032681907777173
0.010325157919469048
0.010323942104627276
0.010323191151203837
0.010322924039973355
0.010323159571861992
0.010323916317326105
0.010325212393985025
0.01032706535443358
0.010329492914590416
0.010332512229222657
0.010336139844600405
0.010340392414380244
0.010345285730203246
0.01035083550333251
0.010357057230204546
0.010363965895404557
0.010371575882881932
0.010379901388304918
0.010388956382820117
0.010398754226020815
0.010409308054035948
0.010420630486734878
0.010432733999470385
0.010445630206883442
0.010459330905112323
0.010473847005687724
0.010489189376991481
0.010505368143982511
0.010522393547654713
0.010540274788523114
0.010559021095910684
0.010578641291945854
0.010599143643197674
0.01062053578970461
0.010642825586297235
0.010666019956782704
0.01069012552676098
0.010715148469123055
0.010741094825318247
0.010767969857601447
0.010795169575096727
0.010813751811712539
0.010831814396842896
0.010849365418599507
0.010866413360673682
0.010882966769588004
0.010899033409490232
0.010914621733626935
0.010929739734645368
0.010944395631709361
0.010958596977395962
0.010972351903620087
0.01098566827232196
0.010998553617401546
0.01101101584727754
0.01102306211016954
0.011034700451743663
0.011045938023324538
0.011056782279739585
0.011067240395838366
0.011077319919225613
0.011087027623520197
0.011096370919334717
0.011105356460231175
0.011113991353035252
0.011122282728909156
0.011130236907920223
0.011137860870591916
0.011145161266738264
0.011152144489739012
0.01115881730149874
0.011165185898379474
0.011171256667827256
0.011177035941889258
0.011182529867870456
0.011187744605420753
0.011192686266204798
0.011197360624372907
0.011201773769898993
0.011205931590626902
0.011209839720052633
0.011213503756710876
0.011216929491082068
0.011220122204316852
0.011223087849250822
0.011225831428032736
0.011228358199632544
0.011230673892053783
0.011232783144699401
0.011234691399199158
0.011236403660595591
0.01123792501797829
0.011239259845945036
0.011240413509495813
0.011241390718993619
0.011242195978247287
0.011242833869602353
0.011243309277246226
0.01124362637366511
0.011243789746427521
0.011243803595884205
0.01124367224826139
0.01124340005183972
0.011242990963764155
0.011242449397921683
0.011241779135892221
0.011240983996864833
0.011240068066238645
0.011239035323948189
0.011237889042485454
0.011236633540765963
0.011235271965710928
0.011233808093065964
0.011232245300524293
0.011230587375874129
0.011228837305631463
0.011226998713088807
0.011225074656538006
0.011223068349552789
0.011220983025119525
0.011218821856669661
0.011216587724989647
0.011214283698091259
0.011211912496737505
0.011209477337741441
0.0112069807017926
0.01120442531842449
0.011201814198512253
0.011199149629552072
0.011196434338532728
0.011193670893253297
0.011190861732848976
0.011188009285855937
0.011185115879102363
0.011182183666397552
0.011179215219366821
0.011176212761931597
0.0111731781554201
0.011170113570797344
0.011167021034906216
0.01116390292672473
0.011160760923707764
0.011157596825755648
0.011154412652372882
0.011151210407746711
0.011147991550228916
0.011144757744504035
0.011141511148833721
0.011138252936101534
0.011134984864896228
0.011131708557965227
0.011128425238324241
0.011125136790350477
0.011121844253324792
0.011118549305174589
0.011115253144524618
0.011111956782138239
0.01110866195376871
0.01110536961284172
0.01110208109011493
0.01109879737084755
0.011095519605728544
0.011092248684207322
0.011088985851897293
0.011085732172419469
0.011082488348716042
0.01107925546018264
0.011076034260841534
0.011072825507185814
0.011069630316106785
0.011066449302925194
0.011063283089005477
0.011060132618064577
0.011056998282203342
0.011053881133692841
0.011050781180712907
0.011047699506246966
0.011044636474751606
0.011041592770645252
0.011038568612807428
0.011035564557426984
0.011032581109558955
0.011029618522631922
0.01102667738237889
0.011023757906923441
0.011020860409846794
0.011017985214425399
0.01101513266317693
0.011012302835246002
0.011009495948443141
0.011006712407092292
0.011003963187232083
0.011001309921193622
0.0109986792782901
0.01099607128956002
0.0109934862586784
0.010990924067894647
0.010988384878009613
0.0109858685890503
0.010983375031402086
0.010980904631325079
0.0109784570319601
0.010976032242963093
0.010973630131866308
0.010971250697376428
0.010968893853606087
0.010966559255603745
0.010964246945539376
0.010961956504434298
0.010959688118981991
0.010957441237308857
0.010955215807448525
0.010953011449836928
0.010950828143308989
0.010948665313080417
0.010946522921890226
0.010944400505172338
0.010942297833395441
0.010940214669841896
0.01093815050637788
0.010936104965122357
0.010934077900508415
0.010932068670540333
0.010930076937359302
0.010928102490554885
0.010926144699930005
0.01092420326454427
0.010922277748224475
0.01092036756658603
0.010918472342872777
0.010916591527235954
0.010914724818925064
0.01091287155311343
0.010911031379769748
0.010909203863683358
0.010907388088038697
0.010905583883578806
0.01090379066548322
0.010902007809174066
0.01090023477987426
0.01089847119107769
0.010896716201122878
0.010894969371737527
0.010893230298139414
0.010891498251645577
0.010889772564756367
0.010888052752856972
0.010886338136039
0.010884628390398797
0.010882922633106586
0.010881220261398662
0.010879520778472646
0.010877823500694904
0.010876127870456654
0.010874433088349367
0.010872738788702355
0.01087104432155613
0.010869348811535097
0.010867651785654624
0.010865952658908015
0.010864250642661912
0.010862545199512626
0.01086083575068359
0.010859121389934782
0.01085740189077158
0.010855676127016522
0.010853943929509058
0.010852204124782482
0.010850456673887395
0.010848700353305391
0.010846934844208657
0.010845159562531606
0.010843373630593624
0.010841576447034141
0.010839767549241102
0.010837946107496724
0.010836111385976146
0.010834263093736295
0.010832400257847277
0.010830522531516314
0.010828628911131729
0.010826719059771417
0.010824792271906242
0.010822847692993525
0.010820885078771823
0.010818903527806773
0.010816902529622566
0.01081488144952729
0.010812839508146257
0.01081077634561947
0.010808691304749209
0.010806583570667628
0.01080445273810986
0.010802298240062154
0.010800119226073822
0.010797915398498972
0.010795685899714908
0.010793430295685889
0.010791147955984032
0.01078883823723759
0.010786500754579266
0.010784134855435354
0.010781739800069126
0.010779315374116902
0.01077686066270095
0.010774375301134257
0.010771858810331773
0.010769310455562458
0.010766729882109725
0.010764116497200844
0.010761469680225906
0.010758789198447858
0.010756074088831181
0.010753324263920944
0.010750538978390834
0.010747717926001953
0.010744860382455264
0.01074196602988359
0.01073903417440196
0.010736064676235465
0.01073305706002478
0.01073001054071407
0.010726924854773041
0.010723799534424597
0.010720634122901335
0.010717428296010871
0.010714181406218545
0.010710893295723452
0.010707563459413288
0.010704191435146967
0.010700776845748727
0.010697319248399399
0.010693818440328557
0.010690273741698163
0.01068668505434103
0.010683051915365668
0.010679373982853851
0.010675650793705766
0.01067188217257589
0.010668067771320736
0.010664207009917985
0.01066029997794972
0.010656346132220586
0.010652345109010758
0.010648296600705109
0.01064420049641482
0.010640056449687683
0.010635864259087495
0.010631623278800966
0.01062733365378515
0.01062299501859273
0.010618607164414337
0.010614169663007173
0.010609682498344424
0.010605145303135517
0.010600557941415574
0.010595920171002844
0.010591231897444002
0.010586492747358702
0.010581702660498415
0.010576861337539116
0.010571968847839017
0.01056702481258057
0.010562029250115504
0.010556981808487692
0.010551882519686251
0.010546731270445203
0.010541527751897161
0.010536271982991601
0.01053096399409477
0.010525603328906936
0.010520190193342889
0.010514724496143055
0.010509205980065942
0.010503634623640783
0.01049801054625536
0.010492333524127716
0.01048660361062569
0.01048082068728489
0.010474984784714503
0.010469095874020722
0.010463153905663549
0.010457158891389066
0.010451110874266905
0.010445009872237433
0.010438855837800394
0.010432648817712215
0.010426388872642673
0.01042007603040322
0.01041371036031611
0.010407291897164161
0.010400820679040284
0.010394296832278159
0.010387720437902266
0.010381091531700496
0.010374410242606418
0.01036767663549587
0.01036089088178768
0.010354053087314017
0.010347163368181254
0.010340221793065579
0.010333228599760182
0.010326183909390328
0.010319087812807834
0.01031194055896098
0.010304742195143796
0.010297493046899815
0.01029019323716814
0.010282842972029775
0.01027544235681962
0.010267991726104004
0.010260491167127765
0.010252940995513563
0.010245341421267897
0.01023769262148265
0.01022999492272239
0.010222248461181303
0.010214453594964517
0.010206610572156997
0.010198719568880368
0.010190780932778724
0.010182794989779708
0.010174761901377968
0.01016668204906196
0.010158555719025483
0.01015038321109685
0.010142164840233772
0.010139268680694731
0.010149912048302267
0.01016038312565794
0.010170682776377407
0.010180811823008487
0.010190771164182223
0.010200561751019363
0.010210184414668005
0.01021963998023852
0.010228929466225476
0.010238053705214594
0.0102470136903502
0.01025581022818494
0.010264444268487678
0.010272916811691289
0.010281228755503139
0.010289381038158445
0.010297374616488417
0.010305210434535224
0.010312889475554613
0.010320412638724772
0.010327781038811403
0.010334995504089136
0.010342057070880543
0.01034896677140497
0.010355725506782393
0.010362334354965095
0.010368794291510847
0.010375106312723733
0.010381271419781615
0.010387290707249894
0.010393165148652668
0.01039889568062806
0.010404483529761102
0.010409929541407308
0.01041523491269765
0.01042040060712197
0.010425427653323308
0.010430317155499453
0.01043507013306543
0.01043968770769491
0.010444170883176984
0.010448520767450165
0.010452738448270401
0.010456824954054702
0.010460781356139965
0.010464608846883364
0.010468308423071804
0.010471881155371706
0.010475328258625329
0.01047865075332128
0.010481849701074197
0.010484926267767381
0.010487881599306808
0.01049071671391163
0.01049343282208315
0.01049603092962444
0.010498512316483239
0.01050087794214735
0.010503129020639379
0.010505266715059499
0.010507292053107516
0.010509206277649683
0.010511010465158838
0.010512705777575826
0.010514293323265153
0.01051577429738059
0.01051714985837811
0.010518421071921032
0.010519589179492942
0.010520655292484221
0.010521620533605164
0.010522486139346662
0.010523253241041326
0.010523922946332954
0.010524496504868927
0.010524974987688451
0.010525359649621986
0.01052565157398634
0.010525852014610511
0.01052596208766179
0.01052598297401496
0.01052591586379959
0.010525761953540129
0.01052552236627355
0.010525198274604847
0.010524790886370374
0.010524301403600049
0.010523730980188174
0.010523080775889398
0.01052235197067336
0.010521545796322933
0.010520663400772146
0.010519706003888
0.010518674721032533
0.01051757078938578
0.010516395385511782
0.01051514968415331
0.0105138348952172
0.01051245215865468
0.010511002671833428
0.010509487679806789
0.0105079083285059
0.010506265782345882
0.010504561274852733
0.010502795915351375
0.010501683542319883
0.010501494461102419
0.010501237845456571
0.010500914901487263
0.010500526828425553
0.010500074815931893
0.010499560091013493
0.010498983843407316
0.01049834732506344
0.010497651731269826
0.010496898236389282
0.01049608803605907
0.010495222393369195
0.01049430245100721
0.01049332950840983
0.010492304654931117
0.010491229133850897
0.010490104143665118
0.010488930929318886
0.010487710581783967
0.010486444369228787
0.010485133504335166
0.010483779182829056
0.010482382537406312
0.010480944811218017
0.010479467144096838
0.010477950790483978
0.010476396875971001
0.010474806616628371
0.010473181203341333
0.010471521726030933
0.01046982949279119
0.010468105653368939
0.010466351333883447
0.010464567712704707
0.010462755983342559
0.010460917281802233
0.0104590528212609
0.010457163763821919
0.010455251283717963
0.010453316457604285
0.010451360532499907
0.010449384628040265
0.010447389933847556
0.010445377548385896
0.01044334864166265
0.010441304337428884
0.010439245815669934
0.010437174244475347
0.010435090656209359
0.01043299629540071
0.010430892279465453
0.010428779653733431
0.01042665969973395
0.010424533385976927
0.010422401925990898
0.010420266335978043
0.010418127906729973
0.010415987594444296
0.010413846560455627
0.010411705926978324
0.010409566833944513
0.010407430308719457
0.010405297454831977
0.010403169382642203
0.010401047206810086
0.010398932016040226
0.010396824862290375
0.010394726857397582
0.010392639051683023
0.010390562476434089
0.010388498335557158
0.01038644759570561
0.010384411283106394
0.010382390565947287
0.010380386448734348
0.010378399973658253
0.010376432225078598
0.010374484167360034
0.010372556909331063
0.01037065152933187
0.010368768939152635
0.010366910269188777
0.010365076502945119
0.010363268698716756
0.010361487804916705
0.010359734852685869
0.010358010933799166
0.010356316956899338
0.010354653977293559
0.010353022954773371
0.010351424897967743
0.010349860821825606
0.01034833163745378
0.010346838402123026
0.010345382067114146
0.010343963571611993
0.010342583947372997
0.010341244048635385
0.010339944966254636
0.010338687575114918
0.010337472825390749
0.010336301684656629
0.010335175054955983
0.010334093890339409
0.010333059111614806
0.010332071710245212
0.010331132505658728
0.010330242468494148
0.010329402539726928
0.01032861356489905
0.010327876459131663
0.010327192132763239
0.010326561456872396
0.010325985367335816
0.010325464663763956
0.010325000319693077
0.010324593139611276
0.010324244016061437
0.010323953798680455
0.010323723305002553
0.01032355351539052
0.01032344512506503
0.010323399051750632
0.010323416138675037
0.01032349717706562
0.010323643029450205
0.010323854471021502
0.010324132352064289
0.01032447749446536
0.01032489067853967
0.010325372665886992
0.0103259243609052
0.010326546407333695
0.010327239688625305
0.010328004997313515
0.010328843034435911
0.010329754556822566
0.010330740399081493
0.010331801309639756
0.010332937943369118
0.010334151120418142
0.010335441622671748
0.010336810072182961
0.010338257258604775
0.010339783932210786
0.01034139075763587
0.010343078435600095
0.010344847735793722
0.010346699292510034
0.01034863382548176
0.010350651976662018
0.010352754526539443
0.010354942053435798
0.010357215266740718
0.0103595748928172
0.01036202142460878
0.01036455569625827
0.010367178251610406
0.010369889737623102
0.010372690798247156
0.010375582085374317
0.01037856417675954
0.010381637766709749
0.010384803354207673
0.010388061615628906
0.010391413157575044
0.010394858521637275
0.010398398327238167
0.01040203317409098
0.010405763613198964
0.010409590146550329
0.010413513415829424
0.010417533985343208
0.010421652408250593
0.010425869150812622
0.010430184767081976
0.010434599853252088
0.010439114923488589
0.010443730422086607
0.010448446947642033
0.010453264944965603
0.010458184922545001
0.010463207393661855
0.010468332863624497
0.01047356180633232
0.010478894635154034
0.010484331830923463
0.010489873915749145
0.010495521320146632
0.010501274477524294
0.010507133848113278
0.010513099871695256
0.010519172963293131
0.010525353529288359
0.010531642007028608
0.010538038785983856
0.010544544317351256
0.0105511589628262
0.010557883151526108
0.010564717234134385
0.010571661552163929
0.010578716530816611
0.010585882589564975
0.01059315995020436
0.010600549054401727
0.010608050236254609
0.010615663868077439
0.010623390226860777
0.010631229642977962
0.010639182445135757
0.010647248943493158
0.010655429486954205
0.010663724344595327
0.010672133792326568
0.010680658201828104
0.01068929769312942
0.010698052664123908
0.010706923402519398
0.010715910062671507
0.010725012998851265
0.010734232417833169
0.010743568542203628
0.010753021630650129
0.010762591888035272
0.010772279584213087
0.010782084936543026
0.010792008051624629
0.010799539030897018
0.01080615595399908
0.010812706973001355
0.01081919234968897
0.010825612651251171
0.01083196808399564
0.010838259141969394
0.01084448614621222
0.010850649486365072
0.010856749534206225
0.010862786625248021
0.010868761167341333
0.010874673520923214
0.01088052404829603
0.010886313141424528
0.010892041140905091
0.010897708429497707
0.01090331533626593
0.010908862228179177
0.010914349540687294
0.010919777518706899
0.010925146666142443
0.010930457168400408
0.01093570952277124
0.010940903978252037
0.010946041006174741
0.010951120867510513
0.010956143993738897
0.010961110608141802
0.01096602116444498
0.010970876024399145
0.010975675450339057
0.010980419898529012
0.010985109639796608
0.010989744970177497
0.010994326382648866
0.010998854099960178
0.011003328494181218
0.011007749869095248
0.011012118698877138
0.01101643513239637
0.011020699674344164
0.011024912540203827
0.011029074152958996
0.011033184773872438
0.011037244751813308
0.011041254459294342
0.011045214167197445
0.011049124253467131
0.011052985054833254
0.011056796810146331
0.011060559946497347
0.011064274732543629
0.01106794151547658
0.01107156063142242
0.0110751323163476
0.011078656996466698
0.011082134953811343
0.011085566463593797
0.011088951843278547
0.011092291503842465
0.011095585664725944
0.011098834648244281
0.011102038816183133
0.011105198432665307
0.01110831381479409
0.011111385265938321
0.011114413149490745
0.011117397680868436
0.011120339242749551
0.011123238061021555
0.011126094518515314
0.011128908819374318
0.011131681386329927
0.011134412438135488
0.011137102276787388
0.011139751229271645
0.011142359510690501
0.011144927588900172
0.011147455550988243
0.011149943817409072
0.011152392605708194
0.011154802258044973
0.011157173097314683
0.011159505298979754
0.011161799226318617
0.011164055127279767
0.011166273332705654
0.011168454084992698
0.01117059768036639
0.011172704396594726
0.011174774463743379
0.011176808243909585
0.011178806003470034
0.011180767956612044
0.011182694388909781
0.011184585626864064
0.011186441910521394
0.011188263512664616
0.011190050677803333
0.011191803708660828
0.011193522829598694
0.011195208411414569
0.011196860602625251
0.01119847969722314
0.011200066011049423
0.01120161971704991
0.0112031411207908
0.011204630478316858
0.011206088072756587
0.01120751411574712
0.01120890893587127
0.011210272712916304
0.011211605706963154
0.011212908218009745
0.011214180436178596
0.011215422689894465
0.011216635123833496
0.011217818058766042
0.011218971711081039
0.011220096367429794
0.011221192246975664
0.011222259553928455
0.01122329862063826
0.011224309575258575
0.011225292772912945
0.011226248352785467
0.011227176627486601
0.011228077804488269
0.011228952042863035
0.011229799628305757
0.011230620855581096
0.011231416004062139
0.011232185061358403
0.01123292847765317
0.011233646470506793
0.011234339113758691
0.011235006718464936
0.011235649568777055
0.011236267773191365
0.011236861668668132
0.011237431392114047
0.011237977252255475
0.01123849951811042
0.011238998079889526
0.011239473621640149
0.011239925918573899
0.011240355355353525
0.01124076227257335
0.011241146820859823
0.011241509166305204
0.011241849467939694
0.01124216795688913
0.011242465096091777
0.011242740737405226
0.011242995225575099
0.011243228679231007
0.011243441458508288
0.011243633770818074
0.011243805598534154
0.011243957391960147
0.0112440892982841
0.01124420136332045
0.011244293891042138
0.011244367036209563
0.011244421101484532
0.011244456270747058
0.011244472679354536
0.011244470284141965
0.01124444975733029
0.011244410955245813
0.011244354160120661
0.011244279565411538
0.011244187304542096
0.011244077581094846
0.011243950666090187
0.011243806623222429
0.011243645731221835
0.011243468091357789
0.01124327401177058
0.011243063588755455
0.011242836785712206
0.011242594220073164
0.011242335734311392
0.011242061641695458
0.011241772131438788
0.011241467208751712
0.011241147258701421
0.011240812339164583
0.011240462631884707
0.011240098308583092
0.011239719526304133
0.01123932643314903
0.011238919406189795
0.011238498310712488
0.01123806341915825
0.011237614984421544
0.011237153012275979
0.011236677738960147
0.011236189404993874
0.011235688157461727
0.011235173912554016
0.01123464724034456
0.011234107955786297
0.011233556283659234
0.011232992401661701
0.011232416524258843
0.011231828840346165
0.011231229278472294
0.011230618312236705
0.011229995883897833
0.011229362009985826
0.011228717130743677
0.011228061221955512
0.01122739447258374
0.011226716946503838
0.011226028980242395
0.011225330656267142
0.011224621966287877
0.01122390308831905
0.011223174328432665
0.011222435648033916
0.011221687193616397
0.011220929242274013
0.01122016187136446
0.011219385164043633
0.011218599261798056
0.01121780439213498
0.011217000589495811
0.011216188034591125
0.011215366749122583
0.011214537107626045
0.011213698980240005
0.011212852616609262
0.011211998111886856
0.011211135577236341
0.011210265262047646
0.011209387107380696
0.011208501316545931
0.011207608129261628
0.011206707438483305
0.011205799534571466
0.011204884440276052
0.01120396241345598
0.011203033338629076
0.011202097573916025
0.011201155218873536
0.011200206127580773
0.011199250796449433
0.011198288917732986
0.011197321011484228
0.011196346962215522
0.01119536682070684
0.01119438090182552
0.011193389259653234
0.011192391746621457
0.011191388871820489
0.011190380518553885
0.011189366821636076
0.011188347841082892
0.011187323752710927
0.011186294617418631
0.011185260606763562
0.011184221738817925
0.011183178153458784
0.011182130013791971
0.01118107726337821
0.011180020154291419
0.011178958598951565
0.011177892967347938
0.011176823123883975
0.011175749359781781
0.011174671639022776
0.011173589951679472
0.011172504588083311
0.011171415492476152
0.011170322999472463
0.011169226845680192
0.011168127407462128
0.011167024676032542
0.011165918852590127
0.011164809664960937
0.011163697616030407
0.011162582572861
0.011161464720899116
0.011160343925071948
0.011159220640348352
0.011158094601613313
0.011156966146229741
0.011155835231536878
0.011154701930253
0.011153566372921381
0.01115242853253337
0.011151288579474537
0.011150146709235684
0.011149002664417155
0.011147856890425537
0.011146709382821543
0.0111455599204924
0.011144408889671081
0.011143256341525753
0.01114210218045921
0.011140946573962912
0.011139789666714974
0.011138631353321679
0.011137472030465868
0.011136311353466063
0.011135149615898975
0.011133986806965054
0.011132823102669854
0.011131658472268042
0.011130493095340683
0.011129326973542691
0.011128160022707625
0.01112699244052169
0.011125824380579701
0.011124655827142936
0.011123486835990985
0.011122317393788737
0.011121147716775562
0.011119977715955643
0.011118807516458837
0.01111763719215344
0.011116466775489763
0.011115296433710174
0.01111412600552771
0.011112955694158612
0.011111785504076311
0.011110615582268689
0.011109445919901527
0.01110827652180077
0.011107107416159627
0.011105938872802862
0.011104770639628484
0.011103603011360026
0.011102435981694983
0.011101269528057093
0.011100103725220436
0.011098938693158459
0.011097774293042331
0.011096610822994249
0.011095448122928328
0.011094286456111083
0.011093125609582715
0.011091965837205599
0.011090807159908563
0.01108964940849292
0.011088492973050331
0.011087337542333072
0.011086183416486182
0.011085030541945064
0.011083878971302908
0.011082728772116556
0.011081579779153576
0.011080432378366815
0.011079286339841265
0.011078141745241368
0.011076998807697696
0.011075857350496682
0.011074717557268961
0.011073579434657468
0.011072442944947908
0.011071308097484732
0.011070175075955228
0.011069043881112184
0.011067914366538667
0.011066786791508
0.01106566113613495
0.011064537289152111
0.011063415469110133
0.011062295615550066
0.011061177786329259
0.01106006190933648
0.011058948121255718
0.011057836496479404
0.011056726970555092
0.01105561951920015
0.011054514195276439
0.011053411276360942
0.011052310484753813
0.011051211964525404
0.01105011566936913
0.011049021789450173
0.011047930122527637
0.011046840909452654
0.011045753980099788
0.011044669366696966
0.011043587339717786
0.011042507733987026
0.011041430713019018
0.011040355995753731
0.011039283757072426
0.011038214237577787
0.011037147179522356
0.011036082607306829
0.011035020708204491
0.01103396137012985
0.01103290464572724
0.011031850633477404
0.011030799262377248
0.011029750484282907
0.011028704397932373
0.01102766123937619
0.01102662047015233
0.011025582683335406
0.011024547547571772
0.01102351513577355
0.0110224856581507
0.01102145889571309
0.011020434951237569
0.011019413735568095
0.011018395502110314
0.01101737988617384
0.011016367351354292
0.011015357591419967
0.011014350663899095
0.011013346549028408
0.011012345408820835
0.011011347232628274
0.01101035187461309
0.011009359576647297
0.011008370042498153
0.011007383466282997
0.011006399866863975
0.011005419320616232
0.011004456023713813
0.011003510963879033
0.011002568764277527
0.01100162940488651
0.011000692832552759
0.010999759113494295
0.010998828369853
0.010997900426736595
0.010996975300963904
0.010996053164822418
0.010995133718642344
0.010994217324606741
0.010993303764579947
0.010992392975507375
0.010991485258775842
0.010990580319650313
0.0109896782483175
0.010988779126082896
0.010987882806363036
0.010986989422562201
0.010986098949114679
0.01098521127536805
0.010984326708623371
0.010983444768302887
0.0109825658522326
0.010981689752843946
0.01098081657627897
0.010979946274286778
0.010979078912580873
0.010978214217944619
0.010977352622542931
0.01097649367957735
0.010975637759872701
0.010974784719018034
0.010973934399348927
0.010973086935167228
0.010972242391480053
0.010971400563572646
0.01097056161879006
0.010969725556398248
0.010968892330900475
0.010968061850305764
0.01096723415374221
0.010966409397188933
0.01096558732307211
0.010964767916567161
0.010963951483374612
0.010963137653356863
0.010962326691365714
0.010961518477533442
0.010960712979229426
0.010959910154240826
0.010959110199718397
0.010958312759300811
0.010957518103553717
0.010956726178300243
0.010955936838890096
0.010955150282916822
0.01095436632717682
0.010953585068966753
0.010952806353817053
0.010952030359680759
0.01095125681747198
0.010950485976209859
0.010949717824304307
0.010948952021498686
0.010948188986415728
0.01094742838114346
0.010946670302691112
0.010945914698851386
0.0109451617031402
0.010944411104671776
0.010943663050356182
0.01094291755172795
0.010942174263602939
0.010941433654872431
0.010940695264163657
0.010939959341482133
0.010939225879508147
0.010938494655209135
0.010937765928735249
0.010937039421841818
0.010936315234705549
0.010935593452586942
0.01093487381660947
0.010934156586770114
0.010933441563828085
0.01093272872654583
0.01093201819244244
0.010931309758227642
0.010930603568090164
0.01092989944737826
0.010929197625212158
0.010928497814107277
0.010927800085737077
0.010927104542806779
0.010926411044459029
0.010925719551938906
0.010925030132409879
0.010924342653691294
0.010923657294650144
0.010922973750099216
0.010922292296390888
0.010921612704618104
0.010920934922569923
0.01092025918026725
0.01091958521150024
0.010918913119742064
0.010918242980064705
0.010917574455111646
0.01091690785365254
0.010916242951913247
0.010915579752072593
0.010914918327922477
0.010914258597793075
0.010913600448771833
0.010912944028716337
0.010912289273157173
0.010911636061895122
0.010910984461170845
0.010910334330295207
0.010909685871537143
0.010909038964938268
0.010908393330570233
0.010907749365399143
0.010907106692379041
0.01090646561841299
0.010905825834420312
0.010905187540625007
0.010904550383196796
0.010903914657549932
0.010903280333994573
0.010902647167427157
0.010902015272557653
0.010901384640531477
0.010900755047247107
0.01090012690962993
0.01089949971521149
0.010898873690145208
0.010898248864904854
0.010897624942997662
0.010897002258716735
0.010896380517224183
0.010895759746903915
0.010895139963589468
0.010894521236949513
0.010893903368594448
0.010893286292470565
0.010892670293360714
0.010892055059957146
0.0108914406641312
0.010890826949126086
0.010890214040503976
0.010889602009726891
0.01088899055205337
0.010888379833853571
0.010887769751044468
0.010887160399286985
0.01088655150191193
0.010885943306511268
0.010885335699605965
0.010884728444004963
0.010884121857826034
0.010883515691276073
0.010882910001799802
0.010882304702595174
0.010881699806421943
0.01088109533058882
0.01088049107646333
0.01087988725010837
0.010879283537687075
0.010878680259159878
0.01087807722169008
0.010877474163806085
0.010876871506189961
0.010876268890737853
0.010875666372712499
0.010875064069980497
0.010874461627603773
0.010873859344203577
0.010873257127305271
0.01087265478282801
0.010872052357941938
0.010871449931474772
0.010870847451292805
0.01087024473122188
0.01086964182974193
0.010869038872246939
0.010868435561461512
0.010867832027049922
0.010867228312239529
0.010866624132348984
0.010866019728571286
0.010865414939086002
0.010864809758056026
0.010864204074539913
0.010863598060442469
0.01086299152542609
0.010862384523289945
0.010861776961487738
0.010861168725525942
0.010860560006376103
0.010859950647673897
0.010859340758766503
0.010858730014997599
0.010858118596045352
0.010857506398589607
0.010856893568785364
0.010856279887973481
0.010855665370616151
0.010855050030938215
0.010854433761684941
0.01085381664054357
0.01085319857732562
0.010852579494570644
0.01085195936076309
0.010851338357353411
0.010850716127091728
0.010850092934416229
0.010849468687711132
0.010848843130728805
0.01084821643486552
0.010847588700416737
0.010846959628085458
0.010846329169067819
0.010845697618196275
0.010845064696695892
0.010844430426505694
0.010843794717536454
0.010843157639788157
0.010842519208998895
0.010841879229456767
0.010841237850731305
0.010840594871552771
0.010839950409735403
0.010839304446332852
0.010838656765565013
0.01083800743522704
0.010837356508081425
0.010836703776969272
0.010836049425172379
0.010835393246715595
0.010834735375378874
0.010834075751924348
0.010833414206192242
0.010832750875965724
0.010832085581327052
0.010831418428229454
0.010830749185755766
0.010830078094071827
0.01082940497428972
0.010828729914590097
0.010828052632055418
0.01082737332340912
0.010826691894974264
0.010826008397929809
0.010825322549965771
0.010824634674397782
0.010823944540609044
0.01082325202162932
0.01082255730940191
0.010821860318108426
0.010821160915351674
0.010820459271767403
0.010819755009567465
0.010819048415465028
0.010818339476276686
0.010817627942543801
0.010816913956403816
0.010816197349995843
0.010815478261901636
0.010814756561700667
0.010814032243596476
0.010813305324225782
0.010812575559881106
0.010811843208312149
0.010811108134131463
0.010810370364312963
0.01080962961149131
0.010808886305201888
0.010808140034172083
0.010807390800959276
0.010806638740975375
0.010805883757643395
0.0108051258562757
0.010804364971282222
0.010803601213914256
0.010802834186212472
0.010802064250578123
0.010801291314301388
0.010800515123969855
0.010799735763973776
0.01079895339137204
0.010798167683973499
0.010797378879961251
0.010796586704859374
0.010795791354254415
0.01079499279815524
0.010794190813024332
0.010793385417884433
0.01079257680671064
0.01079176469318964
0.010790949130950066
0.010790130259848882
0.010789307878013901
0.010788481885867555
0.010787652443111594
0.010786819490943466
0.010785982933763774
0.01078514265787215
0.010784298907347329
0.01078345143474513
0.010782600371993387
0.010781745485719776
0.01078088691790886
0.01078002467210498
0.010779158537715805
0.010778288775180396
0.0107774149806601
0.010776537394690594
0.010775655989123226
0.010774770715735802
0.01077388147100171
0.010772988265838458
0.010772091072569125
0.010771189944925817
0.010770284844879066
0.010769375540412126
0.010768462175256614
0.01076754482937909
0.010766623351378587
0.010765697764636812
0.010764767953471593
0.010763833903686452
0.010762895842525435
0.010761953314138142
0.0107610066371703
0.010760055749836238
0.01075910045773414
0.010758140939095837
0.01075717695937143
0.010756208652343292
0.010755236025964886
0.01075425888500722
0.010753277498261158
0.01075229144772133
0.010751301044090231
0.010750306033293196
0.010749306528238156
0.010748302532078511
0.01074729389350971
0.010746280655030865
0.010745262885173275
0.010744240369762282
0.010743213388024522
0.010742181490534766
0.010741145074357878
0.010740103822978256
0.01073905801665676
0.01073800731034603
0.010736951845325837
0.010735891504517136
0.010734826387504155
0.010733756454331507
0.010732681643661706
0.010731601951337166
0.010730517432576952
0.010729427940248972
0.010728333433088492
0.010727233985693285
0.010726129693573413
0.010725020167070626
0.010723905802588848
0.010722786391046209
0.010721661754758959
0.0107205320954794
0.010719397393073739
0.010718257606451138
0.010717112579627009
0.010715962464853165
0.01071480720763622
0.010713646647575362
0.010712480901480281
0.010711309887755885
0.010710133681991212
0.010708952321588461
0.010707765487578144
0.010706573451351903
0.010705375935453872
0.010704173275511437
0.01070296516397436
0.010701751607359629
0.010700532815308883
0.010699308507672391
0.010698078797617592
0.0106968436010728
0.010695603135703197
0.010694356884947536
0.010693105344161614
0.010691848186244819
0.010690585591669502
0.01068931738605718
0.010688043680019677
0.010686764332506735
0.010685479418276104
0.010684188854835764
0.010682892634703005
0.010681590816941686
0.010680283461563795
0.010678970255761266
0.010677651490095795
0.010676326913152215
0.010674996633297773
0.010673660644309127
0.010672318956907316
0.010670971409506088
0.010669618159695887
0.010668259084901223
0.010666894080056836
0.010665523399419802
0.010664146852666697
0.010662764411129202
0.01066137613924252
0.010659982032074324
0.010658581924133608
0.010657175878677701
0.010655764094807393
0.010654346279134336
0.010652922420288107
0.010651492720448812
0.010650057036304368
0.010648615230244428
0.010647167575036186
0.010645713952157765
0.010644254171436173
0.01064278835637027
0.010641316585290815
0.01063983869176413
0.01063835473087175
0.010636864626860754
0.010635368441349822
0.010633866179066268
0.010632357806053172
0.010630843169895293
0.010629322552645969
0.010627795725550431
0.010626262750522957
0.010624723562719787
0.010623178115838117
0.010621626486919826
0.010620068646390006
0.010618504714640887
0.010616934469315909
0.010615357880462372
0.010613775146910693
0.010612186115538524
0.01061059086618621
0.010608989234097834
0.010607381418526343
0.01060576730150444
0.010604146706125766
0.010602519842421344
0.010600886720222693
0.010599247243043423
0.010597601404855144
0.010595949264434754
0.01059429054899049
0.010592625682683942
0.010590954264515732
0.010589276518861844
0.010587592425261484
0.010585901882419726
0.010584204895564971
0.010582501479021086
0.01058079168448713
0.010579075386258132
0.010577352666939396
0.010575623571996064
0.01057388796451316
0.010572145776111562
0.010570397209354536
0.010568642195770445
0.01056688052623468
0.010565112415126535
0.01056333794997849
0.010561556749544483
0.010559769244485246
0.010557975103633543
0.010556174384120402
0.010554367150137509
0.010552553512538122
0.010550733291325389
0.010548906270816961
0.010547072979099192
0.010545232960428686
0.010543386439339586
0.010541533375156138
0.010539673632117127
0.010537807331776086
0.010535934467599917
0.010534055041244297
0.010532168946832652
0.010530276383712933
0.010528377012227594
0.010526471136845449
0.010524558664621136
0.010522639519506249
0.010520713785140266
0.010518781431100585
0.010516842480276761
0.010514896764514994
0.010512944606131154
0.010510985591950255
0.010509020054489534
0.010507047879977202
0.01050506912907391
0.010503083584631355
0.010501091453242002
0.010499092673535305
0.010497087219365755
0.010495075140414182
0.010493056369447756
0.010491030880443281
0.01048899874991668
0.010486960004456494
0.010484914542144643
0.010482862402866342
0.010480803594370149
0.010478738111731742
0.010476666060926138
0.010474587308110166
0.010472501729754216
0.010470409592452221
0.010468310798791843
0.010466205347714936
0.010464093077315191
0.010461974177644037
0.010459848662519271
0.010457716549206362
0.010455577602310438
0.01045343208065234
0.01045127984296416
0.010449120845783071
0.010446955270027236
0.010444783048581522
0.010442604056202271
0.010440418435989989
0.010438226173559932
0.010436027276523001
0.01043382170945459
0.010431609481156586
0.010429390361529175
0.010427164744924694
0.010424932549030395
0.010422693653450249
0.010420447988596088
0.010418195913037227
0.010415936906125857
0.010413671438839258
0.0104113993065662
0.010409120444600966
0.010406834982774739
0.01040454278335964
0.01040224404966247
0.010399938791501055
0.010397626782959989
0.010395308114617181
0.010392982876962616
0.01039065100869231
0.010388312631628921
0.010385967480636395
0.010383615829985088
0.010381257484024275
0.010378892625616497
0.010376521109273638
0.010374143019658756
0.010371758435217232
0.010369367248708414
0.010366969503317152
0.010364565026670667
0.010362154162798388
0.010359736645863087
0.010357312709264871
0.010354882051244688
0.010352444907047755
0.010350001264474709
0.010347551114356679
0.010345094334159316
0.01034263115851594
0.010340161492663522
0.01033768517456988
0.010335202423512773
0.010332713252866875
0.010330217527711082
0.010327715299122811
0.01032520672095196
0.010322691602479487
0.010320169906094526
0.010317641856756446
0.010315107388311463
0.010312566552159364
0.01031001916170684
0.010307465353330218
0.010304905294439828
0.010302338681966863
0.010299765786065687
0.010297186319296452
0.01029460060851595
0.010292008493020468
0.01028941001660296
0.010286805222122738
0.010284194085200328
0.010281576514501348
0.010278952712982794
0.010276322563774722
0.010273686119817368
0.010271043350446273
0.010268394339466094
0.010265739064623304
0.010263077512545033
0.010260409683038565
0.01025773547085022
0.010255055108558328
0.010252368531554708
0.010249675806856933
0.010246976691821914
0.010244271555806664
0.010241560139414846
0.010238842618739365
0.01023611874996987
0.010233388974659434
0.010230652853742035
0.010227910687991145
0.010225162434024722
0.0102224080273394
0.010219647426989413
0.010216880875766195
0.010214108064809343
0.010211329416818016
0.010208544543168486
0.010205753743824625
0.010202956781315423
0.010200153859899539
0.010197345048004517
0.010194530120781174
0.010191709251550109
0.010188882409526676
0.010186049494540736
0.010183210912616689
0.010180366075632679
0.0101775155108268
0.010174659108031635
0.010171796604753631
0.010168928282066074
0.010166054276022931
0.010163174310797416
0.010160288366137304
0.010157396716792586
0.010154499320458778
0.010151596099889129
0.01014868705316573
0.01014577227040645
0.010142851737053581
0.010139925333880489
0.010136993416592814
0.01013791635744662
0.01014171569826982
0.010145493300619469
0.010149249024233076
0.010152983214839859
0.010156695623739049
0.010160386437174818
0.010164055670724686
0.010167703333770204
0.010171329671279681
0.010174934375631647
0.010178517744771598
0.010182079709753575
0.010185620280916276
0.010189139686004892
0.010192637697834638
0.010196114455560295
0.010199570047113086
0.0102030046399685
0.010206418002303909
0.010209810304123637
0.01021318165280056
0.010216531904481867
0.010219861345502708
0.010223169760957216
0.010226457447057523
0.010229724213909849
0.01023297013759653
0.01023619542178963
0.010239399967443956
0.010242583899358705
0.010245747209907152
0.01024888990647691
0.010252011960299286
0.010255113638280145
0.010258194932746937
0.010261255596946808
0.010264296132789705
0.010267316176916981
0.01027031596350001
0.010273295488995911
0.010276254880284816
0.010279194079293888
0.010282113105227949
0.010285012165360994
0.010287891134187882
0.010290750101257833
0.010293589114659172
0.010296408317499837
0.010299207540988727
0.010301986913340031
0.01030474659040457
0.010307486548496217
0.010310206665824481
0.010312907339252867
0.010315588232795232
0.010318249769661069
0.010320891609605105
0.010323513924759394
0.010326116869998193
0.010328700455431971
0.010331264856080364
0.010333809794454364
0.010336335461547238
0.010338841967258778
0.01034132926524343
0.0103437973321931
0.010346246434063665
0.010348676496169417
0.010351087606127596
0.010353479745923887
0.010355852947440252
0.01035820732722365
0.010360542855376827
0.010362859666689537
0.010365157689561444
0.010367437125850663
0.010369697808019286
0.010371940076596323
0.01037416368688469
0.010376368702980972
0.010378555328922439
0.010380723750776285
0.010382873508803504
0.010385005194097035
0.010387118402689258
0.010389213653877277
0.01039129045427743
0.010393349359252213
0.010395390021099897
0.010397412684398116
0.010399417266931485
0.010401404042147629
0.010403372836608084
0.010405323805557821
0.010407257036401753
0.010409172313197625
0.010411070025117607
0.010412950025381796
0.010414812417020688
0.01041665721857635
0.010418484610497667
0.010420294375672627
0.010422086707289212
0.010423861713952228
0.010425619394520495
0.010427359705902943
0.010429082848804483
0.010430788643866581
0.010432477491002758
0.010434149129385957
0.010435803699903433
0.010437441328127791
0.010439061797703033
0.010440665525630366
0.0104422524355217
0.01044382246134454
0.01044537571881358
0.010446912270301154
0.010448432157196395
0.010449935428381471
0.010451422057697701
0.010452892171741284
0.010454345797789828
0.01045578314399029
0.010457203928859637
0.010458608372096702
0.01045999666160048
0.010461368628272358
0.01046272439771381
0.010464064002586025
0.010465387565155105
0.010466695154957491
0.010467986542872324
0.010469262160115126
0.01047052181664564
0.0104717656459709
0.010472993726291572
0.010474205973643467
0.01047540247769169
0.010476583461612012
0.010477748806407967
0.010478898583806235
0.010480032695310743
0.010481151561150011
0.010482255010872021
0.010483343011354283
0.01048441577145467
0.01048547337103665
0.010486515651180169
0.010487542773613088
0.010488554687372873
0.010489551690799005
0.01049053367177656
0.010491500691376679
0.010492452717012024
0.01049338997535545
0.010494312391596637
0.010495220051800987
0.010496113026752817
0.01049699132083511
0.010497855066921755
0.010498704205255522
0.010499538866723166
0.01050035906784124
0.010501164779743083
0.01050195624477859
0.010502733418614742
0.010503496227290458
0.010504244977721846
0.01050497939836308
0.01050569984737854
0.010506406280227911
0.010507098631406177
0.01050777705260309
0.01050844157092311
0.010509092118217243
0.010509729022949096
0.010510352166656583
0.01051096165948189
0.010511557362527747
0.010512139660871228
0.010512708270574257
0.010513263440084233
0.010513805145397423
0.010514333592773782
0.010514848590331957
0.010515350317633404
0.010515838738200101
0.010516314010056751
0.010516776218665673
0.010517225328997744
0.010517661405876542
0.010518084484195304
0.010518494741305484
0.010518891901314574
0.010519276497196106
0.010519648167622025
0.010520007164317401
0.01052035340670523
0.010520687093568234
0.010521008266788298
0.010521316868843097
0.01052161307346234
0.01052189686708711
0.010522168289350318
0.010522427277679252
0.01052267417863816
0.010522908802260566
0.010523131266359153
0.010523341676421424
0.010523540110474341
0.01052372645777102
0.010523900872946173
0.010524063368567675
0.01052421400582449
0.010524352999043954
0.010524480172896969
0.010524595579067224
0.01052469956543386
0.010524791753996425
0.010524872561891097
0.010524941762521643
0.010524999734090627
0.010525046191392756
0.010525081469031956
0.010525105430083741
0.01052511814771267
0.010525119687421862
0.010525110196761875
0.01052508962706167
0.010525058020215259
0.010525015564286616
0.010524962035350438
0.010524897817773183
0.010524822704016628
0.010524737059629138
0.01052464049974053
0.01052453342446094
0.010524415734680407
0.010524287580122846
0.010524148825138786
0.010523999707812239
0.010523840309398446
0.010523670418620049
0.010523490379403665
0.010523300146710027
0.010523099714312678
0.010522889135865321
0.010522668635002919
0.0105224379773938
0.010522197510975476
0.010521947068870724
0.010521686792018835
0.0105214167261821
0.010521136996738857
0.010520847574699092
0.010520548518196874
0.010520239846098815
0.01051992156594626
0.010519593966431469
0.010519256874406665
0.010518910376043626
0.010518554572665002
0.010518189552906903
0.010517815337435399
0.010517432019705746
0.010517039568720275
0.01051663799851303
0.010516227477741436
0.01051580801992875
0.010515379580379706
0.010514942538144936
0.01051449644124267
0.010514041742147229
0.010513578400659243
0.010513106374380988
0.010512625777141198
0.010512136782326367
0.010511639183635183
0.010511133188424804
0.01051061895299882
0.010510096207357844
0.010509565254073538
0.010509026296012693
0.010508479097417806
0.010507923747871507
0.01050736035095862
0.010506789032333957
0.010506209723459404
0.010505622540763386
0.010505027502581168
0.01050442466901544
0.010503814205961689
0.010503196048138283
0.010502570210583416
0.01050193681149419
0.010501295976159467
0.010500647666678431
0.010500355294211927
0.010500294693227264
0.010500225461403855
0.010500147708001844
0.010500061461360613
0.010499966760964857
0.010499863741275038
0.010499752389019314
0.010499632716401865
0.010499504889511057
0.01049936883957438
0.010499224693243853
0.01049907247215424
0.010498912202124714
0.010498744101032145
0.010498568024714362
0.010498384059643628
0.010498192361518312
0.01049799298275488
0.010497785852911482
0.01049757115902634
0.010497348795035203
0.010497118974751729
0.010496881651331042
0.01049663707693333
0.010496384951330836
0.010496125499383996
0.01049585891952699
0.010495585107653194
0.010495304123673884
0.010495016113817032
0.010494720991992432
0.010494418954301348
0.010494110052845387
0.010493794129288024
0.010493471469178728
0.01049314200529964
0.010492805873316214
0.010492463041313725
0.010492113675351676
0.010491757697020031
0.010491395178763638
0.010491026404936547
0.010490650950013145
0.010490269399816503
0.010489881446649198
0.010489487290904221
0.010489087035463905
0.010488680567639573
0.010488268076313534
0.010487849488567853
0.01048742510393889
0.010486994716450216
0.010486558483418179
0.010486116421535425
0.010485668670747766
0.01048521510088218
0.010484755962478946
0.010484291355409155
0.010483821066353392
0.010483345226736367
0.010482864053991736
0.010482377632731387
0.010481885668372343
0.01048138859084634
0.01048088626430193
0.01048037874672534
0.010479866142482044
0.010479348478187486
0.010478825926225597
0.01047829818530011
0.010477765665816804
0.010477228361937325
0.010476686179928632
0.010476139310122486
0.010475587762234596
0.010475031529253406
0.010474470782535066
0.0104739055507835
0.010473335829651667
0.010472761590965954
0.010472183039201027
0.010471600205856647
0.010471013008388362
0.010470421727130972
0.010469826267534123
0.010469226628734634
0.010468622922313384
0.010468015293413667
0.010467403729640404
0.010466788154863198
0.01046616889236963
0.010465545691099422
0.010464918865812689
0.010464288304679865
0.010463654217766322
0.010463016450134288
0.010462375136290017
0.010461730390833271
0.010461082254714213
0.010460430664816422
0.010459775748763767
0.010459117608911822
0.010458456320726027
0.010457791756460402
0.010457124112320757
0.01045645351249299
0.010455779748825148
0.010455103132486463
0.010454423665505617
0.010453741261882225
0.010453056059363895
0.010452368178855358
0.010451677505784993
0.010450984196380287
0.010450288339181261
0.010449590088765334
0.01044888912491036
0.01044818581744061
0.010447480089592379
0.01044677209050724
0.01044606166479001
0.010445349148574817
0.010444634423585735
0.010443917532108176
0.010443198589835286
0.010442477568923133
0.01044175466639072
0.010441029763034836
0.010440303029194168
0.010439574498742032
0.010438844157211129
0.010438112204961535
0.010437378414828136
0.010436643055616217
0.010435906138537053
0.010435167725065994
0.010434428006962551
0.010433686639478638
0.010432944010291054
0.010432199944353479
0.0104314548024218
0.010430708352685635
0.010429960660006598
0.010429211946475088
0.010428462296025297
0.010427711467195592
0.010426959697323117
0.010426206980345914
0.010425453544904205
0.010424699218907568
0.010423944198050965
0.010423188311583204
0.010422431932218864
0.010421674868058355
0.010420917227149124
0.010420159100707253
0.0104194005649083
0.010418641587215364
0.010417882214311433
0.01041712264582847
0.010416362712568565
0.010415602602884651
0.010414842357734396
0.010414081898702375
0.01041332153472327
0.010412561038698514
0.01041180060648477
0.01041104027566915
0.010410279987275332
0.010409520013415934
0.010408760354665094
0.010408000833293048
0.010407241622461828
0.0104064828959729
0.010405724581370046
0.010404966720237307
0.010404209295877428
0.010403452566808906
0.010402696444717766
0.010401941053128541
0.010401186383062502
0.010400432365266964
0.01039967928727703
0.010398927037212735
0.010398175595110491
0.010397425291375896
0.010396675866840907
0.010395927621702696
0.010395180505834987
0.010394434466280798
0.010393689645712176
0.010392946064714715
0.010392203826098696
0.010391462893467157
0.010390723508146
0.010389985459444933
0.0103892489201075
0.010388513862184858
0.010387780493398568
0.0103870486894926
0.01038631861414374
0.010385590255966979
0.010384863762731856
0.010384138948119358
0.010383416146604114
0.010382695220293942
0.010381976262442515
0.010381259246448714
0.01038054438198457
0.010379831594181922
0.010379121002076707
0.010378412642522603
0.010377706541090272
0.010377002641164396
0.010376301203529118
0.010375601987600276
0.010374905379252428
0.010374211195617235
0.010373519585645575
0.010372830654403779
0.01037214413102628
0.010371460359768696
0.010370779399622521
0.010370101041926458
0.01036942565905019
0.010368753079609988
0.010368083265361431
0.010367416637428978
0.010366752849723727
0.010366092149840463
0.010365434573644042
0.010364780047712545
0.010364128791277934
0.010363480702944503
0.010362835934319909
0.010362194527922967
0.010361556211782433
0.0103609216375613
0.010360290315928923
0.010359662503006876
0.010359038421831645
0.010358417758607212
0.010357800621503228
0.010357187359459103
0.01035657780987127
0.010355972038676655
0.010355369863655428
0.01035477173173462
0.010354177522420103
0.010353587238508703
0.010353000829406916
0.01035241851772798
0.01035184030034577
0.01035126623562186
0.010350696333392436
0.010350130620864
0.010349569183163654
0.010349012089980484
0.010348459215321166
0.010347910864682985
0.010347366793723835
0.010346827338988448
0.010346292382371312
0.01034576186641207
0.010345236137072443
0.010344714879776847
0.010344198541604
0.010343686768074645
0.010343179778321745
0.010342677553652082
0.010342180420017309
0.010341688050183675
0.010341200572616003
0.010340718142152204
0.010340240795990456
0.010339768531757281
0.010339301391213236
0.010338839359424267
0.010338382571797183
0.010337931067165414
0.010337484730578597
0.010337043964680517
0.010336608318695144
0.010336178234851114
0.010335753614834345
0.01033533443451655
0.01033492091197001
0.010334512875361008
0.010334110557376285
0.010333713899034298
0.01033332283760765
0.010332937629518705
0.010332558261536296
0.010332184624142125
0.010331816940172212
0.010331455085872573
0.010331099316053098
0.010330749455364757
0.010330405671731912
0.010330068010711395
0.010329736467109926
0.010329411071432808
0.010329091868933315
0.010328778920057657
0.010328472263600336
0.010328171997454215
0.010327877957106645
0.01032759047533761
0.010327309422642216
0.010327034797238847
0.01032676675222764
0.010326505277621844
0.010326250320775792
0.010326002193917237
0.010325760616897979
0.010325525889875179
0.010325297854026664
0.010325076637284127
0.010324862334557743
0.010324654779204433
0.010324454239841059
0.010324260690402542
0.010324074134499893
0.0103238946248143
0.010323722229034802
0.01032355697834175
0.010323398815447651
0.010323247752824326
0.010323104081912482
0.010322967687951195
0.010322838566990325
0.01032271684101043
0.01032260266558059
0.010322495714523327
0.010322396267453515
0.010322304292857482
0.010322220007262453
0.010322143176013116
0.010322074034124358
0.010322012620971596
0.010321958860110362
0.010321912748008569
0.010321874425786378
0.010321843987164138
0.010321821318756237
0.010321806636150944
0.010321799832793663
0.01032180105217617
0.01032181030316222
0.010321827518473197
0.010321852662541113
0.01032188613961977
0.010321927647586372
0.010321977420536449
0.0103220353658847
0.010322101682172007
0.010322176124385216
0.010322258878258802
0.010322350059454595
0.010322449698449995
0.010322557819508466
0.010322674410334406
0.010322799285290776
0.01032293300452886
0.010323075160496816
0.010323225927098579
0.010323385293783996
0.010323553475409085
0.010323730450819043
0.010323916004167428
0.010324110390950787
0.01032431368246093
0.010324525802559312
0.010324746720141846
0.010324976735488923
0.010325215664745048
0.010325463645576828
0.010325720607924806
0.010325986719916204
0.010326261747745315
0.010326546144186466
0.01032683952122533
0.010327142260032509
0.01032745421914802
0.010327775419310943
0.010328106008142024
0.01032844595112343
0.01032879516124559
0.010329153873934403
0.010329521985319464
0.0103298997108478
0.010330286764643998
0.010330683452153943
0.010331089797136891
0.010331505765628388
0.010331931244638293
0.010332366457477989
0.01033281139352893
0.010333266100181034
0.01033373049978305
0.010334204882203265
0.010334688979947675
0.01033518301878797
0.010335686930791926
0.010336200932840739
0.010336724640995993
0.010337258594905457
0.010337802454007852
0.010338356397390976
0.010338920595827581
0.010339494764306553
0.010340079208314317
0.010340673795131115
0.010341278558437242
0.010341893639997051
0.010342518982376125
0.010343154693337726
0.01034380074798187
0.010344457159841568
0.010345124068995968
0.01034580141548165
0.010346489153566105
0.010347187513863935
0.010347896263235226
0.010348615723014357
0.010349345743351841
0.01035008640988572
0.01035083764156327
0.010351599793304753
0.010352372464537069
0.010353155936752454
0.010353950149494414
0.010354755183658634
0.010355571203041645
0.010356397935080332
0.010357235508146191
0.010358084219619425
0.01035894384467872
0.010359814427900538
0.01036069594503068
0.010361588512457833
0.01036249215997579
0.010363407040634426
0.010364332908480376
0.010365270083280639
0.010366218459541068
0.010367177874436874
0.010368148633715499
0.010369130713707103
0.010370123973984619
0.010371128685032248
0.010372144733992431
0.01037317210388729
0.01037421091649564
0.010375261134238421
0.010376323008725792
0.010377396171903173
0.010378480954636444
0.010379577306618296
0.010380685126691014
0.010381804766904224
0.010382935849490339
0.010384078649025104
0.010385233119600873
0.010386399269269658
0.010387577151883482
0.010388766881721667
0.010389968353412972
0.010391181732960665
0.0103924068654252
0.010393643935775352
0.010394892821272572
0.010396153641828578
0.010397426482921817
0.010398711274971113
0.010400008084738023
0.010401316888736935
0.010402637683674368
0.010403970652951318
0.010405315764276947
0.010406672909575315
0.010408042246681293
0.010409423757112292
0.010410817494634917
0.010412223346759834
0.010413641624415939
0.010415072040683145
0.010416514845955132
0.01041796999811065
0.010419437425635905
0.0104209173073307
0.010422409427622752
0.010423914112820535
0.010425431160234398