0.028065937069829253
0.03541961384364285
0.02682493311056072
0.03261977868003323
0.035816694213465325
0.03548026956183537
0.030322933418779726
0.027296411766978126
0.027138874770974483
0.028998326897845234
0.0310983598833079
0.033524930927347416
0.035135708222538725
0.035785259717675814
0.03557512928261665
0.03458109283254844
0.03511745463774014
0.034580722143114
0.03227557871628696
0.030412712554550327
0.029156963127364335
0.028092540230036152
0.027184803571784086
0.026754712999176183
0.026754154464150106
0.027260364587294736
0.02792434087944748
0.02858499469032653
0.02924680388117796
0.0299395147315431
0.030746247677991088
0.03159610586703484
0.03245989973954751
0.03333386397040991
0.0340986324139119
0.034660940739360095
0.03511336422323321
0.03540415744209732
0.03560077902028881
0.03578263109037449
0.03581046553119875
0.03569499467271189
0.035442143017978704
0.035058035062347524
0.03472876260661196
0.03433580061705608
0.034432906437593086
0.03496774397549332
0.03545638518586978
0.0354729816014286
0.03467017366358071
0.03385631638409726
0.033036664492328005
0.032216902112284417
0.03140183307296292
0.030805042133918003
0.030281577908215982
0.029802442354772512
0.029383018553781295
0.02897940131766327
0.02859307164276549
0.028225231021398515
0.027876771893736246
0.027548261049441494
0.027240168994852824
0.026953538500156086
0.026799878667260534
0.02674910438834083
0.026717048303211484
0.026704679641840607
0.026771669842628742
0.02689588619061573
0.02712219460647498
0.02735328687806193
0.027587671351623027
0.02782384582715833
0.028060303467192547
0.02829554276386126
0.028528143932697786
0.02875667341574811
0.02899107028968396
0.029230514949663382
0.02946414075944242
0.0296907460090133
0.02996638862604038
0.030236186666218936
0.03053492025926742
0.030820084834696476
0.031125312063901477
0.031432924305103534
0.03172355324183512
0.03203292920899573
0.03232740567708764
0.03266414755025488
0.03297742074268459
0.0332698113717819
0.03356930807833922
0.033843249940715525
0.034091646879011006
0.03431453760626998
0.034511988571376814
0.03468409270618078
0.03483913023786618
0.03501087661067817
0.035155569024131805
0.0352734670407046
0.03536484945568507
0.035430013212161486
0.035469272642552285
0.035568720299064924
0.03565550098639587
0.0357220972811609
0.03577060155198293
0.03579989477584258
0.035809960828367716
0.035801164491301475
0.035773873391996516
0.03572845730303
0.03566672151322917
0.03558813241499329
0.035492442753004796
0.035380015939975744
0.035251230708942996
0.03510645999796488
0.0349460810910931
0.03484417033437583
0.034739557636291385
0.034618282768983336
0.034480560024402494
0.03432660611202396
0.03429908026638443
0.03427432233546486
0.034455885881551525
0.034647720205536844
0.034839580611003715
0.03502448703164794
0.03520216714278099
0.03537234145608819
0.03553472444785101
0.035689010838113655
0.03554458915451666
0.03526196211900327
0.03497722177837168
0.034690678229820915
0.03440262941815867
0.03411336163805073
0.033823531486081894
0.033533147417068414
0.03324239012065132
0.03295142035344363
0.0326604693722406
0.03236975746185206
0.032079494892221797
0.03178988322115711
0.03150111166309742
0.031249425447781937
0.031022807117739887
0.03083289745010358
0.03064492788718947
0.030459025854162824
0.030275310523389522
0.030093892481479177
0.029921580288575184
0.029769750102738534
0.029619641875012228
0.02947139064730459
0.02932510753947542
0.029180817591131072
0.029038598021438145
0.02889851996906488
0.02876064755724971
0.02862503916574909
0.02849174683239653
0.028360817062823274
0.02823229063285768
0.02810620289885491
0.02798258398522112
0.02786145936242846
0.027742849298322093
0.027626769678038236
0.027513318960857028
0.027402414857366705
0.027294060021845187
0.027188253692196733
0.027084991300337282
0.026984264950484317
0.02690387835546801
0.02683470137177727
0.02679831068512652
0.026777658648234677
0.026759473870300223
0.026743683810329297
0.026730222162738376
0.026719044712923544
0.026710104473773685
0.026703354351129673
0.0266988575525648
0.026702983917683894
0.02672035110276926
0.026751223493010824
0.02678369189898765
0.02681769340206044
0.026867904571260044
0.02694732944953098
0.02702749478999461
0.027108335938888128
0.027189786863202576
0.02727178144456981
0.027354253373309725
0.027437135414195794
0.02752037720718036
0.027603899736589395
0.027687630551196895
0.02777150209589056
0.027855446998398793
0.027939398105525627
0.02802328823816004
0.028107050079936073
0.028190617156001033
0.028273922957793192
0.02835690074161103
0.02843948481169881
0.028521609787370655
0.028603210316903688
0.02868422814942026
0.028764645933010473
0.028844345343190945
0.02892965140757199
0.029015596215987708
0.029100945272654104
0.02918564256887931
0.029269632852123067
0.029352861555564682
0.029435274562506428
0.029516818528760223
0.029597441204229198
0.029677090509210087
0.029774729158033024
0.02987263363728772
0.029969033370091526
0.030063885846962703
0.030157149160761662
0.030259436497875294
0.030366700189181108
0.030471873318810325
0.03057529645300381
0.030677539190449524
0.030777569003322822
0.03087535544213261
0.03098258529848615
0.03109758480206248
0.031209833754079205
0.03131930999287266
0.03142599153787302
0.03152985751732867
0.031630887964720564
0.031736972317452115
0.03184860352965074
0.03195777175765736
0.03206446101302485
0.0321686591494828
0.03227034921131922
0.03238773763856555
0.03250836521869078
0.03262604742307063
0.03274077658642025
0.03285254597827523
0.03296134938076438
0.03306718075627757
0.033170034968557166
0.03327331656119697
0.03338230151267635
0.033488069958866946
0.03359062098094997
0.0336899544435924
0.03378607041625975
0.03387896942417771
0.03396865263948539
0.03405512150438194
0.03413837821197887
0.03421842484114159
0.0342952644393901
0.03436890030117462
0.03443933598720533
0.03450657575406399
0.03457062406659658
0.03463148578560866
0.03468916628937281
0.03474367132906117
0.03479500692212585
0.034857943225506456
0.03492083515904977
0.034980304762199745
0.03503636287797188
0.03508902069433259
0.0351382896745808
0.035184181619375976
0.03522670864189715
0.03526588311112588
0.03530171767417608
0.03533422547364054
0.03536341956141745
0.03538931368225181
0.035411921526859194
0.03543125723327962
0.03544733513256356
0.0354601698537143
0.03547600422570605
0.03551533465239359
0.0355520594692867
0.03558619373885807
0.035617752854456175
0.035646752105733634
0.03567320695372333
0.03569713299231361
0.035718545790608604
0.03573782108506228
0.03575500594051887
0.0357697109869391
0.03578195243276479
0.03579174630187881
0.03579910890408843
0.03580405631102219
0.03580660480375666
0.035806770778799395
0.03580457053093755
0.03580002049956457
0.03579313714720704
0.035783936918984384
0.03577243640232514
0.03575865204898259
0.03574260048714552
0.035724298245728876
0.0357037620426346
0.03568169339287836
0.03565745275463882
0.03563101377572464
0.03560240569614256
0.03557163360948019
0.035538713660438856
0.035503662689299144
0.035466497601195655
0.03542723524856959
0.03538589246814635
0.035342486144880586
0.035297033018294094
0.035249550182220285
0.035200054304134504
0.03514856233079328
0.03509509116082284
0.035039657608964936
0.03498227841948003
0.034926136013393984
0.034889305369065836
0.0348572606623715
0.03482308703113343
0.034786793929466514
0.0347483907278641
0.034707886815912865
0.03466529197100697
0.034620615655988
0.034573867426255116
0.03452505692493587
0.034474197269318656
0.03442129494460885
0.034366359602328506
0.034309401072806694
0.03430487762074169
0.034299778402470865
0.03429319462191107
0.03428512939612436
0.03427558572110515
0.03431071279875202
0.03437608870510329
0.03444053521448671
0.03450404136510955
0.0345741030261263
0.03464382842433923
0.03471271148357101
0.03478074089449671
0.03484790476136462
0.034914191479049554
0.034979588769919925
0.03504408460140007
0.03510766642265543
0.0351703218094173
0.035232038117321195
0.03529280252316428
0.03535260207058906
0.03541142389536446
0.035469254506988
0.03552608086693988
0.03558188952008208
0.035636666923422176
0.03569039950777188
0.035732201517466346
0.03561761615273462
0.03551783099085589
0.035417742961713294
0.0353173664409585
0.035216716431603026
0.03511580934539905
0.03501465636399146
0.0349132710557065
0.03481166701468533
0.034709857692305106
0.0346078561868019
0.034505675546300615
0.034403328487286215
0.034300827737182675
0.034198185670956
0.03409541454314049
0.03399254153540188
0.03388973060589719
0.03378682329085046
0.03368385286035242
0.03358082042027073
0.03347772537726557
0.033374578986281746
0.033271392063435754
0.033168175271146835
0.03306493920808047
0.03296169421346072
0.03285845050442599
0.03275521793776807
0.032652006505036246
0.03254882597710842
0.03244568573145085
0.03234259515916282
0.032239564638041965
0.03213660252283009
0.03203371710811945
0.0319309172964636
0.0318282116236633
0.03172560839365504
0.03162311588622996
0.03152074220221891
0.03141849554852255
0.03133120564848023
0.031249753728771604
0.03116858062140773
0.031087692945108613
0.031010379503787038
0.030942821875596813
0.03087549869480874
0.03080841564485564
0.030741579058868106
0.030674994284644132
0.030608667545004575
0.030542604277641702
0.030476809628614113
0.030411288895657678
0.030346046896915356
0.030281088812456593
0.030216419409024815
0.030152043404096527
0.03008796532025556
0.030024189717478618
0.02996117408731463
0.029906960706292205
0.029852952118482965
0.02979915295357698
0.02974556803778831
0.029692201698628583
0.029639058605047387
0.02958617389431034
0.029533523938229587
0.029481109498638573
0.029428934580809106
0.029377003118548364
0.029325318777160936
0.029273885216609605
0.02922270607256208
0.029171784837283655
0.029121124820086164
0.029070729133531537
0.02902060112356055
0.028970743707386105
0.0289211598591804
0.028871852348788873
0.0288228239362236
0.028774077421613736
0.028725615074287156
0.028677439512090355
0.028629553028432977
0.02858195786184438
0.028534656276951047
0.028487650245820336
0.028440941759482936
0.02839453275095985
0.028348425096907895
0.02830262041200469
0.028257120284228155
0.028211926473895022
0.028167040196790165
0.0281224630964296
0.028078196224064458
0.028034241091977493
0.027990598519413996
0.027947269803449713
0.027904255999863833
0.02786155790623358
0.027819176301142837
0.027777111957699555
0.027735365867858557
0.027693964442214163
0.0276528878953579
0.027612130788274406
0.02757169346697694
0.027531576209736595
0.027491779470864352
0.027452303393044344
0.02741314815470829
0.027374313800311308
0.02733580050046665
0.02729760801866958
0.027259736517690127
0.027222185775506308
0.027184955504953506
0.027148045568491954
0.027111455559707502
0.027075185236288296
0.027039234032461116
0.027003601590287717
0.026968287219155215
0.026937731564970178
0.02691257656250516
0.026887686939337248
0.026863062358059363
0.026838701908588843
0.026814604850467966
0.026805058675664763
0.02679713382924781
0.02678953030402324
0.026782249245069396
0.02677527303043327
0.026768599933528557
0.026762228311082572
0.02675615633401178
0.02675038214092392
0.026744904136023373
0.02673972006065212
0.026734828309030064
0.026730226622409266
0.026725913234461
0.02672188599590836
0.02671814645944303
0.02671470427427399
0.026711557542167773
0.026708712165304037
0.02670614157441541
0.026703856743814033
0.0267018509510562
0.026700112713484832
0.026698639691601658
0.026697429506885893
0.02669647983239857
0.02670035156189286
0.026704573410831912
0.026709023539148405
0.0267171022549812
0.02672782141222372
0.026738747082669878
0.026749876591622045
0.026761207082681544
0.026772735927614137
0.026784460230411537
0.026796377108389436
0.02680848395067465
0.02682077773060914
0.02683809987051202
0.026856589596390916
0.026881171183976434
0.026909309928606073
0.026937545834095952
0.026965875946836353
0.026994297380586972
0.027022807132180644
0.027051402411100232
0.02708008016696703
0.027108837599539137
0.02713767163171498
0.02716658227048475
0.02719556920785136
0.027224623793065894
0.02725374319275535
0.027282924259501365
0.027312164132958134
0.027341459750092317
0.02737080824036468
0.027400206484740484
0.02742965165102486
0.02745914053805911
0.02748867027156523
0.027518237892658032
0.027547840287247983
0.027577474491499564
0.02760713756320662
0.027636826423305835
0.027666537989766583
0.027696269472996932
0.027726017730828008
0.027755779681662415
0.027785552486689184
0.02781533298140694
0.027845118244954885
0.027874905286463057
0.027904691052362606
0.02793447256778116
0.02796424680880067
0.027994010770410492
0.028023761526994918
0.02805349599813381
0.028083211232950177
0.028112904328805876
0.02814257222425125
0.028172211878852597
0.028201820442526608
0.028231394858115214
0.028260932196912
0.02829042951517491
0.028319883892695213
0.028349292288802317
0.028378651784894997
0.028407959495334905
0.028437212460053447
0.0284664077375137
0.02849554248952574
0.028524613712955765
0.02855361852763363
0.028582554110321578
0.028611417404770165
0.028640205664961026
0.028668916046973268
0.02869754560675952
0.028726091398496086
0.028754550804921418
0.028782920860686085
0.028811198633209106
0.028839402280506417
0.028868631405414028
0.028899319171838914
0.028929941534312338
0.028960495914113975
0.028990979666388098
0.029021390463023503
0.029051725637372083
0.029081982764317376
0.02911215933712007
0.02914225280825897
0.02917226084815314
0.029202180892187114
0.029232010442225936
0.0292617471162384
0.02929138846560249
0.0293209320950354
0.029350375586656346
0.029379716490809057
0.02940895239518038
0.029438081030793473
0.029467100020409025
0.029496006880692333
0.029524799432547884
0.02955347509704299
0.029582031883443292
0.02961046715525056
0.029638778933107877
0.029666964674196473
0.029698669077100243
0.029733965189644385
0.02976907954010083
0.029804010346989058
0.029838755447674142
0.029873313004146463
0.029907681032633797
0.02994185770954345
0.029975841061759118
0.030009629273638684
0.030043220286682312
0.03007661239844712
0.030109803718607234
0.030142792297304145
0.030175576461516623
0.030211094143406073
0.03024970753897993
0.030288062355057085
0.030326157135959975
0.03036399029232532
0.03040156038879733
0.030438865866606792
0.030475905308548237
0.030512677137220195
0.030549179975714616
0.030585837643970357
0.03062227873294252
0.03065844337983932
0.03069433000307555
0.03072993748400771
0.030765264228742793
0.030800309068517256
0.030835070463542003
0.030869547270374272
0.030903738061353242
0.030941746160948417
0.0309831928328365
0.031024296219805195
0.031065055048746924
0.0311054684908455
0.031145535426732002
0.031185255426064123
0.031224628404024297
0.03126365190112873
0.03130232489971166
0.031340646453314976
0.0313786156012714
0.0314162314305672
0.031453493014037284
0.031490399399627576
0.031526949746037466
0.031563143075542
0.031598978565472544
0.03163445534616508
0.03166957259566947
0.03170823801804447
0.03174834129637792
0.03178813624807007
0.0318276222566694
0.03186679855354878
0.03190566436475641
0.0319442190390359
0.03198246183330775
0.032020392049192534
0.032058008992027716
0.03209531197055942
0.03213230036723336
0.03216897344094635
0.03220533062855936
0.032241371215129405
0.03227709459091684
0.03231720755308166
0.03236093492509044
0.032404292693447447
0.032447280500724464
0.032489897946832394
0.03253214474413128
0.03257402050929619
0.032615524941060695
0.032656657709333604
0.032697418471254895
0.03273780695131738
0.03277782283036054
0.0328174658176499
0.032856735665951535
0.032895632060923136
0.03293415473294314
0.032972303456973974
0.033010077938484886
0.03304747797473527
0.03308450333126623
0.0331211537112388
0.03315742898555363
0.03319332889308128
0.03322885324122562
0.033266667961956285
0.033305764924983806
0.03334445703054091
0.03338274427860733
0.033420626584520434
0.033458103903453246
0.03349517619694216
0.033531843448947204
0.03356810566018269
0.033603962767649424
0.03363941482067394
0.033674461771906763
0.03370910365368072
0.03374334049024669
0.0337771723216124
0.033810599143542015
0.03384362099836071
0.033876237975002006
0.03390845008353258
0.03394025735915934
0.03397165995109546
0.03400265788813866
0.0340332512701975
0.034063440178258006
0.034093224676041825
0.0341226049094767
0.03415158100329276
0.03418015301750286
0.034208321107533746
0.034236085419998424
0.03426344608443904
0.0342904032278856
0.03431695701858536
0.03434310759023737
0.034368855164284486
0.03439419981719904
0.034419141830384435
0.034443681343754556
0.034467818540545175
0.034491553594267206
0.03451488678669532
0.034537818235700984
0.03456034824010427
0.03458247697588444
0.0346042046432619
0.03462553157700551
0.03464645791616457
0.03466698396966301
0.034687109990873564
0.034706836204947335
0.03472616288120714
0.03474509029550164
0.03476361879113963
0.034781748553590855
0.034799479935349695
0.03482207092007993
0.03484543240807996
0.034868361498111455
0.0348908586207327
0.03491292428093189
0.034934558938421574
0.03495576307560666
0.0349765371592726
0.03499688170518146
0.035016797190010586
0.03503628409276373
0.03505534295329798
0.035073974264914966
0.03509217852313538
0.03510995627911712
0.035127308045236394
0.03514423431480955
0.0351607356706485
0.035176812634429885
0.03519246574046761
0.035207695538996796
0.03522250260014
0.03523688745868876
0.035250850670614134
0.03526439280240721
0.03527751444975582
0.03529021619713188
0.035302498583616636
0.03531436221253263
0.035325807674462556
0.03533683557271335
0.0353474464749108
0.03535764101696868
0.035367419779924844
0.03537678340053751
0.03538573246182282
0.035394267621314875
0.03540238947170738
0.035410098648949756
0.035417395796206896
0.03542428154321243
0.035430756558013726
0.03543682141636868
0.03544247683002113
0.03544772344411131
0.0354525618741939
0.03545699282239329
0.03546101696119921
0.0354646349313754
0.03546919916248139
0.035483593910026714
0.03549765909694096
0.03551139542473442
0.035524803531619006
0.03553788413290425
0.03555063789090635
0.035563065484066576
0.035575167579831805
0.035586944888280035
0.03559839806385594
0.03560952781722864
0.03562033482405509
0.035630819762553716
0.03564098333427532
0.03565082623626188
0.035660349162384176
0.03566955278151409
0.03567843780528791
0.035687004952581085
0.035695254870700285
0.03570318829313359
0.03571080590758023
0.035718108434437464
0.035725096550422865
0.03573177097367218
0.03573839688023025
0.03574471409908387
0.035750718025630145
0.035756409319915014
0.03576178873091227
0.03576685698141234
0.035771614728789265
0.03577606275687603
0.035780201768882004
0.035784032462211436
0.035787555576591516
0.03579077182872996
0.03579368194892841
0.03579628663663961
0.03579858663449788
0.03580058269048095
0.03580227549323244
0.03580366578678205
0.0358047542847136
0.03580554174304951
0.035806028872510255
0.03580621640437479
0.035806105072611075
0.03580569559917915
0.03580498874542703
0.03580398518975059
0.03580268573069705
0.03580109104184729
0.035799201913205785
0.03579701903907813
0.03579454316361294
0.0357917750418664
0.035788715390166405
0.03578536494225363
0.0357817244731331
0.035777794647003924
0.0357735763007993
0.035769070092996076
0.03576427680247694
0.03575919716363418
0.03575383191048187
0.035748181771093596
0.03574224751496325
0.035736029887710706
0.03572952959640098
0.03572274741006329
0.035715684049844
0.03570834029421787
0.03570071686195625
0.03569293806863305
0.03568501539874017
0.03567681349868161
0.03566833305838239
0.03565957490871123
0.035650539753276235
0.03564122832624559
0.03563164140988056
0.035621782278832094
0.03561165120030714
0.03560124688085659
0.0355905700789403
0.03557962149454722
0.03556840196763252
0.035556912165191495
0.03554515288167989
0.0355331248559557
0.03552082884153686
0.035508265592446436
0.03549543587464691
0.035482340433065494
0.035468980008930916
0.035455355361734775
0.03544146725565683
0.035427316422961395
0.03541290364687785
0.03539822965169455
0.03538329519387393
0.03536810103181411
0.035352647930647636
0.035336936633306816
0.03532096787487894
0.03530474244443112
0.035288261088643545
0.035271524525994295
0.03525453355624483
0.03523728890326884
0.035219791310383296
0.035202041559351555
0.03518404038190761
0.03516578855438309
0.03514728680232425
0.035128535903246175
0.03510953659528177
0.03509028964270533
0.03507079577915054
0.03505105577502309
0.03503107036717141
0.03501084032953776
0.03499036639236631
0.03496964932312838
0.034948689860750025
0.03492819225573549
0.034915415643044234
0.034902381504846904
0.03488909021010023
0.03487793374405857
0.0348665584888065
0.03485491482451361
0.034843003196579465
0.03483082401736216
0.034818377713010336
0.034805664684808654
0.03479268537723288
0.0347794401921951
0.034765929580374756
0.034752153940412686
0.03473811371103429
0.03472380963779428
0.03470924272042548
0.03469441246841036
0.03467931932395616
0.03466396374981888
0.03464834613325652
0.03463246688086391
0.034616326481362494
0.03459992534188639
0.034583263887712566
0.03456634253742714
0.034549161733054765
0.034531721921643686
0.03451402351663618
0.034496066950207085
0.034477852662463816
0.03445938107983326
0.034440652642910956
0.03442166779795002
0.0344024269872284
0.034382930620641884
0.03436317915348993
0.03434317303467494
0.03432291268594963
0.034307232783447786
0.034306067595806004
0.03430471485116109
0.03430317473105765
0.034301447321048784
0.03429953283339319
0.03429743138047268
0.034295143094860064
0.034292668174037186
0.03429000668721961
0.03428715882702518
0.03428412473638146
0.034280904489004636
0.03427749831805629
0.034273906271397044
0.03427209802316891
0.034295586664222354
0.03431896002494244
0.03434221752398991
0.03436535875786407
0.03438838317426166
0.034411290313359134
0.03443407968794807
0.0344567508243816
0.03447930313998939
0.03450173627653574
0.03452617954484621
0.03455121193309665
0.034576140158726495
0.034600963788042775
0.034625682223742585
0.03465029498488949
0.03467480160573694
0.03469920152675605
0.034723494231099265
0.034747679216347666
0.03477175597088718
0.034795723951342936
0.03481958265770634
0.03484333153524122
0.03486697004567926
0.034890497663293524
0.034913913825989296
0.034937218041661215
0.03496040973505906
0.03498348836576639
0.03500645341824701
0.03502930426978716
0.035052040392021734
0.03507466127406827
0.0350971663894041
0.035119555039794095
0.03514182678152337
0.03516398094915445
0.03518601710365634
0.03520793460088604
0.035229732816767716
0.035251411315361324
0.03527296939421535
0.035294406556776084
0.035315722186569365
0.03533691571967927
0.03535798654944199
0.035378934093996534
0.03539975775482139
0.03542045701223229
0.035441031215640593
0.03546147979041022
0.03548180211328074
0.03550199759716669
0.03552206568227803
0.03554200570728761
0.03556181714314169
0.03558149931678883
0.035601051724602234
0.035620473651782926
0.035639764487353544
0.035658923742780624
0.03567795070645063
0.035696844774390245
0.03571560536539185
0.035734231815051073
0.035708202346961045
0.03566662153765699
0.035626025283497155
0.03559066632918652
0.03555526789836849
0.035519830598363625
0.0354843552402174
0.03544884346036864
0.035413294817607036
0.03537770992972542
0.035342089451793936
0.03530643400820405
0.03527074421899327
0.03523502075250379
0.03519926421085924
0.03516347522760743
0.03512765443442223
0.035091802468294256
0.035055919962070727
0.035020007467474634
0.034984065604599705
0.03494809506694733
0.03491209635135153
0.034876070156566734
0.03484001699012808
0.0348039375144735
0.03476783232563753
0.03473170196865188
0.0346955470705869
0.03465936818969833
0.034623165893619155
0.03458694081445618
0.03455069350753328
0.03451442454183645
0.03447813447336148
0.03444182387752459
0.03440549334373385
0.03436914339227088
0.03433277466343726
0.0342963875446129
0.034259982777280866
0.0342235607581726
0.03418712217927685
0.03415066744775214
0.03411419717090837
0.034077711895302724
0.034041212165875676
0.03400469844916424
0.033968171340702666
0.03393164954525039
0.03389516169982366
0.03385866168485688
0.03382215463394251
0.033785643500582205
0.03374912172403427
0.03371258966403838
0.033676048031780884
0.033639497165825226
0.0336029376562532
0.03356636994313538
0.03352979458298648
0.03349321200087271
0.033456622789897306
0.03342002730989504
0.03338342617851625
0.033346819800333834
0.033310208654054124
0.03327359328791231
0.03323697409528572
0.033200351583990116
0.03316372622439518
0.033127098511044374
0.03309046884371192
0.03305383769167539
0.03301720561194068
0.03298057293046296
0.032943940236921314
0.03290730783274481
0.032870676266435285
0.03283404597706598
0.03279741738564256
0.0327607909331246
0.03272416707293158
0.03268754621515947
0.03265092882167205
0.032614315293321
0.03257770644841431
0.03254110260831988
0.03250450386571028
0.032467910729372974
0.03243132359968072
0.03239474287385605
0.03235816895534161
0.03232160226377774
0.03228504323797536
0.03224849219102424
0.0322119496201526
0.03217541587885128
0.03213889143110103
0.03210237650467055
0.03206587171815246
0.03202937730310777
0.03199289368868719
0.03195642127783598
0.03191996044578639
0.031883511577634034
0.03184707498393748
0.03181065109537227
0.03177424031889891
0.031737843025207386
0.03170145946929171
0.03166509016395153
0.03162873536248211
0.03159239543118983
0.03155607083687396
0.03151976178845673
0.0314834687619509
0.031447192031902035
0.03141093200235573
0.03137773243181211
0.03134874526991154
0.031319792158863775
0.031290873430953124
0.03126198936393523
0.031233140215275335
0.03120432630554918
0.031175548026457327
0.031146805510721038
0.031118099170141463
0.031089429299231305
0.031060796104145496
0.031032199883282367
0.031007350446104965
0.030983356529122874
0.030959391601521738
0.03093545591382785
0.030911549943116203
0.0308876737252264
0.03086382762515033
0.030840011899487395
0.030816226853813234
0.03079247284012373
0.030768750051367224
0.030745058718025835
0.03072139904445352
0.03069777137752446
0.03067417584808179
0.03065061278631679
0.03062708238257152
0.030603584955418317
0.030580120646627074
0.03055668978444033
0.030533292563570333
0.030509929241440907
0.030486600148709127
0.030463305278847146
0.03044004510545763
0.030416819666324937
0.030393629327123813
0.030370474239006635
0.030347354702770283
0.03032427082296454
0.03030122291061339
0.030278211139744615
0.030255235727882634
0.03023229686993013
0.030209394867010107
0.030186529807548868
0.0301637019464961
0.030140911495461886
0.030118158668574837
0.030095443611457346
0.030072766608898828
0.030050127753184375
0.03002752729411854
0.030004965477813342
0.02998244236279021
0.02996074853821013
0.029941489789649813
0.029922256366175168
0.029903048595002542
0.02988386651058528
0.02986471053650153
0.029845580725688613
0.029826477399048385
0.02980740074355317
0.02978835098151338
0.02976932822437475
0.029750332813110805
0.029731364804821563
0.029712424553672196
0.02969351219556806
0.02967462782324296
0.029655782716662086
0.029636967342558468
0.029618180589636733
0.0295994226368451
0.029580693754074194
0.029561993963893723
0.029543323532637326
0.02952468269831009
0.029506071519378944
0.02948749030506682
0.029468939154207348
0.029450418306776114
0.02943192783562458
0.029413468024951307
0.029395038976911234
0.02937664093416722
0.029358273940206906
0.02933993821531408
0.02932163399376674
0.029303361361511876
0.02928512046659083
0.029266911496985966
0.029248734647248732
0.029230589988964294
0.029212477779429362
0.029194398113421036
0.02917635111782962
0.029158336996114427
0.029140355777699915
0.029122407775523714
0.029104493044108646
0.02908661169605396
0.029068763929479356
0.029050949875789316
0.029033169628968153
0.029015423402709864
0.028997711258955283
0.028980033355431416
0.028962389821828898
0.02894478073403311
0.02892720630088485
0.028909666609238868
0.028892161836891417
0.028874692032746944
0.028857257347410303
0.02883985788419917
0.02882249379331424
0.028805165173770957
0.028787872118297884
0.028770614772306764
0.02875339328190213
0.028736207669690837
0.02871905808563955
0.02870194458369093
0.028684867444239016
0.02866782658416287
0.028650822200443148
0.028633854335211227
0.028616923116570415
0.028600028637296743
0.02858317110335385
0.02856635036975265
0.028549566857635936
0.028532820303089172
0.028516111076246034
0.02849943908663164
0.028482804541917133
0.02846620746819207
0.028449647930355353
0.02843312609100498
0.028416641958241645
0.028400195694134645
0.028383787270015344
0.02836741686658397
0.028351084493069858
0.028334790272255484
0.02831853427484407
0.028302316503366926
0.028286137182000053
0.02826999621503872
0.02825389373618969
0.028237829784558594
0.028221804531331725
0.028205817866077332
0.028189870028054828
0.02817396099621578
0.028158090938087032
0.02814225970492223
0.02812646746753491
0.02811071428305502
0.028095000291291545
0.028079325455291026
0.028063689750498284
0.028048093375487172
0.028032536326079386
0.028017018667010937
0.028001540411023998
0.027986101698318618
0.027970702357629745
0.027955342706026932
0.027940022599614575
0.027924742135256416
0.02790950146649264
0.027894300440354774
0.02787913914964103
0.027864017736215448
0.027848936127446197
0.027833894445553144
0.02781889274086171
0.027803930891808694
0.02778900904347763
0.0277741271872194
0.02775928545774152
0.027744492333777643
0.02772974214133114
0.027715032034981744
0.02770036212066895
0.027685732235898316
0.027671142540591085
0.02765659302979956
0.027642083768080274
0.027627614649359537
0.027613185818583418
0.02759879721053899
0.027584448903831684
0.02757014088152239
0.027555873169643374
0.027541645702302584
0.02752745862648657
0.027513311905155217
0.02749920554484416
0.0274851395147779
0.02747111390475174
0.02745712863877015
0.027443183786166808
0.027429279305859332
0.027415415183780826
0.02740159152720213
0.02738780833131964
0.02737406543236401
0.027360363000857202
0.027346700968795278
0.027333079390449617
0.027319498148421644
0.027305957325242367
0.027292456908919214
0.027278996843934897
0.02726557720778001
0.02725219794656806
0.02723885907517381
0.027225560582223394
0.027212302368764173
0.02719908462173896
0.027185907082691918
0.027172770014073262
0.02715967314365945
0.02714661654453891
0.027133600328583328
0.0271206243303658
0.027107688580594442
0.027094793089216737
0.027081937739409468
0.027069122611401923
0.027056347700746608
0.027043612925342225
0.02703091825678211
0.027018263692974935
0.02700564920339424
0.026993074805219675
0.026980540523870472
0.026968046172224782
0.026955591727077625
0.026944791558612548
0.026935807681193077
0.026926857159522366
0.026917940190883383
0.026909056656824942
0.026900206621104292
0.026891389895185396
0.0268826065178089
0.026873856533496387
0.026865139842087403
0.026856456350605316
0.02684780614802445
0.026839189096646936
0.02683060520877053
0.026822054486962416
0.02681353688443729
0.02680975640925906
0.02680684079266712
0.026803964252215297
0.02680112670481969
0.026798328116142956
0.026795574938352665
0.026792864189205814
0.02679019225210808
0.02678755886422809
0.026784963944084236
0.026782407584520853
0.02677988952282785
0.026777409914545882
0.026774968478591496
0.026772565147077643
0.026770199913696686
0.02676787281310266
0.02676558356826416
0.026763332182757043
0.026761118447933482
0.02675894263547445
0.026756804285249135
0.02675470348467247
0.02675264020559612
0.02675061423222293
0.02674862557047634
0.026746674160187667
0.02674475986684693
0.0267428825696014
0.026741042200498777
0.026739238727067693
0.026737472061687244
0.02673574206853181
0.026734048628258567
0.026732391746065152
0.026730771314285008
0.026729187094161107
0.026727639260300362
0.026726127427020605
0.026724651873186702
0.026723212087071214
0.026721808256978185
0.026720440236306715
0.026719109501331207
0.026717819477321967
0.02671656498893543
0.026715345882073614
0.02671416198560914
0.02671301935595024
0.026711920013736828
0.026710855660041048
0.02670982605213563
0.02670883126480805
0.026707871012373003
0.02670694531104114
0.02670605410870879
0.02670520329711321
0.026704388566786974
0.02670360793403705
0.026702861309944727
0.026702148558610212
0.026701469551008494
0.026700824248396718
0.026700212519885903
0.026699634321159543
0.026699089393487717
0.026698577686100372
0.026698099213468128
0.026697653817405798
0.0266972413066381
0.026696861675086846
0.026696514675014625
0.026696200392718132
0.02669712588740494
0.026698538181160785
0.026699979752622203
0.026701450381690393
0.026702949906690653
0.026704478254046708
0.02670603537416993
0.026707621104325126
0.026709235342993538
0.026711205275037987
0.026714945184696172
0.026718711462208635
0.026722504069746664
0.02672632281318906
0.026730167518508464
0.026734038320855108
0.02673793474945628
0.0267418568814299
0.026745804601379247
0.026749777797854302
0.026753776259608546
0.02675779984052234
0.026761848463552843
0.02676592203656052
0.02677002046429065
0.026774143487325194
0.0267782912195909
0.02678246326567714
0.02678665956188944
0.026790880183357305
0.026795124773925788
0.02679939322484612
0.026803685624942737
0.02680800158413399
0.026812341055222563
0.02681670403218528
0.026821090317088514
0.026826874614927484
0.026833385647322988
0.026839915745384902
0.02684646476339218
0.02685303255861423
0.026859619058384316
0.026867811205666222
0.02687776668945318
0.026887734878380913
0.026897715658895798
0.026907708658542386
0.026917713931680777
0.02692773137350132
0.026937760731024784
0.026947801993912453
0.02695785496244223
0.026967919485472485
0.026977995554897105
0.026988082845816917
0.02699818136508376
0.027008291119871883
0.027018411581000403
0.02702854293497441
0.02703868503223397
0.027048837702125045
0.02705900062431662
0.027069173965086464
0.027079357363854344
0.02708955089600925
0.027099754309870213
0.02710996736212152
0.027120190184609254
0.027130422468530088
0.0271406640954532
0.027150914974369188
0.027161174904484175
0.02717144437723367
0.027181725162053468
0.02719201458628706
0.027202312705459284
0.027212619019193994
0.027222933876773325
0.027233256714653424
0.02724358772470061
0.027253926574394936
0.027264273173810635
0.027274627448267107
0.027284989180307268
0.027295358298466316
0.027305734596247508
0.027316118104068175
0.027326508554110902
0.027336905767815337
0.027347309610518383
0.027357720259071305
0.02736813706511062
0.02737856044099092
0.027388989840315882
0.027399425207915742
0.027409866647539194
0.027420313756338393
0.02743076649165507
0.027441224657570155
0.027451688210624808
0.027462157144505315
0.027472630939180055
0.027483109852772383
0.027493593671426203
0.02750408203497067
0.027514574981754056
0.02752507241596287
0.027535574021549915
0.02754607984670482
0.027556589746798272
0.027567103460914538
0.027577620962891295
0.02758814202488586
0.027598666675123718
0.02760919463357775
0.027619725709887303
0.027630260013804416
0.027640797241076254
0.027651337271448584
0.027661879976817513
0.027672425115864943
0.027682972820554666
0.027693522682526596
0.02770407476703716
0.02771462877157455
0.027725184738458343
0.027735742437370165
0.02774630169321782
0.027756862436002394
0.027767424541542945
0.027777987860301355
0.027788552182905775
0.027799117503495625
0.027809683468079237
0.02782025021313544
0.02783081747832519
0.027841385204142956
0.027851953095419227
0.027862521169281756
0.027873089252023652
0.02788365716137775
0.02789422466174491
0.027904791975134586
0.027915358669298652
0.027925924637816214
0.0279364896721375
0.027947053938980327
0.027957617199178945
0.027968179075664113
0.027978739707011167
0.027989298712046744
0.02799985620775475
0.02801041200695252
0.028020965815498327
0.028031517777675985
0.02804206734981407
0.028052614728047407
0.028063159692271966
0.028073702180191066
0.028084241921913222
0.02809477896620636
0.028105312928316216
0.02811584374836911
0.028126371449774094
0.028136895837377687
0.028147416656382946
0.028157933984231373
0.02816844741247879
0.02817895701817688
0.028189462565421958
0.028199964182711888
0.02821046123703601
0.028220954035823354
0.02823144229842778
0.02824192584907268
0.02825240456924627
0.028262878384315376
0.028273347103329655
0.028283810590781153
0.028294268815024996
0.028304721580339857
0.02831516860431711
0.028325610022192894
0.028336045567214436
0.02834647508231645
0.028356898451172716
0.02836731562232107
0.028377726373676283
0.028388130627467593
0.028398528181636924
0.02840891898078465
0.028419302985541916
0.028429679788661878
0.02844004950171613
0.028450411897087316
0.02846076680598185
0.02847111411708678
0.028481453823842977
0.02849178567721489
0.028502109671660267
0.028512425396696774
0.02852273313470237
0.02853303238791483
0.028543323076142383
0.028553605318377823
0.028563878802509626
0.02857414338540477
0.028584398944983765
0.028594645554326743
0.028604882744600945
0.028615110558603482
0.028625329046197207
0.028635537748104158
0.028645736750984103
0.02865592577555818
0.028666104798560833
0.028676273772498265
0.028686432374501847
0.028696580620957875
0.028706718355497395
0.028716845347014526
0.028726961633504147
0.028737067109038908
0.028747161381188595
0.02875724455393063
0.028767316381160746
0.028777376873488688
0.028787425788363394
0.02879746306844074
0.028807488405272277
0.02881750200277703
0.028827503465101063
0.02883749274376407
0.02884746979278377
0.028857619473213518
0.02886852199577104
0.028879416504190084
0.02889030290385664
0.02890118127927959
0.028912051243283523
0.02892291300397036
0.02893376619868104
0.028944610750308325
0.02895544652050007
0.028966273655110668
0.02897709171886827
0.02898790069993992
0.02899870049704805
0.029009491001450612
0.029020272169239376
0.02903104380596338
0.02904180593866547
0.029052558223568788
0.029063300604215022
0.029074033125953243
0.029084755469727604
0.02909546783176096
0.02910616970399523
0.029116861185530057
0.02912754235119563
0.029138212717050378
0.02914887246478345
0.02915952128681446
0.029170159083720892
0.029180785975136018
0.029191401593800896
0.029202005882262468
0.02921259891792726
0.029223180414709775
0.029233750214924546
0.02924430838396757
0.029254854719935167
0.029265389075560783
0.029275911324351468
0.029286421613510586
0.029296919437441737
0.029307404981473842
0.029317878055391686
0.0293283384519784
0.02933878627474775
0.029349221320776105
0.029359643380345978
0.029370052492695503
0.02938044834773865
0.029390831012384572
0.02940120037303769
0.02941155631981652
0.029421898716319683
0.029432227519610384
0.029442542516997117
0.02945284350692897
0.029463130692203097
0.029473403800785117
0.029483662564580668
0.029493907224047107
0.02950413747245293
0.0295143532171881
0.029524554236698274
0.029534740721778523
0.029544912378013665
0.029555069009440146
0.02956521079805225
0.029575337363393867
0.02958544871153179
0.029595544642112805
0.029605625331320867
0.029615690447799582
0.029625739838165768
0.029635773565629842
0.029645791543756683
0.02965579339748689
0.02966577933350779
0.029675749117830757
0.029687302913521427
0.029699865519113855
0.02971240538375614
0.029724922720095772
0.029737417095035034
0.02974988858409231
0.02976233709074809
0.02977476254318998
0.029787164791509047
0.029799543651650363
0.029811899383296092
0.02982423159764604
0.02983654036415041
0.02984882531734639
0.02986108677007764
0.02987332445315899
0.0298855382729722
0.029897728100994773
0.029909893807676745
0.02992203555800046
0.029934153132375442
0.029946246218614525
0.029958315093224174
0.029970359433906347
0.029982379316883356
0.029994374467977883
0.030006344992704565
0.03001829066392187
0.030030211399854657
0.030042107344871564
0.030053978202893638
0.03006582376660129
0.030077644327773427
0.030089439569746513
0.030101209315507197
0.03011295363007939
0.030124672474164615
0.030136365628000986
0.030148033127933467
0.030159674827136985
0.030171290664477168
0.03018288053012574
0.030194845100157876
0.030208610834155582
0.030222344378755598
0.0302360453930304
0.030249714030716156
0.030263350022870197
0.030276953358787603
0.030290524134658974
0.030304062105619894
0.030317567197006644
0.0303310394425301
0.030344478631283294
0.03035788492440097
0.03037125798318407
0.030384598006948923
0.030397904798791647
0.030411178324968886
0.030424418347014887
0.030437625041297472
0.030450798128300278
0.030463937767004998
0.03047704366709636
0.030490116046138684
0.030503154542127393
0.030516159290253378
0.030529130082152578
0.03054206693337441
0.03055496981301423
0.0305680037519944
0.030581009742049782
0.030593981123374036
0.030606917797304702
0.03061981979812406
0.030632686989576358
0.030645519334950657
0.030658316709995245
0.03067107912435661
0.030683806480541337
0.030696498649634373
0.030709155688665526
0.0307217775445284
0.030734364055223083
0.03074691529057134
0.030759431050442303
0.030771911272832252
0.030784356030051994
0.030796765139888486
0.030809138695242204
0.030821476334110223
0.030833778377649505
0.030846044585848685
0.030858274850817047
0.030870469065890516
0.030882627336989283
0.0308947495582318
0.030906835622504212
0.03091888553811586
0.030933537920169733
0.0309483038325221
0.03096302661234007
0.030977706282832713
0.03099234270267174
0.031006935806874764
0.031021485689759248
0.03103599212322588
0.031050455280233785
0.03106487485569971
0.031079250960391946
0.031093583588691333
0.031107872628965236
0.031122117954080014
0.03113631961885424
0.031150477637490927
0.03116459178235938
0.031178662269020694
0.03119268877214983
0.031206671353055673
0.031220610090691842
0.031234504797865603
0.031248355425707933
0.03126216200914276
0.03127592481043964
0.03128964383372988
0.03130331865697712
0.031316949193678854
0.031330535441953876
0.03134407740293509
0.03135757492060609
0.031371028043374216
0.03138443668567988
0.03139780081865705
0.03141112041825756
0.031424395473347695
0.0314376258513426
0.03145081152705855
0.03146395253898925
0.0314770488328717
0.03149010033958991
0.031503106936341216
0.03151606873927024
0.031528985555873815
0.03154185742845544
0.031554684351012455
0.03156746624128926
0.031580203069620706
0.03159289480446189
0.03160554141745435
0.031618142689011926
0.031630698833295806
0.03164320977260198
0.03165567536170407
0.03166809563800081
0.031680747616858386
0.03169508357589354
0.031709380820889206
0.03172363940365248
0.031737859175633355
0.03175204015039862
0.031766182389546045
0.03178028564868326
0.031794350054152924
0.0318083756486877
0.03182236212514739
0.03183630983344216
0.03185021835247714
0.03186408791520627
0.03187791837154723
0.03189170962050698
0.03190546180081298
0.03191917484937857
0.03193284858337675
0.03194648318674571
0.03196007846870134
0.03197363449199671
0.03198715104552486
0.032000628384060766
0.032014066252187834
0.03202746471372354
0.03204082375726415
0.03205414324584311
0.03206742321496448
0.03208066362773967
0.03209386450390983
0.032107025739481564
0.03212014737227704
0.03213322936096948
0.032146271591553754
0.032159274095721786
0.03217223686898505
0.03218515986679758
0.0321980429908863
0.03221088629598315
0.03222368975166768
0.03223645327793068
0.03224917696809678
0.03226186057565711
0.03227450427824405
0.03228710798044603
0.03230158159178236
0.03231718265080145
0.03233273723021972
0.03234824527438073
0.03236370689312909
0.0323791218581721
0.03239449034041049
0.032409812262213636
0.032425087537455204
0.032440316297389755
0.03245549831552013
0.03247063383706135
0.03248572259026946
0.03250076481849325
0.03251576019887793
0.03253070898848826
0.03254561106632776
0.03256046638269151
0.032575275025611604
0.03259003689285961
0.03260475187490456
0.03261942019324141
0.03263404172130375
0.03264861642932104
0.032663144187155255
0.03267762522654306
0.03269205942387404
0.03270644669075158
0.032720787070962605
0.03273508057303783
0.0327493272227639
0.0327635268997486
0.0327776796967233
0.032791785550146876
0.03280584433457619
0.032819856238351826
0.03283382117381964
0.03284773902903665
0.0328616099440614
0.032875433781331224
0.032889210637494594
0.03290294042125593
0.0329166231251968
0.03293025879751051
0.032943847405546726
0.03295738886146464
0.032970883219700146
0.032984330547737646
0.03299773067484709
0.03301108373416351
0.03302438959631776
0.03303764828784311
0.03305085986524965
0.033064024201017984
0.03307714144005615
0.03309021137094662
0.033103234180269885
0.03311620967762672
0.03312913808013177
0.033142019119326196
0.03315485301393337
0.03316763956781579
0.033180378919878184
0.033193070946105165
0.033205715693194145
0.03321831320966504
0.03323086337318929
0.033243468368504045
0.03325746755290564
0.03327141580415544
0.033285313043384036
0.03329915931377503
0.033312954689222254
0.03332669904449314
0.033340392408502374
0.03335403482144293
0.03336762631094724
0.033381166785745535
0.03339465621329539
0.03340809475173932
0.03342148219274521
0.03343481871937062
0.03344810427996935
0.033461338862056926
0.03347452240016643
0.033487654927937545
0.033500736505248485
0.03351376704363092
0.03352674665505033
0.033539675199580385
0.033552552782076826
0.033565379332452475
0.03357815489734553
0.03359087954003103
0.03360355307284066
0.033616175640426266
0.033628747243480306
0.03364126779575143
0.033653737385477736
0.03366615595185473
0.03367852351048228
0.033690840157046265
0.03370310570700149
0.03371532027062929
0.033727483845661516
0.03373959648418196
0.033751658068603634
0.03376366872523147
0.033775628281029244
0.03378753697254701
0.03379939460867372
0.03381120126986456
0.03382295689345729
0.0338346616314324
0.033846315303854665
0.033857918053434764
0.03386946985340449
0.03388097057853965
0.03389242040899691
0.03390381923368215
0.033915167167866356
0.03392646404474661
0.033937710056954076
0.03394890503688409
0.03396004916061045
0.03397114219269833
0.033982184381607605
0.03399317561244092
0.03400411588910435
0.034015005170043175
0.03402584367013406
0.03403663114081971
0.03404736768779849
0.034058053353532354
0.034068688096915205
0.03407927190603517
0.03408980483114646
0.03410028688364433
0.03411071798025987
0.03412109821940465
0.034131427566234517
0.034141706014815434
0.03415193366192543
0.03416211032428278
0.03417223619703803
0.034182311241859255
0.034192335374169595
0.03420230864612188
0.0342122311460276
0.03422210273818027
0.03423192355143134
0.034241693535328015
0.034251412673509604
0.034261081041759935
0.034270698570667044
0.034280265387106205
0.034289781272385834
0.03429924650629889
0.03430866084891699
0.034318024580752254
0.034327337394091474
0.03433659944307605
0.03434581083990989
0.03435497142740058
0.03436408141382951
0.034373140536242734
0.034382148973389516
0.03439110671288174
0.03440001376344726
0.03440887015490511
0.034417675779138256
0.034426430777092
0.03443513507818174
0.03444378873496792
0.034452391815352736
0.03446094416954868
0.034469445876367216
0.034477896997119416
0.03448629744496419
0.0344946473707118
0.034502946716034356
0.03451119539141169
0.03451939353779127
0.03452754112435502
0.0345356381243622
0.03454368458482908
0.03455168046598298
0.034559625890736134
0.034567520776197104
0.03457536512527317
0.03458315894951616
0.03459090231530624
0.03459859527033886
0.03460623765608187
0.03461382970331808
0.0346213711660608
0.034628862265371346
0.034636302974493396
0.03464369318637185
0.03465103308293706
0.03465832251350038
0.034665561622938865
0.03467275031008124
0.034679888654394725
0.03468697668407505
0.034694014309906276
0.03470100170533772
0.03470793876406689
0.03471482553546553
0.03472166200171271
0.03472844819292729
0.03473518410695921
0.0347418698006457
0.03474850527367472
0.0347550905115669
0.034761625514506136
0.03476811035646821
0.03477454494135647
0.03478092946214472
0.03478726367414424
0.03479354791152209
0.03479978188924281
0.034807650584431936
0.03481607549458528
0.03482444584316071
0.034832761724235585
0.03484102311145373
0.0348492300726064
0.03485738258296957
0.03486548069525613
0.03487352447167543
0.034881513795986564
0.034889448833501965
0.034897329493212635
0.034905155893321986
0.03491292798694643
0.03492064588678002
0.03492830942804916
0.034935918799882476
0.03494347399899691
0.03495097501317067
0.03495842185869171
0.034965814594882745
0.034973153208941524
0.03498043770341533
0.03498766817154021
0.034994844563949974
0.035001966967819986
0.03500903534963582
0.03501604977511098
0.03502301021955178
0.03502991674307332
0.035036769358186455
0.03504356805273608
0.03505031292413894
0.03505700391752153
0.03506364106132918
0.03507022447792474
0.035076754094473014
0.03508322997211716
0.035089652092301776
0.0350960205225293
0.035102335264226764
0.03510859633633189
0.03511480382637427
0.03512095764098947
0.03512705790789072
0.03513310456998629
0.03513909772156223
0.03514503733750574
0.03515092351249896
0.03515675617046263
0.03516253540026936
0.035168261173172115
0.0351739335762817
0.03517955260386251
0.035185118307589094
0.03519063065034323
0.0351960897580104
0.035201495499915504
0.03520684804848303
0.03521214735404861
0.03521739346745201
0.03522258643347482
0.035227726213594164
0.03523281284077558
0.035237846380407195
0.0352428268669379
0.03524775433584261
0.03525262871910151
0.03525745012432275
0.03526221853912808
0.03526693405514462
0.03527159666174193
0.03527620627648137
0.03528076310165075
0.035285267040829564
0.03528971815326786
0.035294116493362525
0.0352984620699581
0.035302754913955924
0.03530699502391614
0.03531118247681531
0.03531531725170216
0.035319399365980234
0.03532342888274117
0.03532740582985158
0.03533133015889709
0.03533520206111751
0.03533902137643692
0.03534278825880485
0.03534650267757225
0.035350164684909056
0.035353774244763915
0.03535733147889546
0.03536083642284807
0.03536428894675716
0.03536768925626561
0.035371037324405344
0.03537433310011145
0.03537757672799838
0.03538076813262549
0.035383907410228586
0.035386994557015695
0.035390029624443924
0.035393012633335816
0.035395943561889756
0.035398822545515365
0.0354016495081172
0.03540442450588217
0.03540714759493729
0.03540981881524255
0.035412438113546815
0.03541500560421788
0.035417521306052975
0.03541998517424898
0.0354223973070272
0.035424757674236154
0.03542706638089139
0.03542932340547317
0.0354315288439827
0.03543368265674651
0.035435784892493015
0.03543783551907292
0.03543983466018819
0.03544178227759699
0.03544367845587275
0.03544552321110286
0.03544731654723705
0.03544905849608197
0.035450749110938755
0.03545238839328129
0.03545397639248406
0.03545551313308669
0.035456998677394005
0.03545843295350338
0.0354598160933112
0.03546114811493652
0.03546242900331968
0.035463658828591295
0.035464837600393165
0.03546596533668344
0.0354694136597599
0.03547454487325232
0.0354796345400856
0.035484682696364275
0.03548968936789526
0.035494654591537
0.03549957842392838
0.0355044608505293
0.03550930192022277
0.035514101624181255
0.035518860096287616
0.03552357726899483
0.03552825323072314
0.03553288792021874
0.03553748148702633
0.035542033903121675
0.03554654519543661
0.03555101543768477
0.03555544458919778
0.03555983268097378
0.035564179862681816
0.03556848603447166
0.03557275125544062
0.03557697558679001
0.03558115904438858
0.03558530167323095
0.035589403515549255
0.03559346455918803
0.03559748481147587
0.03560146440765539
0.035605403262865445
0.035609301464777865
0.03561315908705278
0.035616976068766584
0.035620752502760734
0.03562448840987934
0.03562818378723274
0.035631838738035715
0.03563545320451883
0.03563902724749383
0.035642560898411946
0.03564605428036036
0.03564950727348544
0.03565292001743695
0.03565629244196983
0.035659624732370374
0.03566291675678521
0.03566616866490303
0.03566938040011378
0.03567255206838658
0.03567568363816461
0.03567877518425106
0.035681826721975216
0.03568483829812512
0.03568780991871009
0.035690741589479026
0.03569363340333026
0.03569648535508786
0.03569929746297882
0.03570206981599493
0.035704802393334754
0.0357074953008607
0.035710148463619605
0.03571276198880657
0.035715335832873715
0.03571787007852067
0.0357203647598568
0.03572281995088641
0.03572523559585792
0.03572761172465988
0.035729948468056286
0.03573225695210992
0.03573461069821581
0.03573692490868653
0.03573919954997673
0.03574143467876476
0.035743630316435494
0.03574578649770928
0.0357479033234973
0.03574998071837396
0.035752018759348976
0.035754017526466286
0.03575597701166082
0.03575789720926084
0.03575977820508562
0.035761619993966806
0.03576342265701072
0.03576518621673602
0.03576691063722141
0.03576859598872243
0.03577024229024236
0.035771849680260974
0.03577341807918912
0.035774947521497936
0.03577643809386899
0.03577788978068472
0.03577930262100021
0.03578067661945612
0.03578201195040179
0.03578330848509974
0.035784566338477
0.035785785484978155
0.035786965975386456
0.03578810788958705
0.03578921120831206
0.03579027598283875
0.03579130224072777
0.03579229003387658
0.035793239384221194
0.035794150302146985
0.035795022889279375
0.0357958570344039
0.035796652888243366
0.03579741052920424
0.035798129846768896
0.035798810931237
0.03579945384648373
0.035800058626041874
0.03580062524475434
0.03580115380304713
0.035801644296400925
0.035802096817335496
0.035802511271155475
0.03580288777131875
0.03580322635093236
0.03580352702922177
0.035803789798889596
0.03580401483076706
0.03580420201276198
0.03580435144176953
0.03580446311437701
0.035804537122452185
0.03580457342143354
0.035804572095078174
0.03580453318297991
0.03580445671384546
0.03580434264423211
0.035804191179281505
0.035804002153016296
0.035803775741006315
0.03580351186103475
0.03580321062266875
0.035802872090938326
0.035802496184795564
0.0358020830305439
0.035801632688927894
0.035801145051431824
0.03580062031049346
0.03580005836267475
0.0357994593654846
0.035798823210604847
0.035798150054969634
0.03579743990088539
0.03579669274292213
0.03579590863611411
0.03579508758402434
0.03579422969272142
0.035793334995870986
0.035792403393680984
0.03579143501776522
0.03579042994767603
0.035789388169894513
0.03578830964716907
0.03578719449277566
0.03578604267909649
0.035784854390333555
0.03578362944820682
0.03578236799803569
0.035781070113692706
0.03577973573848404
0.03577836496455806
0.03577695776911966
0.03577551424409246
0.035774034348082226
0.035772518231011685
0.035770965848875416
0.03576937721801202
0.03576775238250171
0.035766091436846566
0.035764394353574765
0.03576266115241077
0.03576089190811401
0.035759086643248825
0.03575724539425298
0.035755368190795694
0.03575345506324881
0.03575150600220661
0.035749521120447145
0.03574750038498308
0.03574544386674549
0.03574335160746732
0.0357412236120778
0.03573905995121499
0.03573686056394754
0.03573462559747742
0.035732355030798246
0.035730048937390985
0.035727707210677306
0.03572533008378452
0.035722917422305885
0.03572046942688119
0.035717985986262094
0.035715467216379866
0.035712913051208585
0.03571032360619697
0.0357076989636277
0.035705039010895
0.03570234390448201
0.03569961361993801
0.03569684824659463
0.03569404772521413
0.035691259473444224
0.03568848066467504
0.03568566659135057
0.03568281735875477
0.0356799330147689
0.03567701344770899
0.03567405884076562
0.035671069144982435
0.03566804447949968
0.03566498485090494
0.03566189017015376
0.03565876067237999
0.03565559620867902
0.0356523969149139
0.03564916280548071
0.035645893882873196
0.03564259013646371
0.035639251811146536
0.035635878711395286
0.03563247098958675
0.03562902865863865
0.03562555172108944
0.03562204022132708
0.03561849544174426
0.03561491657410737
0.03561130323444689
0.035607655483183835
0.03560397333218853
0.035600256887963797
0.03559650606730404
0.03559272095990917
0.03558890164094754
0.03558504806216069
0.0355811602791275
0.03557723841071671
0.035573282405985715
0.03556929226684345
0.03556526813554488
0.035561209968241546
0.03555711779678248
0.035552991670071726
0.03554883165019885
0.03554463775806446
0.03554041000156095
0.035536148454571204
0.03553185309640466
0.03552752395578785
0.03552316120181295
0.035518764655383006
0.035514334468234675
0.0355098707239789
0.035505373400660296
0.03550084252506727
0.03549627809978107
0.035491680183231754
0.03548704893306244
0.03548238413497738
0.0354776860257624
0.035472954529972775
0.035468189728595514
0.035463391678916864
0.035458560417780616
0.035453695911277006
0.03544879821592429
0.035443867396681546
0.03543890343467984
0.035433906373160566
0.03542887632896327
0.035423813259925496
0.03541871721234007
0.0354135882139271
0.035408426346172854
0.035403231561024893
0.03539800392428078
0.03539274352049264
0.0353874503386861
0.035382124397311136
0.035376765716229185
0.03537137446133762
0.035365950461213484
0.035360493885284935
0.03535500476593514
0.0353494830898246
0.03534392898459584
0.03533834229409104
0.03533272327273152
0.03532707172302516
0.03532138791015318
0.03531567166348439
0.035309923170274406
0.03530414245001905
0.03529832944159511
0.03529248423646718
0.03528660684945795
0.03528069734786058
0.03527475574653903
0.03526878210984691
0.035262776396523525
0.03525673873024096
0.03525066902859917
0.035244567438844306
0.035238433902255124
0.035232268529988765
0.03522607131633242
0.03521984231893863
0.035213581580902834
0.03520728912030572
0.0352009648901495
0.035194609030988075
0.035188221612671454
0.03518180247405099
0.03517535185854162
0.035168869676395015
0.0351623560155985
0.03515581090977366
0.03514923438457089
0.03514262639637016
0.03513598707533298
0.03512931643602911
0.03512261448839972
0.035115881328566204
0.035109116905014524
0.035102321285420686
0.03509549454842598
0.035088636648652895
0.03508174765290643
0.03507482762122007
0.035067876564307196
0.035060894474735996
0.0350538814883661
0.03504683750746239
0.03503976271137167
0.035032657000770566
0.03502552052041646
0.03501835321218714
0.03501115513209499
0.03500392634542322
0.03499666690492974
0.03498937676312554
0.03498205608043888
0.034974704722406234
0.034967322856833724
0.03495991044453158
0.034952467531179685
0.034944994201996926
0.034937490449714136
0.034929956275812836
0.03492443190884383
0.034919913011667914
0.034915361696450216
0.03491077789746012
0.0349061616527086
0.03490151309708052
0.03489683210798695
0.03489211873469159
0.034887373047413545
0.034883392771579556
0.0348794487437833
0.03487547082921225
0.03487145904250976
0.03486741342005923
0.03486333402221872
0.03485922078476468
0.034855073842966725
0.03485089310822333
0.034846678639189096
0.034842430462517136
0.03483814855371803
0.03483383309479427
0.034829483866500664
0.034825100949658565
0.03482068452010832
0.034816234426399424
0.03481175080891546
0.03480723360245989
0.034802682909398606
0.03479809854117495
0.03479348077805317
0.034788829456915145
0.034784144707964156
0.03477942654510001
0.034774674864678196
0.03476988988220956
0.03476507138376561
0.03476021955866554
0.0347553344334901
0.034750415974028566
0.03474546406335366
0.03474047900252655
0.03473546059872068
0.03473040894037738
0.03472532400551617
0.034720205899502726
0.034715054527294384
0.03470987002629342
0.03470465237686213
0.03469940148817535
0.0346941175452056
0.03468880047617696
0.03468345068823555
0.03467806786526983
0.03467265207164897
0.0346672032301647
0.0346617213269249
0.034656206426648455
0.03465065854690221
0.034645077678063324
0.03463946401008445
0.03463381726044022
0.034628137722570784
0.03462242532343952
0.03461667998062318
0.0346109018432075
0.03460509089768505
0.03459924704514313
0.03459337052872994
0.03458746121408968
0.03458151911736412
0.0345755443304158
0.034569536858531126
0.034563496657502774
0.03455742388933085
0.034551318300906755
0.034545180208445506
0.034539009393365
0.034532806062617716
0.03452657021566628
0.03452030180895351
0.034514000824905335
0.03450766731486979
0.03450130131536142
0.03449490283159176
0.03448847193152684
0.03448200855200245
0.03447551282512814
0.03446898463085936
0.0344624240945471
0.03445583118716745
0.03444920595863885
0.034442548391475376
0.03443585851256548
0.03442913639581694
0.03442238196138344
0.03441559532282965
0.03440877649808042
0.034401925385673354
0.03439504220294657
0.034388126728748275
0.034381179151044855
0.03437419953191351
0.03436718768344159
0.03436014386015882
0.03435306791338373
0.0343459599909553
0.03433881995442432
0.03433164800999405
0.0343244439573457
0.03431720798285106
0.03430994009256405
0.03430459115657618
0.034304203943524736
0.03430379318968747
0.03430335873241689
0.03430290070350076
0.03430241901138717
0.03430191373708967
0.03430138485485483
0.034300832409909984
0.03430025635796634
0.03429965672165282
0.03429903356085889
0.034298386793107725
0.034297716479315454
0.03429702261454293
0.03429630522615875
0.03429556423265342
0.03429479971928351
0.03429401175389915
0.03429320023054997
0.03429236513424775
0.03429150658754957
0.03429062453594579
0.034289718990733666
0.03428878994580255
0.034287837421647954
0.034286861433181506
0.034285861962011756
0.03428483909910259
0.03428379265655275
0.03428272281627801
0.03428162953611845
0.034280512774706715
0.034279372681711336
0.03427820912481155
0.03427702217370825
0.03427581173685334
0.03427457791279632
0.034273320705692015
0.03427204005301413
0.03427073610027979
0.03426940875719559
0.03426805791085773
0.03427198994831402
0.03428032791161439
0.034288651320033926
0.0342969602736754
0.03430525471443832
0.03431353454623261
0.03432179984968785
0.03433005049012783
0.03433828660375668
0.034346508017154935
0.03435471475008708
0.03436290680615332
0.034371084146839995
0.03437924671186136
0.03438739460326269
0.03439552769175704
0.03440364590941465
0.034411749394837876
0.03441983802090903
0.03442791182641507
0.03443597070344912
0.034444014602323034
0.034452043690774696
0.034460057812440756
0.0344680568632156
0.03447604097264382
0.03448401010384614
0.034491964149461346
0.03449990315218611
0.034508260640166266
0.034517171442817116
0.03452606925121462
0.034534953957145655
0.03454382562728588
0.034552684176692675
0.0345615295762182
0.03457036183897892
0.034579180972674234
0.034587986891868525
0.03459677952264309
0.03460555899760065