   0.7003710182E-002
   0.7003709591E-002
   0.7003708704E-002
   0.7003707374E-002
   0.7003705380E-002
   0.7003702388E-002
   0.7003697900E-002
   0.7003691168E-002
   0.7003681070E-002
   0.7003665923E-002
   0.7003643203E-002
   0.7003609126E-002
   0.7003558012E-002
   0.7003481347E-002
   0.7003366364E-002
   0.7003193923E-002
   0.7002935334E-002
   0.7002547615E-002
   0.7001966404E-002
   0.7001095444E-002
   0.6999790899E-002
   0.6997838218E-002
   0.6994918416E-002
   0.6990559157E-002
   0.6984065295E-002
   0.6976715540E-002
   0.6968224443E-002
   0.6958071162E-002
   0.6945726970E-002
   0.6930586389E-002
   0.6911927654E-002
   0.6888877778E-002
   0.6860375363E-002
   0.6825128005E-002
   0.6781561838E-002
   0.6727760747E-002
   0.6661390600E-002
   0.6579605088E-002
   0.6478926111E-002
   0.6355090028E-002
   0.6202850833E-002
   0.6015729976E-002
   0.5785703683E-002
   0.5502822654E-002
   0.5154768642E-002
   0.4752147738E-002
   0.4310086207E-002
   0.3810910053E-002
   0.3239554277E-002
   0.2581659589E-002
   0.3275968659E-002
   0.4093389460E-002
   0.5028019809E-002
   0.6083720378E-002
   0.7254045702E-002
   0.8515131750E-002
   0.9815405814E-002
   0.8799448872E-002
   0.7430692931E-002
   0.6034661925E-002
   0.4657700035E-002
   0.3358623713E-002
   0.3063055075E-002
   0.4475727840E-002
   0.5785242564E-002
   0.6981702156E-002
   0.8034772369E-002
   0.8894580326E-002
   0.9489785984E-002
   0.9725643979E-002
   0.9484797497E-002
   0.8634050223E-002
   0.7041016401E-002
   0.6575339628E-002
   0.9671653410E-002
   0.1345585138E-001
   0.1753281161E-001
   0.2113195717E-001
   0.1744129431E-001
   0.1413497566E-001
   0.1138368145E-001
   0.9178041002E-002
   0.7476781694E-002
   0.6170135403E-002
   0.7491288260E-002
   0.8158968398E-002
   0.7815256027E-002
   0.6259988314E-002
   0.6562873018E-002
   0.1099766250E-001
   0.1594007390E-001
   0.2043884870E-001
   0.1736509697E-001
   0.1374873175E-001
   0.1098933157E-001
   0.8938925902E-002
   0.7438938570E-002
   0.7561884904E-002
   0.8494164653E-002
   0.8391349949E-002
   0.7036580861E-002
   0.5960164018E-002
   0.1032823775E-001
   0.1532227035E-001
   0.2000130397E-001
   0.1771532809E-001
   0.1399642752E-001
   0.1095144841E-001
   0.8731431614E-002
   0.7218071516E-002
   0.7992868194E-002
   0.8668723048E-002
   0.8190576890E-002
   0.6376728182E-002
   0.7299444144E-002
   0.1196460970E-001
   0.1699634830E-001
   0.2031586985E-001
   0.1623561097E-001
   0.1271501077E-001
   0.9949184071E-002
   0.7942722006E-002
   0.7357091582E-002
   0.8534563191E-002
   0.8481154158E-002
   0.7056274998E-002
   0.6133764143E-002
   0.1061737148E-001
   0.1567207942E-001
   0.2027511125E-001
   0.1725023980E-001
   0.1355453636E-001
   0.1058292970E-001
   0.8388929507E-002
   0.6849236236E-002
   0.8373152862E-002
   0.8532932207E-002
   0.7073307269E-002
   0.6272055811E-002
   0.1094162627E-001
   0.1609879510E-001
   0.2063598392E-001
   0.1679534061E-001
   0.1315992270E-001
   0.1027360602E-001
   0.8164211198E-002
   0.7096528029E-002
   0.8478983574E-002
   0.8448631879E-002
   0.6639365469E-002
   0.7589340843E-002
   0.1286313474E-001
   0.1815348451E-001
   0.1891857696E-001
   0.1490464922E-001
   0.1159164256E-001
   0.9078664104E-002
   0.7303381004E-002
   0.7976263881E-002
   0.8711267609E-002
   0.7840923619E-002
   0.5188794878E-002
   0.1029884555E-001
   0.1636755067E-001
   0.1973817369E-001
   0.1478437937E-001
   0.1082534061E-001
   0.8122403604E-002
   0.7640275395E-002
   0.8697920846E-002
   0.7432799819E-002
   0.7184671981E-002
   0.1449533427E-001
   0.1839884693E-001
