   0.1905275176E-002     0.9057255346E-003    -0.5908866388E-005
   0.5349785921E-002     0.2534989617E-002    -0.3959090496E-005
   0.1492000309E-001     0.7005504214E-002    -0.3397802615E-004
   0.4082363174E-001     0.1867143903E-001    -0.2590010500E-003
   0.1058765323E+000     0.4477770996E-001    -0.1828670129E-002
   0.2366038947E+000     0.7684812644E-001    -0.1034584573E-001
   0.3532380687E+000     0.1508479014E-001    -0.2894273680E-001
   0.1925367779E+000    -0.1405385409E+000     0.1944936790E-001
   0.1282077712E-001    -0.2583624994E-001     0.2067098177E-001
   0.8026536478E-005    -0.2152600390E-004     0.2871093627E-004
   0.1047703019E-013    -0.3030436863E-013     0.4695331269E-013
   0.1000000000E-014    -0.1000000000E-014     0.1000000000E-014
   0.1000000000E-014    -0.1000000000E-014     0.1000000000E-014
   0.1000000000E-014    -0.1000000000E-014     0.1000000000E-014
   0.1000000000E-014    -0.1000000000E-014     0.1000000000E-014
   0.1000000000E-014    -0.1000000000E-014     0.1000000000E-014
   0.1000000000E-014    -0.1000000000E-014     0.1000000000E-014
   0.1000000000E-014    -0.1000000000E-014     0.1000000000E-014
   0.1000000000E-014    -0.1000000000E-014     0.1000000000E-014
   0.1000000000E-014    -0.1000000000E-014     0.1000000000E-014
