   0.8312040339E-011     0.3960432409E-011    -0.2334203399E-013
   0.2343445269E-010     0.1116199550E-010     0.1674116034E-014
   0.6605538449E-010     0.3145897958E-010     0.9623954935E-016
   0.1861791375E-009     0.8866513818E-010     0.4309272994E-015
   0.5247471802E-009     0.2499055877E-009     0.3966472535E-014
   0.1479065606E-008     0.7044251313E-009     0.6034563884E-013
   0.4169623567E-008     0.1985936473E-008     0.1430129556E-011
   0.1176118113E-007     0.5601042462E-008     0.1592585959E-010
   0.3318415827E-007     0.1580413492E-007     0.1579238715E-010
   0.9370788040E-007     0.4452201444E-007    -0.1983924843E-010
   0.2640323166E-006     0.1251507514E-006    -0.1632265384E-009
   0.7402530145E-006     0.3485329865E-006    -0.1261453400E-008
   0.2046358751E-005     0.9450469810E-006    -0.9692103734E-008
   0.5436224528E-005     0.2371231443E-005    -0.7084472888E-007
   0.1291602247E-004     0.4688478565E-005    -0.4407397075E-006
   0.2257336216E-004     0.3427387350E-005    -0.1667882919E-005
   0.1780464177E-004    -0.8023733769E-005    -0.3916105444E-006
   0.2389546729E-005    -0.4312987692E-005     0.2633389029E-005
   0.2965001054E-007    -0.7843241863E-007     0.9102566782E-007
   0.3784557423E-009    -0.1094673906E-008     0.1614427732E-008
