   0.9999999838E+000     0.1000000000E+001     0.2000000032E+001     0.6000000195E+001     0.2400000117E+002     0.1200000078E+003
   0.9999999595E+000     0.1000000000E+001     0.2000000081E+001     0.6000000486E+001     0.2400000292E+002     0.1200000195E+003
   0.9999999230E+000     0.1000000000E+001     0.2000000154E+001     0.6000000924E+001     0.2400000554E+002     0.1200000370E+003
   0.9999998683E+000     0.1000000000E+001     0.2000000263E+001     0.6000001581E+001     0.2400000948E+002     0.1200000632E+003
   0.9999997862E+000     0.1000000000E+001     0.2000000428E+001     0.6000002565E+001     0.2400001539E+002     0.1200001026E+003
   0.9999996631E+000     0.1000000000E+001     0.2000000674E+001     0.6000004043E+001     0.2400002426E+002     0.1200001617E+003
   0.9999994785E+000     0.1000000000E+001     0.2000001043E+001     0.6000006258E+001     0.2400003755E+002     0.1200002503E+003
   0.9999992015E+000     0.1000000000E+001     0.2000001597E+001     0.6000009582E+001     0.2400005749E+002     0.1200003833E+003
   0.9999987860E+000     0.1000000000E+001     0.2000002428E+001     0.6000014567E+001     0.2400008740E+002     0.1200005827E+003
   0.9999981629E+000     0.1000000000E+001     0.2000003674E+001     0.6000022045E+001     0.2400013227E+002     0.1200008818E+003
   0.9999972282E+000     0.1000000000E+001     0.2000005544E+001     0.6000033262E+001     0.2400019957E+002     0.1200013305E+003
   0.9999958262E+000     0.1000000000E+001     0.2000008348E+001     0.6000050086E+001     0.2400030052E+002     0.1200020035E+003
   0.9999937233E+000     0.1000000000E+001     0.2000012553E+001     0.6000075321E+001     0.2400045193E+002     0.1200030129E+003
   0.9999905694E+000     0.1000000000E+001     0.2000018861E+001     0.6000113169E+001     0.2400067902E+002     0.1200045268E+003
   0.9999858392E+000     0.1000000000E+001     0.2000028322E+001     0.6000169933E+001     0.2400101961E+002     0.1200067974E+003
   0.9999787456E+000     0.1000000000E+001     0.2000042510E+001     0.6000255061E+001     0.2400153038E+002     0.1200102026E+003
   0.9999681091E+000     0.1000000000E+001     0.2000063784E+001     0.6000382709E+001     0.2400229629E+002     0.1200153088E+003
   0.9999521630E+000     0.1000000000E+001     0.2000095679E+001     0.6000574085E+001     0.2400344459E+002     0.1200229645E+003
   0.9999282632E+000     0.1000000000E+001     0.2000143484E+001     0.6000860934E+001     0.2400516579E+002     0.1200344398E+003
   0.9998924569E+000     0.1000000000E+001     0.2000215109E+001     0.6001290726E+001     0.2400774477E+002     0.1200516346E+003
   0.9998388446E+000     0.1000000000E+001     0.2000322363E+001     0.6001934332E+001     0.2401160693E+002     0.1200773857E+003
   0.9997586436E+000     0.1000000000E+001     0.2000482829E+001     0.6002897325E+001     0.2401738605E+002     0.1201159210E+003
   0.9996388265E+000     0.1000000000E+001     0.2000722608E+001     0.6004336431E+001     0.2402602329E+002     0.1201735199E+003
   0.9994601748E+000     0.1000000000E+001     0.2001080234E+001     0.6006483152E+001     0.2403890942E+002     0.1202594662E+003
   0.9991945624E+000     0.1000000000E+001     0.2001612174E+001     0.6009676941E+001     0.2405808505E+002     0.1203873898E+003
   0.9988946882E+000     0.1000000000E+001     0.2002213070E+001     0.6013285765E+001     0.2407975870E+002     0.1205320190E+003
   0.9985492259E+000     0.1000000000E+001     0.2002905764E+001     0.6017447248E+001     0.2410475955E+002     0.1206989046E+003
   0.9981375042E+000     0.1000000000E+001     0.2003731942E+001     0.6022412546E+001     0.2413460078E+002     0.1208981762E+003
   0.9976389253E+000     0.1000000000E+001     0.2004733325E+001     0.6028433557E+001     0.2417080330E+002     0.1211400372E+003
   0.9970303416E+000     0.1000000000E+001     0.2005957007E+001     0.6035795272E+001     0.2421509164E+002     0.1214360819E+003
   0.9962847365E+000     0.1000000000E+001     0.2007458236E+001     0.6044832855E+001     0.2426949900E+002     0.1218000142E+003
   0.9953702412E+000     0.1000000000E+001     0.2009302586E+001     0.6055945326E+001     0.2433645321E+002     0.1222482460E+003
   0.9942492626E+000     0.1000000000E+001     0.2011567999E+001     0.6069608724E+001     0.2441886136E+002     0.1228005002E+003
   0.9928776774E+000     0.1000000000E+001     0.2014346828E+001     0.6086389715E+001     0.2452019963E+002     0.1234804659E+003
   0.9912040952E+000     0.1000000000E+001     0.2017747919E+001     0.6106959994E+001     0.2464461163E+002     0.1243165346E+003
   0.9891692153E+000     0.1000000000E+001     0.2021898750E+001     0.6132111833E+001     0.2479701850E+002     0.1253426518E+003
   0.9867052977E+000     0.1000000000E+001     0.2026947666E+001     0.6162775259E+001     0.2498324585E+002     0.1265993297E+003
   0.9837357571E+000     0.1000000000E+001     0.2033066284E+001     0.6200037772E+001     0.2521017551E+002     0.1281348946E+003
   0.9801748671E+000     0.1000000000E+001     0.2040452237E+001     0.6245167996E+001     0.2548593401E+002     0.1300070777E+003
   0.9759275484E+000     0.1000000000E+001     0.2049332456E+001     0.6299645276E+001     0.2582013506E+002     0.1322851020E+003
   0.9708892104E+000     0.1000000000E+001     0.2059967274E+001     0.6365197755E+001     0.2622419813E+002     0.1350524749E+003
   0.9649456366E+000     0.1000000000E+001     0.2072655624E+001     0.6443852000E+001     0.2671177217E+002     0.1384107620E+003
   0.9579729441E+000     0.1000000000E+001     0.2087741634E+001     0.6537997698E+001     0.2729930000E+002     0.1424847130E+003
   0.9498377045E+000     0.1000000000E+001     0.2105622877E+001     0.6650471550E+001     0.2800677007E+002     0.1474292394E+003
   0.9403973701E+000     0.1000000000E+001     0.2126760520E+001     0.6784665465E+001     0.2885871731E+002     0.1534389516E+003
   0.9301367454E+000     0.1000000000E+001     0.2150221470E+001     0.6935178555E+001     0.2982433966E+002     0.1603223386E+003
   0.9195508453E+000     0.1000000000E+001     0.2174974892E+001     0.7095773668E+001     0.3086625913E+002     0.1678333465E+003
   0.9083067534E+000     0.1000000000E+001     0.2201899295E+001     0.7272540759E+001     0.3202680474E+002     0.1762994969E+003
   0.8961980593E+000     0.1000000000E+001     0.2231649555E+001     0.7470389603E+001     0.3334258326E+002     0.1860224027E+003
   0.8830756064E+000     0.1000000000E+001     0.2264811739E+001     0.7694058322E+001     0.3485118722E+002     0.1973284449E+003
   0.8688226303E+000     0.1000000000E+001     0.2301965822E+001     0.7948569965E+001     0.3659467278E+002     0.2105992150E+003
   0.8533445030E+000     0.1000000000E+001     0.2343719322E+001     0.8239530390E+001     0.3862229315E+002     0.2262995368E+003
   0.8365644958E+000     0.1000000000E+001     0.2390730195E+001     0.8573386297E+001     0.4099330699E+002     0.2450098420E+003
   0.8184224636E+000     0.1000000000E+001     0.2443725690E+001     0.8957692876E+001     0.4378028842E+002     0.2674675388E+003
   0.7988751299E+000     0.1000000000E+001     0.2503520169E+001     0.9401419852E+001     0.4707328843E+002     0.2946223175E+003
   0.7778973165E+000     0.1000000000E+001     0.2571033422E+001     0.9915319289E+001     0.5098523457E+002     0.3277118553E+003
   0.7554837541E+000     0.1000000000E+001     0.2647310401E+001     0.1051237854E+002     0.5565905810E+002     0.3683670086E+003
   0.7316512560E+000     0.1000000000E+001     0.2733542769E+001     0.1120838410E+002     0.6127719462E+002     0.4187595806E+003
   0.7064374209E+000     0.1000000000E+001     0.2831107103E+001     0.1202275114E+002     0.6807539231E+002     0.4818218167E+003
   0.6799183431E+000     0.1000000000E+001     0.2941529700E+001     0.1297889547E+002     0.7635561299E+002     0.5615057585E+003
   0.6522231489E+000     0.1000000000E+001     0.3066435166E+001     0.1410453694E+002     0.8650129618E+002     0.6631265414E+003
   0.6235403507E+000     0.1000000000E+001     0.3207490899E+001     0.1543199680E+002     0.9899597857E+002     0.7938217507E+003
   0.5949239289E+000     0.1000000000E+001     0.3361774342E+001     0.1695229009E+002     0.1139795478E+003     0.9579337981E+003
   0.5679326470E+000     0.1000000000E+001     0.3521544343E+001     0.1860191183E+002     0.1310149148E+003     0.1153437080E+004
   0.5418315285E+000     0.1000000000E+001     0.3691184242E+001     0.2043726166E+002     0.1508753964E+003     0.1392272214E+004
   0.5163180152E+000     0.1000000000E+001     0.3873581671E+001     0.2250695244E+002     0.1743650369E+003     0.1688543027E+004
   0.4912837269E+000     0.1000000000E+001     0.4070967326E+001     0.2485916245E+002     0.2024016762E+003     0.2059926526E+004
   0.4667141467E+000     0.1000000000E+001     0.4285278289E+001     0.2754541502E+002     0.2360795379E+003     0.2529166296E+004
   0.4426377436E+000     0.1000000000E+001     0.4518367512E+001     0.3062346746E+002     0.2767361609E+003     0.3125989197E+004
   0.4190975951E+000     0.1000000000E+001     0.4772158140E+001     0.3416023997E+002     0.3260361344E+003     0.3889739982E+004
   0.3961355020E+000     0.1000000000E+001     0.5048777476E+001     0.3823523100E+002     0.3860823461E+003     0.4873109632E+004
   0.3737840024E+000     0.1000000000E+001     0.5350683783E+001     0.4294472542E+002     0.4595672918E+003     0.6147498139E+004
   0.3520635664E+000     0.1000000000E+001     0.5680792308E+001     0.4840710187E+002     0.5499813838E+003     0.7810825037E+004
   0.3309830200E+000     0.1000000000E+001     0.6042606053E+001     0.5476963188E+002     0.6619026182E+003     0.9999041920E+004
   0.3105417405E+000     0.1000000000E+001     0.6440358056E+001     0.6221731784E+002     0.8014036084E+003     0.1290331546E+005
   0.2907326298E+000     0.1000000000E+001     0.6879172803E+001     0.7098452768E+002     0.9766296645E+003     0.1679601057E+005
   0.2715453195E+000     0.1000000000E+001     0.7365253078E+001     0.8137042935E+002     0.1198627610E+004     0.2207048924E+005
   0.2529694880E+000     0.1000000000E+001     0.7906091819E+001     0.9375943178E+002     0.1482541353E+004     0.2930277016E+005
   0.2355070571E+000     0.1000000000E+001     0.8492314516E+001     0.1081791088E+003     0.1837382031E+004     0.3900906524E+005
   0.2197853203E+000     0.1000000000E+001     0.9099788818E+001     0.1242092348E+003     0.2260555612E+004     0.5142644670E+005
   0.2052117431E+000     0.1000000000E+001     0.9746030952E+001     0.1424776790E+003     0.2777183739E+004     0.6766629669E+005
   0.1915070154E+000     0.1000000000E+001     0.1044348165E+002     0.1635994633E+003     0.3417095986E+004     0.8921594803E+005
   0.1785400150E+000     0.1000000000E+001     0.1120197061E+002     0.1882262182E+003     0.4217009127E+004     0.1180970307E+006
   0.1662563271E+000     0.1000000000E+001     0.1202961737E+002     0.2170675410E+003     0.5222478924E+004     0.1570610579E+006
   0.1546392783E+000     0.1000000000E+001     0.1293332472E+002     0.2509063324E+003     0.6490106141E+004     0.2098466254E+006
   0.1436850452E+000     0.1000000000E+001     0.1391933306E+002     0.2906217492E+003     0.8090521842E+004     0.2815366703E+006
   0.1333864594E+000     0.1000000000E+001     0.1499402570E+002     0.3372312101E+003     0.1011290687E+005     0.3790829637E+006
   0.1237243851E+000     0.1000000000E+001     0.1616496213E+002     0.3919590011E+003     0.1267200482E+005     0.5121061951E+006
   0.1146658932E+000     0.1000000000E+001     0.1744197811E+002     0.4563339007E+003     0.1591873181E+005     0.6941354296E+006
   0.1061673227E+000     0.1000000000E+001     0.1883818815E+002     0.5323159989E+003     0.2005573788E+005     0.9445344090E+006
   0.9817962546E-001     0.1000000000E+001     0.2037082532E+002     0.6224557862E+003     0.2535987618E+005     0.1291504019E+007
   0.9065383867E-001     0.1000000000E+001     0.2206194497E+002     0.7300941237E+003     0.3221459276E+005     0.1776791432E+007
   0.8354566008E-001     0.1000000000E+001     0.2393900531E+002     0.8596139626E+003     0.4115660642E+005     0.2463120549E+007
   0.7684945436E-001     0.1000000000E+001     0.2602490827E+002     0.1015943775E+004     0.5287968712E+005     0.3440472516E+007
   0.7100285276E-001     0.1000000000E+001     0.2816788231E+002     0.1190144391E+004     0.6704769425E+005     0.4721478902E+007
   0.6571324664E-001     0.1000000000E+001     0.3043526385E+002     0.1389457929E+004     0.8457703734E+005     0.6435311118E+007
   0.6084567425E-001     0.1000000000E+001     0.3287004417E+002     0.1620659705E+004     0.1065423122E+006     0.8755126269E+007
   0.5633338399E-001     0.1000000000E+001     0.3550292665E+002     0.1890686701E+004     0.1342498226E+006     0.1191565401E+008
   0.5214074368E-001     0.1000000000E+001     0.3835771910E+002     0.2206971922E+004     0.1693088181E+006     0.1623575022E+008
   0.4824465881E-001     0.1000000000E+001     0.4145536624E+002     0.2577821085E+004     0.2137290343E+006     0.2215053848E+008
   0.4462490029E-001     0.1000000000E+001     0.4481802731E+002     0.3012983358E+004     0.2700719409E+006     0.3026022906E+008
   0.4125995953E-001     0.1000000000E+001     0.4847314497E+002     0.3524468675E+004     0.3416841621E+006     0.4140626481E+008
   0.3812644933E-001     0.1000000000E+001     0.5245702223E+002     0.4127608772E+004     0.4330441302E+006     0.5679051391E+008
   0.3520033126E-001     0.1000000000E+001     0.5681764712E+002     0.4842367536E+004     0.5502638598E+006     0.7816174452E+008
   0.3245864493E-001     0.1000000000E+001     0.6161686677E+002     0.5694957405E+004     0.7018108633E+006     0.1081084662E+009
   0.2988104438E-001     0.1000000000E+001     0.6693206484E+002     0.6719851956E+004     0.8995471336E+006     0.1505213677E+009
   0.2745006376E-001     0.1000000000E+001     0.7285957576E+002     0.7962776670E+004     0.1160329060E+007     0.2113527077E+009
   0.2515703561E-001     0.1000000000E+001     0.7950062285E+002     0.9480523551E+004     0.1507415055E+007     0.2996010894E+009
   0.2306930879E-001     0.1000000000E+001     0.8669527198E+002     0.1127410528E+005     0.1954823247E+007     0.4236848326E+009
   0.2124141809E-001     0.1000000000E+001     0.9415567228E+002     0.1329793593E+005     0.2504152196E+007     0.5894503337E+009
   0.1959559782E-001     0.1000000000E+001     0.1020637400E+003     0.1562551052E+005     0.3189596086E+007     0.8138552637E+009
   0.1809389152E-001     0.1000000000E+001     0.1105345413E+003     0.1832682725E+005     0.4051494888E+007     0.1119575323E+010
   0.1671452289E-001     0.1000000000E+001     0.1196564217E+003     0.2147648889E+005     0.5139599624E+007     0.1537465250E+010
   0.1544236983E-001     0.1000000000E+001     0.1295138002E+003     0.2516073665E+005     0.6517325238E+007     0.2110208897E+010
   0.1426499335E-001     0.1000000000E+001     0.1402033601E+003     0.2948547329E+005     0.8267924861E+007     0.2897977117E+010
   0.1317124197E-001     0.1000000000E+001     0.1518459690E+003     0.3458579744E+005     0.1050342785E+008     0.3987257948E+010
   0.1215101180E-001     0.1000000000E+001     0.1645953467E+003     0.4063744221E+005     0.1337746778E+008     0.5504672365E+010
   0.1119541638E-001     0.1000000000E+001     0.1786445392E+003     0.4787080705E+005     0.1710371653E+008     0.7638713894E+010
   0.1029700086E-001     0.1000000000E+001     0.1942313133E+003     0.5658870460E+005     0.2198259682E+008     0.1067427163E+011
   0.9449702356E-002     0.1000000000E+001     0.2116468778E+003     0.6719160134E+005     0.2844178528E+008     0.1504903764E+011
   0.8651778947E-002     0.1000000000E+001     0.2311663315E+003     0.8015680922E+005     0.3705911106E+008     0.2141704688E+011
   0.7905127491E-002     0.1000000000E+001     0.2530003472E+003     0.9601376353E+005     0.4858303102E+008     0.3072880929E+011
   0.7212858745E-002     0.1000000000E+001     0.2772825686E+003     0.1153284343E+006     0.6395712899E+008     0.4433549252E+011
   0.6614712576E-002     0.1000000000E+001     0.3023562970E+003     0.1371289955E+006     0.8292363057E+008     0.6268120468E+011
   0.6086236072E-002     0.1000000000E+001     0.3286103228E+003     0.1619771163E+006     0.1064547050E+009     0.8745528739E+011
   0.5609861112E-002     0.1000000000E+001     0.3565150652E+003     0.1906544876E+006     0.1359423941E+009     0.1211637788E+012
   0.5175142408E-002     0.1000000000E+001     0.3864627951E+003     0.2240302380E+006     0.1731587039E+009     0.1672984918E+012
   0.4774919373E-002     0.1000000000E+001     0.4188552400E+003     0.2631595682E+006     0.2204515282E+009     0.2308431944E+012
   0.4403811894E-002     0.1000000000E+001     0.4541520047E+003     0.3093810651E+006     0.2810120619E+009     0.3190554782E+012
   0.4057607461E-002     0.1000000000E+001     0.4929013019E+003     0.3644275401E+006     0.3592536179E+009     0.4426914399E+012
   0.3733007449E-002     0.1000000000E+001     0.5357610526E+003     0.4305598582E+006     0.4613544056E+009     0.6179393049E+012
   0.3427394166E-002     0.1000000000E+001     0.5835337002E+003     0.5107673689E+006     0.5960999454E+009     0.8696110171E+012
   0.3139571822E-002     0.1000000000E+001     0.6370295421E+003     0.6087099563E+006     0.7755324495E+009     0.1235092703E+013
   0.2869828494E-002     0.1000000000E+001     0.6969057573E+003     0.7285164518E+006     0.1015414619E+010     0.1769120735E+013
   0.2619191158E-002     0.1000000000E+001     0.7635945141E+003     0.8746148730E+006     0.1335702238E+010     0.2549837254E+013
   0.2388361273E-002     0.1000000000E+001     0.8373942513E+003     0.1051843698E+007     0.1761615732E+010     0.3687917217E+013
   0.2176943049E-002     0.1000000000E+001     0.9187194864E+003     0.1266068242E+007     0.2326323130E+010     0.5343095979E+013
   0.1992372007E-002     0.1000000000E+001     0.1003828599E+004     0.1511507784E+007     0.3034589482E+010     0.7615519271E+013
   0.1830476964E-002     0.1000000000E+001     0.1092611401E+004     0.1790699511E+007     0.3913077402E+010     0.1068868246E+014
   0.1684749424E-002     0.1000000000E+001     0.1187120156E+004     0.2113881398E+007     0.5018862431E+010     0.1489498188E+014
   0.1551377632E-002     0.1000000000E+001     0.1289176767E+004     0.2492965106E+007     0.6427745392E+010     0.2071625006E+014
   0.1427901040E-002     0.1000000000E+001     0.1400657290E+004     0.2942761265E+007     0.8243600035E+010     0.2886614621E+014
   0.1312647295E-002     0.1000000000E+001     0.1523638534E+004     0.3482211574E+007     0.1061126348E+011     0.4041932482E+014
   0.1204420160E-002     0.1000000000E+001     0.1660550086E+004     0.4136139883E+007     0.1373653488E+011     0.5702551044E+014
   0.1102707929E-002     0.1000000000E+001     0.1813716893E+004     0.4934353454E+007     0.1789904043E+011     0.8115948003E+014
   0.1007577449E-002     0.1000000000E+001     0.1984959074E+004     0.5910093787E+007     0.2346258858E+011     0.1164306952E+015
   0.9193503883E-003     0.1000000000E+001     0.2175449127E+004     0.7098868359E+007     0.3088645395E+011     0.1679797733E+015
   0.8382097224E-003     0.1000000000E+001     0.2386037702E+004     0.8539763875E+007     0.4075239715E+011     0.2430918901E+015
   0.7639419566E-003     0.1000000000E+001     0.2617999944E+004     0.1028088556E+008     0.5383071567E+011     0.3523220266E+015
   0.6959294321E-003     0.1000000000E+001     0.2873854600E+004     0.1238856040E+008     0.7120584258E+011     0.5115880957E+015
   0.6333225794E-003     0.1000000000E+001     0.3157948358E+004     0.1495895675E+008     0.9447922583E+011     0.7459012903E+015
   0.5795816960E-003     0.1000000000E+001     0.3450764601E+004     0.1786166450E+008     0.1232727991E+012     0.1063463529E+016
   0.5317464808E-003     0.1000000000E+001     0.3761190854E+004     0.2121983496E+008     0.1596236983E+012     0.1500937986E+016
   0.4881298323E-003     0.1000000000E+001     0.4097270578E+004     0.2518143928E+008     0.2063503406E+012     0.2113682948E+016
   0.4477590659E-003     0.1000000000E+001     0.4466687896E+004     0.2992695114E+008     0.2673487009E+012     0.2985408015E+016
   0.4100646974E-003     0.1000000000E+001     0.4877279153E+004     0.3568177790E+008     0.3480599830E+012     0.4243964247E+016
   0.3748410076E-003     0.1000000000E+001     0.5335595518E+004     0.4270286930E+008     0.4556904761E+012     0.6078450155E+016
   0.3421054887E-003     0.1000000000E+001     0.5846149993E+004     0.5126620461E+008     0.5994198434E+012     0.8760745782E+016
   0.3119274858E-003     0.1000000000E+001     0.6411746612E+004     0.6166574192E+008     0.7907702237E+012     0.1267554576E+017
   0.2842872217E-003     0.1000000000E+001     0.7035138575E+004     0.7423976216E+008     0.1044574029E+013     0.1837180762E+017
   0.2590193313E-003     0.1000000000E+001     0.7721431407E+004     0.8943075445E+008     0.1381066872E+013     0.2665953281E+017
   0.2358451056E-003     0.1000000000E+001     0.8480142060E+004     0.1078692140E+009     0.1829492518E+013     0.3878589113E+017
   0.2144429301E-003     0.1000000000E+001     0.9326490733E+004     0.1304751441E+009     0.2433750444E+013     0.5674587741E+017
   0.1945083162E-003     0.1000000000E+001     0.1028233671E+005     0.1585896723E+009     0.3261344817E+013     0.8383561383E+017
   0.1757907001E-003     0.1000000000E+001     0.1137716613E+005     0.1941598638E+009     0.4417978054E+013     0.1256601757E+018
   0.1581163630E-003     0.1000000000E+001     0.1264891224E+005     0.2399924715E+009     0.6071287422E+013     0.1919879545E+018
   0.1415170466E-003     0.1000000000E+001     0.1413257306E+005     0.2995944321E+009     0.8468080401E+013     0.2991894124E+018
   0.1263529245E-003     0.1000000000E+001     0.1582867993E+005     0.3758206626E+009     0.1189748996E+014     0.4708039013E+018
   0.1128546291E-003     0.1000000000E+001     0.1772191372E+005     0.4710993389E+009     0.1669756368E+014     0.7397819570E+018
   0.1009086958E-003     0.1000000000E+001     0.1981989742E+005     0.5892425007E+009     0.2335745184E+014     0.1157355749E+019
   0.9019014670E-004     0.1000000000E+001     0.2217537140E+005     0.7376206453E+009     0.3271402353E+014     0.1813614054E+019
   0.8035332394E-004     0.1000000000E+001     0.2489007177E+005     0.9292735091E+009     0.4625936867E+014     0.2878497516E+019
   0.7111373749E-004     0.1000000000E+001     0.2812396129E+005     0.1186435798E+010     0.6673454889E+014     0.4692099673E+019
   0.6666222252E-004     0.1000000000E+001     0.3000200000E+005     0.1350180006E+010     0.8101620108E+014     0.6076620162E+019
