   0.0000000000E+000
   0.1000000000E+002
   0.2000000000E+002
   0.3000000000E+002
   0.4000000000E+002
   0.5000000000E+002
   0.6000000000E+002
   0.7000000000E+002
   0.8000000000E+002
   0.9000000000E+002
   0.1000000000E+003
   0.1100000000E+003
   0.1200000000E+003
   0.1300000000E+003
   0.1400000000E+003
   0.1500000000E+003
   0.1600000000E+003
   0.1700000000E+003
   0.1800000000E+003
   0.1900000000E+003
   0.2000000000E+003
   0.2100000000E+003
   0.2200000000E+003
   0.2300000000E+003
   0.2400000000E+003
   0.2500000000E+003
   0.2600000000E+003
   0.2700000000E+003
   0.2800000000E+003
   0.2900000000E+003
   0.3000000000E+003
   0.3100000000E+003
   0.3200000000E+003
   0.3300000000E+003
   0.3400000000E+003
   0.3500000000E+003
   0.3600000000E+003
   0.3700000000E+003
   0.3800000000E+003
   0.3900000000E+003
   0.4000000000E+003
   0.4100000000E+003
   0.4200000000E+003
   0.4300000000E+003
   0.4400000000E+003
   0.4500000000E+003
   0.4600000000E+003
   0.4700000000E+003
   0.4800000000E+003
   0.4900000000E+003
   0.5000000000E+003
   0.5100000000E+003
   0.5200000000E+003
   0.5300000000E+003
   0.5400000000E+003
   0.5500000000E+003
   0.5600000000E+003
   0.5700000000E+003
   0.5800000000E+003
   0.5900000000E+003
   0.6000000000E+003
   0.6100000000E+003
   0.6200000000E+003
   0.6300000000E+003
   0.6400000000E+003
   0.6500000000E+003
   0.6600000000E+003
   0.6700000000E+003
   0.6800000000E+003
   0.6900000000E+003
   0.7000000000E+003
   0.7100000000E+003
   0.7200000000E+003
   0.7300000000E+003
   0.7400000000E+003
   0.7500000000E+003
   0.7600000000E+003
   0.7700000000E+003
   0.7800000000E+003
   0.7900000000E+003
   0.8000000000E+003
   0.8100000000E+003
   0.8200000000E+003
   0.8300000000E+003
   0.8400000000E+003
   0.8500000000E+003
   0.8600000000E+003
   0.8700000000E+003
   0.8800000000E+003
   0.8900000000E+003
   0.9000000000E+003
   0.9100000000E+003
   0.9200000000E+003
   0.9300000000E+003
   0.9400000000E+003
   0.9500000000E+003
   0.9600000000E+003
   0.9700000000E+003
   0.9800000000E+003
   0.9900000000E+003
   0.1000000000E+004
   0.1010000000E+004
   0.1020000000E+004
   0.1030000000E+004
   0.1040000000E+004
   0.1050000000E+004
   0.1060000000E+004
   0.1070000000E+004
   0.1080000000E+004
   0.1090000000E+004
   0.1100000000E+004
   0.1110000000E+004
   0.1120000000E+004
   0.1130000000E+004
   0.1140000000E+004
   0.1150000000E+004
   0.1160000000E+004
   0.1170000000E+004
   0.1180000000E+004
   0.1190000000E+004
   0.1200000000E+004
   0.1210000000E+004
   0.1220000000E+004
   0.1230000000E+004
   0.1240000000E+004
   0.1250000000E+004
   0.1260000000E+004
   0.1270000000E+004
   0.1280000000E+004
   0.1290000000E+004
   0.1300000000E+004
   0.1310000000E+004
   0.1320000000E+004
   0.1330000000E+004
   0.1340000000E+004
   0.1350000000E+004
   0.1360000000E+004
   0.1370000000E+004
   0.1380000000E+004
   0.1390000000E+004
   0.1400000000E+004
   0.1410000000E+004
   0.1420000000E+004
   0.1430000000E+004
   0.1440000000E+004
   0.1450000000E+004
   0.1460000000E+004
   0.1470000000E+004
   0.1480000000E+004
   0.1490000000E+004
   0.1500000000E+004
   0.1510000000E+004
   0.1520000000E+004
   0.1530000000E+004
   0.1540000000E+004
   0.1550000000E+004
   0.1560000000E+004
   0.1570000000E+004
   0.1580000000E+004
   0.1590000000E+004
   0.1600000000E+004
   0.1610000000E+004
   0.1620000000E+004
   0.1630000000E+004
   0.1640000000E+004
   0.1650000000E+004
   0.1660000000E+004
   0.1670000000E+004
   0.1680000000E+004
   0.1690000000E+004
   0.1700000000E+004
   0.1710000000E+004
   0.1720000000E+004
   0.1730000000E+004
   0.1740000000E+004
   0.1750000000E+004
   0.1760000000E+004
   0.1770000000E+004
   0.1780000000E+004
   0.1790000000E+004
   0.1800000000E+004
   0.1810000000E+004
   0.1820000000E+004
   0.1830000000E+004
   0.1840000000E+004
   0.1850000000E+004
   0.1860000000E+004
   0.1870000000E+004
   0.1880000000E+004
   0.1890000000E+004
   0.1900000000E+004
   0.1910000000E+004
   0.1920000000E+004
   0.1930000000E+004
   0.1940000000E+004
   0.1950000000E+004
   0.1960000000E+004
   0.1970000000E+004
   0.1980000000E+004
   0.1990000000E+004
   0.2000000000E+004
   0.2010000000E+004
   0.2020000000E+004
   0.2030000000E+004
   0.2040000000E+004
   0.2050000000E+004
   0.2060000000E+004
   0.2070000000E+004
   0.2080000000E+004
   0.2090000000E+004
   0.2100000000E+004
   0.2110000000E+004
   0.2120000000E+004
   0.2130000000E+004
   0.2140000000E+004
   0.2150000000E+004
   0.2160000000E+004
   0.2170000000E+004
   0.2180000000E+004
   0.2190000000E+004
   0.2200000000E+004
   0.2210000000E+004
   0.2220000000E+004
   0.2230000000E+004
   0.2240000000E+004
   0.2250000000E+004
   0.2260000000E+004
   0.2270000000E+004
   0.2280000000E+004
   0.2290000000E+004
   0.2300000000E+004
   0.2310000000E+004
   0.2320000000E+004
   0.2330000000E+004
   0.2340000000E+004
   0.2350000000E+004
   0.2360000000E+004
   0.2370000000E+004
   0.2380000000E+004
   0.2390000000E+004
   0.2400000000E+004
   0.2410000000E+004
   0.2420000000E+004
   0.2430000000E+004
   0.2440000000E+004
   0.2450000000E+004
   0.2460000000E+004
   0.2470000000E+004
   0.2480000000E+004
   0.2490000000E+004
   0.2500000000E+004
   0.2510000000E+004
   0.2520000000E+004
   0.2530000000E+004
   0.2540000000E+004
   0.2550000000E+004
   0.2560000000E+004
   0.2570000000E+004
   0.2580000000E+004
   0.2590000000E+004
   0.2600000000E+004
   0.2610000000E+004
   0.2620000000E+004
   0.2630000000E+004
   0.2640000000E+004
   0.2650000000E+004
   0.2660000000E+004
   0.2670000000E+004
   0.2680000000E+004
   0.2690000000E+004
   0.2700000000E+004
   0.2710000000E+004
   0.2720000000E+004
   0.2730000000E+004
   0.2740000000E+004
   0.2750000000E+004
   0.2760000000E+004
   0.2770000000E+004
   0.2780000000E+004
   0.2790000000E+004
   0.2800000000E+004
   0.2810000000E+004
   0.2820000000E+004
   0.2830000000E+004
   0.2840000000E+004
   0.2850000000E+004
   0.2860000000E+004
   0.2870000000E+004
   0.2880000000E+004
   0.2890000000E+004
   0.2900000000E+004
   0.2910000000E+004
   0.2920000000E+004
   0.2930000000E+004
   0.2940000000E+004
   0.2950000000E+004
   0.2960000000E+004
   0.2970000000E+004
   0.2980000000E+004
   0.2990000000E+004
   0.3000000000E+004
   0.3010000000E+004
   0.3020000000E+004
   0.3030000000E+004
   0.3040000000E+004
   0.3050000000E+004
   0.3060000000E+004
   0.3070000000E+004
   0.3080000000E+004
   0.3090000000E+004
   0.3100000000E+004
   0.3110000000E+004
   0.3120000000E+004
   0.3130000000E+004
   0.3140000000E+004
   0.3150000000E+004
   0.3160000000E+004
   0.3170000000E+004
   0.3180000000E+004
   0.3190000000E+004
   0.3200000000E+004
   0.3210000000E+004
   0.3220000000E+004
   0.3230000000E+004
   0.3240000000E+004
   0.3250000000E+004
   0.3260000000E+004
   0.3270000000E+004
   0.3280000000E+004
   0.3290000000E+004
   0.3300000000E+004
   0.3310000000E+004
   0.3320000000E+004
   0.3330000000E+004
   0.3340000000E+004
   0.3350000000E+004
   0.3360000000E+004
   0.3370000000E+004
   0.3380000000E+004
   0.3390000000E+004
   0.3400000000E+004
   0.3410000000E+004
   0.3420000000E+004
   0.3430000000E+004
   0.3440000000E+004
   0.3450000000E+004
   0.3460000000E+004
   0.3470000000E+004
   0.3480000000E+004
   0.3490000000E+004
   0.3500000000E+004
   0.3510000000E+004
   0.3520000000E+004
   0.3530000000E+004
   0.3540000000E+004
   0.3550000000E+004
   0.3560000000E+004
   0.3570000000E+004
   0.3580000000E+004
   0.3590000000E+004
   0.3600000000E+004
   0.3610000000E+004
   0.3620000000E+004
   0.3630000000E+004
   0.3640000000E+004
   0.3650000000E+004
   0.3660000000E+004
   0.3670000000E+004
   0.3680000000E+004
   0.3690000000E+004
   0.3700000000E+004
   0.3710000000E+004
   0.3720000000E+004
   0.3730000000E+004
   0.3740000000E+004
   0.3750000000E+004
   0.3760000000E+004
   0.3770000000E+004
   0.3780000000E+004
   0.3790000000E+004
   0.3800000000E+004
   0.3810000000E+004
   0.3820000000E+004
   0.3830000000E+004
   0.3840000000E+004
   0.3850000000E+004
   0.3860000000E+004
   0.3870000000E+004
   0.3880000000E+004
   0.3890000000E+004
   0.3900000000E+004
   0.3910000000E+004
   0.3920000000E+004
   0.3930000000E+004
   0.3940000000E+004
   0.3950000000E+004
   0.3960000000E+004
   0.3970000000E+004
   0.3980000000E+004
   0.3990000000E+004
   0.4000000000E+004
   0.4010000000E+004
   0.4020000000E+004
   0.4030000000E+004
   0.4040000000E+004
   0.4050000000E+004
   0.4060000000E+004
   0.4070000000E+004
   0.4080000000E+004
   0.4090000000E+004
   0.4100000000E+004
   0.4110000000E+004
   0.4120000000E+004
   0.4130000000E+004
   0.4140000000E+004
   0.4150000000E+004
   0.4160000000E+004
   0.4170000000E+004
   0.4180000000E+004
   0.4190000000E+004
   0.4200000000E+004
   0.4210000000E+004
   0.4220000000E+004
   0.4230000000E+004
   0.4240000000E+004
   0.4250000000E+004
   0.4260000000E+004
   0.4270000000E+004
   0.4280000000E+004
   0.4290000000E+004
   0.4300000000E+004
   0.4310000000E+004
   0.4320000000E+004
   0.4330000000E+004
   0.4340000000E+004
   0.4350000000E+004
   0.4360000000E+004
   0.4370000000E+004
   0.4380000000E+004
   0.4390000000E+004
   0.4400000000E+004
   0.4410000000E+004
   0.4420000000E+004
   0.4430000000E+004
   0.4440000000E+004
   0.4450000000E+004
   0.4460000000E+004
   0.4470000000E+004
   0.4480000000E+004
   0.4490000000E+004
   0.4500000000E+004
   0.4510000000E+004
   0.4520000000E+004
   0.4530000000E+004
   0.4540000000E+004
   0.4550000000E+004
   0.4560000000E+004
   0.4570000000E+004
   0.4580000000E+004
   0.4590000000E+004
   0.4600000000E+004
   0.4610000000E+004
   0.4620000000E+004
   0.4630000000E+004
   0.4640000000E+004
   0.4650000000E+004
   0.4660000000E+004
   0.4670000000E+004
   0.4680000000E+004
   0.4690000000E+004
   0.4700000000E+004
   0.4710000000E+004
   0.4720000000E+004
   0.4730000000E+004
   0.4740000000E+004
   0.4750000000E+004
   0.4760000000E+004
   0.4770000000E+004
   0.4780000000E+004
   0.4790000000E+004
   0.4800000000E+004
   0.4810000000E+004
   0.4820000000E+004
   0.4830000000E+004
   0.4840000000E+004
   0.4850000000E+004
   0.4860000000E+004
   0.4870000000E+004
   0.4880000000E+004
   0.4890000000E+004
   0.4900000000E+004
   0.4910000000E+004
   0.4920000000E+004
   0.4930000000E+004
   0.4940000000E+004
   0.4950000000E+004
   0.4960000000E+004
   0.4970000000E+004
   0.4980000000E+004
   0.4990000000E+004
   0.5000000000E+004
   0.5010000000E+004
   0.5020000000E+004
   0.5030000000E+004
   0.5040000000E+004
   0.5050000000E+004
   0.5060000000E+004
   0.5070000000E+004
   0.5080000000E+004
   0.5090000000E+004
   0.5100000000E+004
   0.5110000000E+004
   0.5120000000E+004
   0.5130000000E+004
   0.5140000000E+004
   0.5150000000E+004
   0.5160000000E+004
   0.5170000000E+004
   0.5180000000E+004
   0.5190000000E+004
   0.5200000000E+004
   0.5210000000E+004
   0.5220000000E+004
   0.5230000000E+004
   0.5240000000E+004
   0.5250000000E+004
   0.5260000000E+004
   0.5270000000E+004
   0.5280000000E+004
   0.5290000000E+004
   0.5300000000E+004
   0.5310000000E+004
   0.5320000000E+004
   0.5330000000E+004
   0.5340000000E+004
   0.5350000000E+004
   0.5360000000E+004
   0.5370000000E+004
   0.5380000000E+004
   0.5390000000E+004
   0.5400000000E+004
   0.5410000000E+004
   0.5420000000E+004
   0.5430000000E+004
   0.5440000000E+004
   0.5450000000E+004
   0.5460000000E+004
   0.5470000000E+004
   0.5480000000E+004
   0.5490000000E+004
   0.5500000000E+004
   0.5510000000E+004
   0.5520000000E+004
   0.5530000000E+004
   0.5540000000E+004
   0.5550000000E+004
   0.5560000000E+004
   0.5570000000E+004
   0.5580000000E+004
   0.5590000000E+004
   0.5600000000E+004
   0.5610000000E+004
   0.5620000000E+004
   0.5630000000E+004
   0.5640000000E+004
   0.5650000000E+004
   0.5660000000E+004
   0.5670000000E+004
   0.5680000000E+004
   0.5690000000E+004
   0.5700000000E+004
   0.5710000000E+004
   0.5720000000E+004
   0.5730000000E+004
   0.5740000000E+004
   0.5750000000E+004
   0.5760000000E+004
   0.5770000000E+004
   0.5780000000E+004
   0.5790000000E+004
   0.5800000000E+004
   0.5810000000E+004
   0.5820000000E+004
   0.5830000000E+004
   0.5840000000E+004
   0.5850000000E+004
   0.5860000000E+004
   0.5870000000E+004
   0.5880000000E+004
   0.5890000000E+004
   0.5900000000E+004
   0.5910000000E+004
   0.5920000000E+004
   0.5930000000E+004
   0.5940000000E+004
   0.5950000000E+004
   0.5960000000E+004
   0.5970000000E+004
   0.5980000000E+004
   0.5990000000E+004
   0.6000000000E+004
   0.6010000000E+004
   0.6020000000E+004
   0.6030000000E+004
   0.6040000000E+004
   0.6050000000E+004
   0.6060000000E+004
   0.6070000000E+004
   0.6080000000E+004
   0.6090000000E+004
   0.6100000000E+004
   0.6110000000E+004
   0.6120000000E+004
   0.6130000000E+004
   0.6140000000E+004
   0.6150000000E+004
   0.6160000000E+004
   0.6170000000E+004
   0.6180000000E+004
   0.6190000000E+004
   0.6200000000E+004
   0.6210000000E+004
   0.6220000000E+004
   0.6230000000E+004
   0.6240000000E+004
   0.6250000000E+004
   0.6260000000E+004
   0.6270000000E+004
   0.6280000000E+004
   0.6290000000E+004
   0.6300000000E+004
   0.6310000000E+004
   0.6320000000E+004
   0.6330000000E+004
   0.6340000000E+004
   0.6350000000E+004
   0.6360000000E+004
   0.6370000000E+004
   0.6380000000E+004
   0.6390000000E+004
   0.6400000000E+004
   0.6410000000E+004
   0.6420000000E+004
   0.6430000000E+004
   0.6440000000E+004
   0.6450000000E+004
   0.6460000000E+004
   0.6470000000E+004
   0.6480000000E+004
   0.6490000000E+004
   0.6500000000E+004
   0.6510000000E+004
   0.6520000000E+004
   0.6530000000E+004
   0.6540000000E+004
   0.6550000000E+004
   0.6560000000E+004
   0.6570000000E+004
   0.6580000000E+004
   0.6590000000E+004
   0.6600000000E+004
   0.6610000000E+004
   0.6620000000E+004
   0.6630000000E+004
   0.6640000000E+004
   0.6650000000E+004
   0.6660000000E+004
   0.6670000000E+004
   0.6680000000E+004
   0.6690000000E+004
   0.6700000000E+004
   0.6710000000E+004
   0.6720000000E+004
   0.6730000000E+004
   0.6740000000E+004
   0.6750000000E+004
   0.6760000000E+004
   0.6770000000E+004
   0.6780000000E+004
   0.6790000000E+004
   0.6800000000E+004
   0.6810000000E+004
   0.6820000000E+004
   0.6830000000E+004
   0.6840000000E+004
   0.6850000000E+004
   0.6860000000E+004
   0.6870000000E+004
   0.6880000000E+004
   0.6890000000E+004
   0.6900000000E+004
   0.6910000000E+004
   0.6920000000E+004
   0.6930000000E+004
   0.6940000000E+004
   0.6950000000E+004
   0.6960000000E+004
   0.6970000000E+004
   0.6980000000E+004
   0.6990000000E+004
   0.7000000000E+004
   0.7010000000E+004
   0.7020000000E+004
   0.7030000000E+004
   0.7040000000E+004
   0.7050000000E+004
   0.7060000000E+004
   0.7070000000E+004
   0.7080000000E+004
   0.7090000000E+004
   0.7100000000E+004
   0.7110000000E+004
   0.7120000000E+004
   0.7130000000E+004
   0.7140000000E+004
   0.7150000000E+004
   0.7160000000E+004
   0.7170000000E+004
   0.7180000000E+004
   0.7190000000E+004
   0.7200000000E+004
   0.7210000000E+004
   0.7220000000E+004
   0.7230000000E+004
   0.7240000000E+004
   0.7250000000E+004
   0.7260000000E+004
   0.7270000000E+004
   0.7280000000E+004
   0.7290000000E+004
   0.7300000000E+004
   0.7310000000E+004
   0.7320000000E+004
   0.7330000000E+004
   0.7340000000E+004
   0.7350000000E+004
   0.7360000000E+004
   0.7370000000E+004
   0.7380000000E+004
   0.7390000000E+004
   0.7400000000E+004
   0.7410000000E+004
   0.7420000000E+004
   0.7430000000E+004
   0.7440000000E+004
   0.7450000000E+004
   0.7460000000E+004
   0.7470000000E+004
   0.7480000000E+004
   0.7490000000E+004
   0.7500000000E+004
   0.7510000000E+004
   0.7520000000E+004
   0.7530000000E+004
   0.7540000000E+004
   0.7550000000E+004
   0.7560000000E+004
   0.7570000000E+004
   0.7580000000E+004
   0.7590000000E+004
   0.7600000000E+004
   0.7610000000E+004
   0.7620000000E+004
   0.7630000000E+004
   0.7640000000E+004
   0.7650000000E+004
   0.7660000000E+004
   0.7670000000E+004
   0.7680000000E+004
   0.7690000000E+004
   0.7700000000E+004
   0.7710000000E+004
   0.7720000000E+004
   0.7730000000E+004
   0.7740000000E+004
   0.7750000000E+004
   0.7760000000E+004
   0.7770000000E+004
   0.7780000000E+004
   0.7790000000E+004
   0.7800000000E+004
   0.7810000000E+004
   0.7820000000E+004
   0.7830000000E+004
   0.7840000000E+004
   0.7850000000E+004
   0.7860000000E+004
   0.7870000000E+004
   0.7880000000E+004
   0.7890000000E+004
   0.7900000000E+004
   0.7910000000E+004
   0.7920000000E+004
   0.7930000000E+004
   0.7940000000E+004
   0.7950000000E+004
   0.7960000000E+004
   0.7970000000E+004
   0.7980000000E+004
   0.7990000000E+004
   0.8000000000E+004
   0.8010000000E+004
   0.8020000000E+004
   0.8030000000E+004
   0.8040000000E+004
   0.8050000000E+004
   0.8060000000E+004
   0.8070000000E+004
   0.8080000000E+004
   0.8090000000E+004
   0.8100000000E+004
   0.8110000000E+004
   0.8120000000E+004
   0.8130000000E+004
   0.8140000000E+004
   0.8150000000E+004
   0.8160000000E+004
   0.8170000000E+004
   0.8180000000E+004
   0.8190000000E+004
   0.8200000000E+004
   0.8210000000E+004
   0.8220000000E+004
   0.8230000000E+004
   0.8240000000E+004
   0.8250000000E+004
   0.8260000000E+004
   0.8270000000E+004
   0.8280000000E+004
   0.8290000000E+004
   0.8300000000E+004
   0.8310000000E+004
   0.8320000000E+004
   0.8330000000E+004
   0.8340000000E+004
   0.8350000000E+004
   0.8360000000E+004
   0.8370000000E+004
   0.8380000000E+004
   0.8390000000E+004
   0.8400000000E+004
   0.8410000000E+004
   0.8420000000E+004
   0.8430000000E+004
   0.8440000000E+004
   0.8450000000E+004
   0.8460000000E+004
   0.8470000000E+004
   0.8480000000E+004
   0.8490000000E+004
   0.8500000000E+004
   0.8510000000E+004
   0.8520000000E+004
   0.8530000000E+004
   0.8540000000E+004
   0.8550000000E+004
   0.8560000000E+004
   0.8570000000E+004
   0.8580000000E+004
   0.8590000000E+004
   0.8600000000E+004
   0.8610000000E+004
   0.8620000000E+004
   0.8630000000E+004
   0.8640000000E+004
   0.8650000000E+004
   0.8660000000E+004
   0.8670000000E+004
   0.8680000000E+004
   0.8690000000E+004
   0.8700000000E+004
   0.8710000000E+004
   0.8720000000E+004
   0.8730000000E+004
   0.8740000000E+004
   0.8750000000E+004
   0.8760000000E+004
   0.8770000000E+004
   0.8780000000E+004
   0.8790000000E+004
   0.8800000000E+004
   0.8810000000E+004
   0.8820000000E+004
   0.8830000000E+004
   0.8840000000E+004
   0.8850000000E+004
   0.8860000000E+004
   0.8870000000E+004
   0.8880000000E+004
   0.8890000000E+004
   0.8900000000E+004
   0.8910000000E+004
   0.8920000000E+004
   0.8930000000E+004
   0.8940000000E+004
   0.8950000000E+004
   0.8960000000E+004
   0.8970000000E+004
   0.8980000000E+004
   0.8990000000E+004
   0.9000000000E+004
   0.9010000000E+004
   0.9020000000E+004
   0.9030000000E+004
   0.9040000000E+004
   0.9050000000E+004
   0.9060000000E+004
   0.9070000000E+004
   0.9080000000E+004
   0.9090000000E+004
   0.9100000000E+004
   0.9110000000E+004
   0.9120000000E+004
   0.9130000000E+004
   0.9140000000E+004
   0.9150000000E+004
   0.9160000000E+004
   0.9170000000E+004
   0.9180000000E+004
   0.9190000000E+004
   0.9200000000E+004
   0.9210000000E+004
   0.9220000000E+004
   0.9230000000E+004
   0.9240000000E+004
   0.9250000000E+004
   0.9260000000E+004
   0.9270000000E+004
   0.9280000000E+004
   0.9290000000E+004
   0.9300000000E+004
   0.9310000000E+004
   0.9320000000E+004
   0.9330000000E+004
   0.9340000000E+004
   0.9350000000E+004
   0.9360000000E+004
   0.9370000000E+004
   0.9380000000E+004
   0.9390000000E+004
   0.9400000000E+004
   0.9410000000E+004
   0.9420000000E+004
   0.9430000000E+004
   0.9440000000E+004
   0.9450000000E+004
   0.9460000000E+004
   0.9470000000E+004
   0.9480000000E+004
   0.9490000000E+004
   0.9500000000E+004
   0.9510000000E+004
   0.9520000000E+004
   0.9530000000E+004
   0.9540000000E+004
   0.9550000000E+004
   0.9560000000E+004
   0.9570000000E+004
   0.9580000000E+004
   0.9590000000E+004
   0.9600000000E+004
   0.9610000000E+004
   0.9620000000E+004
   0.9630000000E+004
   0.9640000000E+004
   0.9650000000E+004
   0.9660000000E+004
   0.9670000000E+004
   0.9680000000E+004
   0.9690000000E+004
   0.9700000000E+004
   0.9710000000E+004
   0.9720000000E+004
   0.9730000000E+004
   0.9740000000E+004
   0.9750000000E+004
   0.9760000000E+004
   0.9770000000E+004
   0.9780000000E+004
   0.9790000000E+004
   0.9800000000E+004
   0.9810000000E+004
   0.9820000000E+004
   0.9830000000E+004
   0.9840000000E+004
   0.9850000000E+004
   0.9860000000E+004
   0.9870000000E+004
   0.9880000000E+004
   0.9890000000E+004
   0.9900000000E+004
   0.9910000000E+004
   0.9920000000E+004
   0.9930000000E+004
   0.9940000000E+004
   0.9950000000E+004
   0.9960000000E+004
   0.9970000000E+004
   0.9980000000E+004
   0.9990000000E+004
   0.1000000000E+005
   0.1001000000E+005
   0.1002000000E+005
   0.1003000000E+005
   0.1004000000E+005
   0.1005000000E+005
   0.1006000000E+005
   0.1007000000E+005
   0.1008000000E+005
   0.1009000000E+005
   0.1010000000E+005
   0.1011000000E+005
   0.1012000000E+005
   0.1013000000E+005
   0.1014000000E+005
   0.1015000000E+005
   0.1016000000E+005
   0.1017000000E+005
   0.1018000000E+005
   0.1019000000E+005
   0.1020000000E+005
   0.1021000000E+005
   0.1022000000E+005
   0.1023000000E+005
   0.1024000000E+005
   0.1025000000E+005
   0.1026000000E+005
   0.1027000000E+005
   0.1028000000E+005
   0.1029000000E+005
   0.1030000000E+005
   0.1031000000E+005
   0.1032000000E+005
   0.1033000000E+005
   0.1034000000E+005
   0.1035000000E+005
   0.1036000000E+005
   0.1037000000E+005
   0.1038000000E+005
   0.1039000000E+005
   0.1040000000E+005
   0.1041000000E+005
   0.1042000000E+005
   0.1043000000E+005
   0.1044000000E+005
   0.1045000000E+005
   0.1046000000E+005
   0.1047000000E+005
   0.1048000000E+005
   0.1049000000E+005
   0.1050000000E+005
   0.1051000000E+005
   0.1052000000E+005
   0.1053000000E+005
   0.1054000000E+005
   0.1055000000E+005
   0.1056000000E+005
   0.1057000000E+005
   0.1058000000E+005
   0.1059000000E+005
   0.1060000000E+005
   0.1061000000E+005
   0.1062000000E+005
   0.1063000000E+005
   0.1064000000E+005
   0.1065000000E+005
   0.1066000000E+005
   0.1067000000E+005
   0.1068000000E+005
   0.1069000000E+005
   0.1070000000E+005
   0.1071000000E+005
   0.1072000000E+005
   0.1073000000E+005
   0.1074000000E+005
   0.1075000000E+005
   0.1076000000E+005
   0.1077000000E+005
   0.1078000000E+005
   0.1079000000E+005
   0.1080000000E+005
   0.1081000000E+005
   0.1082000000E+005
   0.1083000000E+005
   0.1084000000E+005
   0.1085000000E+005
   0.1086000000E+005
   0.1087000000E+005
   0.1088000000E+005
   0.1089000000E+005
   0.1090000000E+005
   0.1091000000E+005
   0.1092000000E+005
   0.1093000000E+005
   0.1094000000E+005
   0.1095000000E+005
   0.1096000000E+005
   0.1097000000E+005
   0.1098000000E+005
   0.1099000000E+005
   0.1100000000E+005
   0.1101000000E+005
   0.1102000000E+005
   0.1103000000E+005
   0.1104000000E+005
   0.1105000000E+005
   0.1106000000E+005
   0.1107000000E+005
   0.1108000000E+005
   0.1109000000E+005
   0.1110000000E+005
   0.1111000000E+005
   0.1112000000E+005
   0.1113000000E+005
   0.1114000000E+005
   0.1115000000E+005
   0.1116000000E+005
   0.1117000000E+005
   0.1118000000E+005
   0.1119000000E+005
   0.1120000000E+005
   0.1121000000E+005
   0.1122000000E+005
   0.1123000000E+005
   0.1124000000E+005
   0.1125000000E+005
   0.1126000000E+005
   0.1127000000E+005
   0.1128000000E+005
   0.1129000000E+005
   0.1130000000E+005
   0.1131000000E+005
   0.1132000000E+005
   0.1133000000E+005
   0.1134000000E+005
   0.1135000000E+005
   0.1136000000E+005
   0.1137000000E+005
   0.1138000000E+005
   0.1139000000E+005
   0.1140000000E+005
   0.1141000000E+005
   0.1142000000E+005
   0.1143000000E+005
   0.1144000000E+005
   0.1145000000E+005
   0.1146000000E+005
   0.1147000000E+005
   0.1148000000E+005
   0.1149000000E+005
   0.1150000000E+005
   0.1151000000E+005
   0.1152000000E+005
   0.1153000000E+005
   0.1154000000E+005
   0.1155000000E+005
   0.1156000000E+005
   0.1157000000E+005
   0.1158000000E+005
   0.1159000000E+005
   0.1160000000E+005
   0.1161000000E+005
   0.1162000000E+005
   0.1163000000E+005
   0.1164000000E+005
   0.1165000000E+005
   0.1166000000E+005
   0.1167000000E+005
   0.1168000000E+005
   0.1169000000E+005
   0.1170000000E+005
   0.1171000000E+005
   0.1172000000E+005
   0.1173000000E+005
   0.1174000000E+005
   0.1175000000E+005
   0.1176000000E+005
   0.1177000000E+005
   0.1178000000E+005
   0.1179000000E+005
   0.1180000000E+005
   0.1181000000E+005
   0.1182000000E+005
   0.1183000000E+005
   0.1184000000E+005
   0.1185000000E+005
   0.1186000000E+005
   0.1187000000E+005
   0.1188000000E+005
   0.1189000000E+005
   0.1190000000E+005
   0.1191000000E+005
   0.1192000000E+005
   0.1193000000E+005
   0.1194000000E+005
   0.1195000000E+005
   0.1196000000E+005
   0.1197000000E+005
   0.1198000000E+005
   0.1199000000E+005
   0.1200000000E+005
   0.1201000000E+005
   0.1202000000E+005
   0.1203000000E+005
   0.1204000000E+005
   0.1205000000E+005
   0.1206000000E+005
   0.1207000000E+005
   0.1208000000E+005
   0.1209000000E+005
   0.1210000000E+005
   0.1211000000E+005
   0.1212000000E+005
   0.1213000000E+005
   0.1214000000E+005
   0.1215000000E+005
   0.1216000000E+005
   0.1217000000E+005
   0.1218000000E+005
   0.1219000000E+005
   0.1220000000E+005
   0.1221000000E+005
   0.1222000000E+005
   0.1223000000E+005
   0.1224000000E+005
   0.1225000000E+005
   0.1226000000E+005
   0.1227000000E+005
   0.1228000000E+005
   0.1229000000E+005
   0.1230000000E+005
   0.1231000000E+005
   0.1232000000E+005
   0.1233000000E+005
   0.1234000000E+005
   0.1235000000E+005
   0.1236000000E+005
   0.1237000000E+005
   0.1238000000E+005
   0.1239000000E+005
   0.1240000000E+005
   0.1241000000E+005
   0.1242000000E+005
   0.1243000000E+005
   0.1244000000E+005
   0.1245000000E+005
   0.1246000000E+005
   0.1247000000E+005
   0.1248000000E+005
   0.1249000000E+005
   0.1250000000E+005
   0.1251000000E+005
   0.1252000000E+005
   0.1253000000E+005
   0.1254000000E+005
   0.1255000000E+005
   0.1256000000E+005
   0.1257000000E+005
   0.1258000000E+005
   0.1259000000E+005
   0.1260000000E+005
   0.1261000000E+005
   0.1262000000E+005
   0.1263000000E+005
   0.1264000000E+005
   0.1265000000E+005
   0.1266000000E+005
   0.1267000000E+005
   0.1268000000E+005
   0.1269000000E+005
   0.1270000000E+005
   0.1271000000E+005
   0.1272000000E+005
   0.1273000000E+005
   0.1274000000E+005
   0.1275000000E+005
   0.1276000000E+005
   0.1277000000E+005
   0.1278000000E+005
   0.1279000000E+005
   0.1280000000E+005
   0.1281000000E+005
   0.1282000000E+005
   0.1283000000E+005
   0.1284000000E+005
   0.1285000000E+005
   0.1286000000E+005
   0.1287000000E+005
   0.1288000000E+005
   0.1289000000E+005
   0.1290000000E+005
   0.1291000000E+005
   0.1292000000E+005
   0.1293000000E+005
   0.1294000000E+005
   0.1295000000E+005
   0.1296000000E+005
   0.1297000000E+005
   0.1298000000E+005
   0.1299000000E+005
   0.1300000000E+005
   0.1301000000E+005
   0.1302000000E+005
   0.1303000000E+005
   0.1304000000E+005
   0.1305000000E+005
   0.1306000000E+005
   0.1307000000E+005
   0.1308000000E+005
   0.1309000000E+005
   0.1310000000E+005
   0.1311000000E+005
   0.1312000000E+005
   0.1313000000E+005
   0.1314000000E+005
   0.1315000000E+005
   0.1316000000E+005
   0.1317000000E+005
   0.1318000000E+005
   0.1319000000E+005
   0.1320000000E+005
   0.1321000000E+005
   0.1322000000E+005
   0.1323000000E+005
   0.1324000000E+005
   0.1325000000E+005
   0.1326000000E+005
   0.1327000000E+005
   0.1328000000E+005
   0.1329000000E+005
   0.1330000000E+005
   0.1331000000E+005
   0.1332000000E+005
   0.1333000000E+005
   0.1334000000E+005
   0.1335000000E+005
   0.1336000000E+005
   0.1337000000E+005
   0.1338000000E+005
   0.1339000000E+005
   0.1340000000E+005
   0.1341000000E+005
   0.1342000000E+005
   0.1343000000E+005
   0.1344000000E+005
   0.1345000000E+005
   0.1346000000E+005
   0.1347000000E+005
   0.1348000000E+005
   0.1349000000E+005
   0.1350000000E+005
   0.1351000000E+005
   0.1352000000E+005
   0.1353000000E+005
   0.1354000000E+005
   0.1355000000E+005
   0.1356000000E+005
   0.1357000000E+005
   0.1358000000E+005
   0.1359000000E+005
   0.1360000000E+005
   0.1361000000E+005
   0.1362000000E+005
   0.1363000000E+005
   0.1364000000E+005
   0.1365000000E+005
   0.1366000000E+005
   0.1367000000E+005
   0.1368000000E+005
   0.1369000000E+005
   0.1370000000E+005
   0.1371000000E+005
   0.1372000000E+005
   0.1373000000E+005
   0.1374000000E+005
   0.1375000000E+005
   0.1376000000E+005
   0.1377000000E+005
   0.1378000000E+005
   0.1379000000E+005
   0.1380000000E+005
   0.1381000000E+005
   0.1382000000E+005
   0.1383000000E+005
   0.1384000000E+005
   0.1385000000E+005
   0.1386000000E+005
   0.1387000000E+005
   0.1388000000E+005
   0.1389000000E+005
   0.1390000000E+005
   0.1391000000E+005
   0.1392000000E+005
   0.1393000000E+005
   0.1394000000E+005
   0.1395000000E+005
   0.1396000000E+005
   0.1397000000E+005
   0.1398000000E+005
   0.1399000000E+005
   0.1400000000E+005
   0.1401000000E+005
   0.1402000000E+005
   0.1403000000E+005
   0.1404000000E+005
   0.1405000000E+005
   0.1406000000E+005
   0.1407000000E+005
   0.1408000000E+005
   0.1409000000E+005
   0.1410000000E+005
   0.1411000000E+005
   0.1412000000E+005
   0.1413000000E+005
   0.1414000000E+005
   0.1415000000E+005
   0.1416000000E+005
   0.1417000000E+005
   0.1418000000E+005
   0.1419000000E+005
   0.1420000000E+005
   0.1421000000E+005
   0.1422000000E+005
   0.1423000000E+005
   0.1424000000E+005
   0.1425000000E+005
   0.1426000000E+005
   0.1427000000E+005
   0.1428000000E+005
   0.1429000000E+005
   0.1430000000E+005
   0.1431000000E+005
   0.1432000000E+005
   0.1433000000E+005
   0.1434000000E+005
   0.1435000000E+005
   0.1436000000E+005
   0.1437000000E+005
   0.1438000000E+005
   0.1439000000E+005
   0.1440000000E+005
   0.1441000000E+005
   0.1442000000E+005
   0.1443000000E+005
   0.1444000000E+005
   0.1445000000E+005
   0.1446000000E+005
   0.1447000000E+005
   0.1448000000E+005
   0.1449000000E+005
   0.1450000000E+005
   0.1451000000E+005
   0.1452000000E+005
   0.1453000000E+005
   0.1454000000E+005
   0.1455000000E+005
   0.1456000000E+005
   0.1457000000E+005
   0.1458000000E+005
   0.1459000000E+005
   0.1460000000E+005
   0.1461000000E+005
   0.1462000000E+005
   0.1463000000E+005
   0.1464000000E+005
   0.1465000000E+005
   0.1466000000E+005
   0.1467000000E+005
   0.1468000000E+005
   0.1469000000E+005
   0.1470000000E+005
   0.1471000000E+005
   0.1472000000E+005
   0.1473000000E+005
   0.1474000000E+005
   0.1475000000E+005
   0.1476000000E+005
   0.1477000000E+005
   0.1478000000E+005
   0.1479000000E+005
   0.1480000000E+005
   0.1481000000E+005
   0.1482000000E+005
   0.1483000000E+005
   0.1484000000E+005
   0.1485000000E+005
   0.1486000000E+005
   0.1487000000E+005
   0.1488000000E+005
   0.1489000000E+005
   0.1490000000E+005
   0.1491000000E+005
   0.1492000000E+005
   0.1493000000E+005
   0.1494000000E+005
   0.1495000000E+005
   0.1496000000E+005
   0.1497000000E+005
   0.1498000000E+005
   0.1499000000E+005
   0.1500000000E+005
   0.1501000000E+005
   0.1502000000E+005
   0.1503000000E+005
   0.1504000000E+005
   0.1505000000E+005
   0.1506000000E+005
   0.1507000000E+005
   0.1508000000E+005
   0.1509000000E+005
   0.1510000000E+005
   0.1511000000E+005
   0.1512000000E+005
   0.1513000000E+005
   0.1514000000E+005
   0.1515000000E+005
   0.1516000000E+005
   0.1517000000E+005
   0.1518000000E+005
   0.1519000000E+005
   0.1520000000E+005
   0.1521000000E+005
   0.1522000000E+005
   0.1523000000E+005
   0.1524000000E+005
   0.1525000000E+005
   0.1526000000E+005
   0.1527000000E+005
   0.1528000000E+005
   0.1529000000E+005
   0.1530000000E+005
   0.1531000000E+005
   0.1532000000E+005
   0.1533000000E+005
   0.1534000000E+005
   0.1535000000E+005
   0.1536000000E+005
   0.1537000000E+005
   0.1538000000E+005
   0.1539000000E+005
   0.1540000000E+005
   0.1541000000E+005
   0.1542000000E+005
   0.1543000000E+005
   0.1544000000E+005
   0.1545000000E+005
   0.1546000000E+005
   0.1547000000E+005
   0.1548000000E+005
   0.1549000000E+005
   0.1550000000E+005
   0.1551000000E+005
   0.1552000000E+005
   0.1553000000E+005
   0.1554000000E+005
   0.1555000000E+005
   0.1556000000E+005
   0.1557000000E+005
   0.1558000000E+005
   0.1559000000E+005
   0.1560000000E+005
   0.1561000000E+005
   0.1562000000E+005
   0.1563000000E+005
   0.1564000000E+005
   0.1565000000E+005
   0.1566000000E+005
   0.1567000000E+005
   0.1568000000E+005
   0.1569000000E+005
   0.1570000000E+005
   0.1571000000E+005
   0.1572000000E+005
   0.1573000000E+005
   0.1574000000E+005
   0.1575000000E+005
   0.1576000000E+005
   0.1577000000E+005
   0.1578000000E+005
   0.1579000000E+005
   0.1580000000E+005
   0.1581000000E+005
   0.1582000000E+005
   0.1583000000E+005
   0.1584000000E+005
   0.1585000000E+005
   0.1586000000E+005
   0.1587000000E+005
   0.1588000000E+005
   0.1589000000E+005
   0.1590000000E+005
   0.1591000000E+005
   0.1592000000E+005
   0.1593000000E+005
   0.1594000000E+005
   0.1595000000E+005
   0.1596000000E+005
   0.1597000000E+005
   0.1598000000E+005
   0.1599000000E+005
   0.1600000000E+005
   0.1601000000E+005
   0.1602000000E+005
   0.1603000000E+005
   0.1604000000E+005
   0.1605000000E+005
   0.1606000000E+005
   0.1607000000E+005
   0.1608000000E+005
   0.1609000000E+005
   0.1610000000E+005
   0.1611000000E+005
   0.1612000000E+005
   0.1613000000E+005
   0.1614000000E+005
   0.1615000000E+005
   0.1616000000E+005
   0.1617000000E+005
   0.1618000000E+005
   0.1619000000E+005
   0.1620000000E+005
   0.1621000000E+005
   0.1622000000E+005
   0.1623000000E+005
   0.1624000000E+005
   0.1625000000E+005
   0.1626000000E+005
   0.1627000000E+005
   0.1628000000E+005
   0.1629000000E+005
   0.1630000000E+005
   0.1631000000E+005
   0.1632000000E+005
   0.1633000000E+005
   0.1634000000E+005
   0.1635000000E+005
   0.1636000000E+005
   0.1637000000E+005
   0.1638000000E+005
   0.1639000000E+005
   0.1640000000E+005
   0.1641000000E+005
   0.1642000000E+005
   0.1643000000E+005
   0.1644000000E+005
   0.1645000000E+005
   0.1646000000E+005
   0.1647000000E+005
   0.1648000000E+005
   0.1649000000E+005
   0.1650000000E+005
   0.1651000000E+005
   0.1652000000E+005
   0.1653000000E+005
   0.1654000000E+005
   0.1655000000E+005
   0.1656000000E+005
   0.1657000000E+005
   0.1658000000E+005
   0.1659000000E+005
   0.1660000000E+005
   0.1661000000E+005
   0.1662000000E+005
   0.1663000000E+005
   0.1664000000E+005
   0.1665000000E+005
   0.1666000000E+005
   0.1667000000E+005
   0.1668000000E+005
   0.1669000000E+005
   0.1670000000E+005
   0.1671000000E+005
   0.1672000000E+005
   0.1673000000E+005
   0.1674000000E+005
   0.1675000000E+005
   0.1676000000E+005
   0.1677000000E+005
   0.1678000000E+005
   0.1679000000E+005
   0.1680000000E+005
   0.1681000000E+005
   0.1682000000E+005
   0.1683000000E+005
   0.1684000000E+005
   0.1685000000E+005
   0.1686000000E+005
   0.1687000000E+005
   0.1688000000E+005
   0.1689000000E+005
   0.1690000000E+005
   0.1691000000E+005
   0.1692000000E+005
   0.1693000000E+005
   0.1694000000E+005
   0.1695000000E+005
   0.1696000000E+005
   0.1697000000E+005
   0.1698000000E+005
   0.1699000000E+005
   0.1700000000E+005
   0.1701000000E+005
   0.1702000000E+005
   0.1703000000E+005
   0.1704000000E+005
   0.1705000000E+005
   0.1706000000E+005
   0.1707000000E+005
   0.1708000000E+005
   0.1709000000E+005
   0.1710000000E+005
   0.1711000000E+005
   0.1712000000E+005
   0.1713000000E+005
   0.1714000000E+005
   0.1715000000E+005
   0.1716000000E+005
   0.1717000000E+005
   0.1718000000E+005
   0.1719000000E+005
   0.1720000000E+005
   0.1721000000E+005
   0.1722000000E+005
   0.1723000000E+005
   0.1724000000E+005
   0.1725000000E+005
   0.1726000000E+005
   0.1727000000E+005
   0.1728000000E+005
   0.1729000000E+005
   0.1730000000E+005
   0.1731000000E+005
   0.1732000000E+005
   0.1733000000E+005
   0.1734000000E+005
   0.1735000000E+005
   0.1736000000E+005
   0.1737000000E+005
   0.1738000000E+005
   0.1739000000E+005
   0.1740000000E+005
   0.1741000000E+005
   0.1742000000E+005
   0.1743000000E+005
   0.1744000000E+005
   0.1745000000E+005
   0.1746000000E+005
   0.1747000000E+005
   0.1748000000E+005
   0.1749000000E+005
   0.1750000000E+005
   0.1751000000E+005
   0.1752000000E+005
   0.1753000000E+005
   0.1754000000E+005
   0.1755000000E+005
   0.1756000000E+005
   0.1757000000E+005
   0.1758000000E+005
   0.1759000000E+005
   0.1760000000E+005
   0.1761000000E+005
   0.1762000000E+005
   0.1763000000E+005
   0.1764000000E+005
   0.1765000000E+005
   0.1766000000E+005
   0.1767000000E+005
   0.1768000000E+005
   0.1769000000E+005
   0.1770000000E+005
   0.1771000000E+005
   0.1772000000E+005
   0.1773000000E+005
   0.1774000000E+005
   0.1775000000E+005
   0.1776000000E+005
   0.1777000000E+005
   0.1778000000E+005
   0.1779000000E+005
   0.1780000000E+005
   0.1781000000E+005
   0.1782000000E+005
   0.1783000000E+005
   0.1784000000E+005
   0.1785000000E+005
   0.1786000000E+005
   0.1787000000E+005
   0.1788000000E+005
   0.1789000000E+005
   0.1790000000E+005
   0.1791000000E+005
   0.1792000000E+005
   0.1793000000E+005
   0.1794000000E+005
   0.1795000000E+005
   0.1796000000E+005
   0.1797000000E+005
   0.1798000000E+005
   0.1799000000E+005
   0.1800000000E+005
   0.1801000000E+005
   0.1802000000E+005
   0.1803000000E+005
   0.1804000000E+005
   0.1805000000E+005
   0.1806000000E+005
   0.1807000000E+005
   0.1808000000E+005
   0.1809000000E+005
   0.1810000000E+005
   0.1811000000E+005
   0.1812000000E+005
   0.1813000000E+005
   0.1814000000E+005
   0.1815000000E+005
   0.1816000000E+005
   0.1817000000E+005
   0.1818000000E+005
   0.1819000000E+005
   0.1820000000E+005
   0.1821000000E+005
   0.1822000000E+005
   0.1823000000E+005
   0.1824000000E+005
   0.1825000000E+005
   0.1826000000E+005
   0.1827000000E+005
   0.1828000000E+005
   0.1829000000E+005
   0.1830000000E+005
   0.1831000000E+005
   0.1832000000E+005
   0.1833000000E+005
   0.1834000000E+005
   0.1835000000E+005
   0.1836000000E+005
   0.1837000000E+005
   0.1838000000E+005
   0.1839000000E+005
   0.1840000000E+005
   0.1841000000E+005
   0.1842000000E+005
   0.1843000000E+005
   0.1844000000E+005
   0.1845000000E+005
   0.1846000000E+005
   0.1847000000E+005
   0.1848000000E+005
   0.1849000000E+005
   0.1850000000E+005
   0.1851000000E+005
   0.1852000000E+005
   0.1853000000E+005
   0.1854000000E+005
   0.1855000000E+005
   0.1856000000E+005
   0.1857000000E+005
   0.1858000000E+005
   0.1859000000E+005
   0.1860000000E+005
   0.1861000000E+005
   0.1862000000E+005
   0.1863000000E+005
   0.1864000000E+005
   0.1865000000E+005
   0.1866000000E+005
   0.1867000000E+005
   0.1868000000E+005
   0.1869000000E+005
   0.1870000000E+005
   0.1871000000E+005
   0.1872000000E+005
   0.1873000000E+005
   0.1874000000E+005
   0.1875000000E+005
   0.1876000000E+005
   0.1877000000E+005
   0.1878000000E+005
   0.1879000000E+005
   0.1880000000E+005
   0.1881000000E+005
   0.1882000000E+005
   0.1883000000E+005
   0.1884000000E+005
   0.1885000000E+005
   0.1886000000E+005
   0.1887000000E+005
   0.1888000000E+005
   0.1889000000E+005
   0.1890000000E+005
   0.1891000000E+005
   0.1892000000E+005
   0.1893000000E+005
   0.1894000000E+005
   0.1895000000E+005
   0.1896000000E+005
   0.1897000000E+005
   0.1898000000E+005
   0.1899000000E+005
   0.1900000000E+005
   0.1901000000E+005
   0.1902000000E+005
   0.1903000000E+005
   0.1904000000E+005
   0.1905000000E+005
   0.1906000000E+005
   0.1907000000E+005
   0.1908000000E+005
   0.1909000000E+005
   0.1910000000E+005
   0.1911000000E+005
   0.1912000000E+005
   0.1913000000E+005
   0.1914000000E+005
   0.1915000000E+005
   0.1916000000E+005
   0.1917000000E+005
   0.1918000000E+005
   0.1919000000E+005
   0.1920000000E+005
   0.1921000000E+005
   0.1922000000E+005
   0.1923000000E+005
   0.1924000000E+005
   0.1925000000E+005
   0.1926000000E+005
   0.1927000000E+005
   0.1928000000E+005
   0.1929000000E+005
   0.1930000000E+005
   0.1931000000E+005
   0.1932000000E+005
   0.1933000000E+005
   0.1934000000E+005
   0.1935000000E+005
   0.1936000000E+005
   0.1937000000E+005
   0.1938000000E+005
   0.1939000000E+005
   0.1940000000E+005
   0.1941000000E+005
   0.1942000000E+005
   0.1943000000E+005
   0.1944000000E+005
   0.1945000000E+005
   0.1946000000E+005
   0.1947000000E+005
   0.1948000000E+005
   0.1949000000E+005
   0.1950000000E+005
   0.1951000000E+005
   0.1952000000E+005
   0.1953000000E+005
   0.1954000000E+005
   0.1955000000E+005
   0.1956000000E+005
   0.1957000000E+005
   0.1958000000E+005
   0.1959000000E+005
   0.1960000000E+005
   0.1961000000E+005
   0.1962000000E+005
   0.1963000000E+005
   0.1964000000E+005
   0.1965000000E+005
   0.1966000000E+005
   0.1967000000E+005
   0.1968000000E+005
   0.1969000000E+005
   0.1970000000E+005
   0.1971000000E+005
   0.1972000000E+005
   0.1973000000E+005
   0.1974000000E+005
   0.1975000000E+005
   0.1976000000E+005
   0.1977000000E+005
   0.1978000000E+005
   0.1979000000E+005
   0.1980000000E+005
   0.1981000000E+005
   0.1982000000E+005
   0.1983000000E+005
   0.1984000000E+005
   0.1985000000E+005
   0.1986000000E+005
   0.1987000000E+005
   0.1988000000E+005
   0.1989000000E+005
   0.1990000000E+005
   0.1991000000E+005
   0.1992000000E+005
   0.1993000000E+005
   0.1994000000E+005
   0.1995000000E+005
   0.1996000000E+005
   0.1997000000E+005
   0.1998000000E+005
   0.1999000000E+005
   0.2000000000E+005
   0.2001000000E+005
   0.2002000000E+005
   0.2003000000E+005
   0.2004000000E+005
   0.2005000000E+005
   0.2006000000E+005
   0.2007000000E+005
   0.2008000000E+005
   0.2009000000E+005
   0.2010000000E+005
   0.2011000000E+005
   0.2012000000E+005
   0.2013000000E+005
   0.2014000000E+005
   0.2015000000E+005
   0.2016000000E+005
   0.2017000000E+005
   0.2018000000E+005
   0.2019000000E+005
   0.2020000000E+005
   0.2021000000E+005
   0.2022000000E+005
   0.2023000000E+005
   0.2024000000E+005
   0.2025000000E+005
   0.2026000000E+005
   0.2027000000E+005
   0.2028000000E+005
   0.2029000000E+005
   0.2030000000E+005
   0.2031000000E+005
   0.2032000000E+005
   0.2033000000E+005
   0.2034000000E+005
   0.2035000000E+005
   0.2036000000E+005
   0.2037000000E+005
   0.2038000000E+005
   0.2039000000E+005
   0.2040000000E+005
   0.2041000000E+005
   0.2042000000E+005
   0.2043000000E+005
   0.2044000000E+005
   0.2045000000E+005
   0.2046000000E+005
   0.2047000000E+005
   0.2048000000E+005
   0.2049000000E+005
   0.2050000000E+005
   0.2051000000E+005
   0.2052000000E+005
   0.2053000000E+005
   0.2054000000E+005
   0.2055000000E+005
   0.2056000000E+005
   0.2057000000E+005
   0.2058000000E+005
   0.2059000000E+005
   0.2060000000E+005
   0.2061000000E+005
   0.2062000000E+005
   0.2063000000E+005
   0.2064000000E+005
   0.2065000000E+005
   0.2066000000E+005
   0.2067000000E+005
   0.2068000000E+005
   0.2069000000E+005
   0.2070000000E+005
   0.2071000000E+005
   0.2072000000E+005
   0.2073000000E+005
   0.2074000000E+005
   0.2075000000E+005
   0.2076000000E+005
   0.2077000000E+005
   0.2078000000E+005
   0.2079000000E+005
   0.2080000000E+005
   0.2081000000E+005
   0.2082000000E+005
   0.2083000000E+005
   0.2084000000E+005
   0.2085000000E+005
   0.2086000000E+005
   0.2087000000E+005
   0.2088000000E+005
   0.2089000000E+005
   0.2090000000E+005
   0.2091000000E+005
   0.2092000000E+005
   0.2093000000E+005
   0.2094000000E+005
   0.2095000000E+005
   0.2096000000E+005
   0.2097000000E+005
   0.2098000000E+005
   0.2099000000E+005
   0.2100000000E+005
   0.2101000000E+005
   0.2102000000E+005
   0.2103000000E+005
   0.2104000000E+005
   0.2105000000E+005
   0.2106000000E+005
   0.2107000000E+005
   0.2108000000E+005
   0.2109000000E+005
   0.2110000000E+005
   0.2111000000E+005
   0.2112000000E+005
   0.2113000000E+005
   0.2114000000E+005
   0.2115000000E+005
   0.2116000000E+005
   0.2117000000E+005
   0.2118000000E+005
   0.2119000000E+005
   0.2120000000E+005
   0.2121000000E+005
   0.2122000000E+005
   0.2123000000E+005
   0.2124000000E+005
   0.2125000000E+005
   0.2126000000E+005
   0.2127000000E+005
   0.2128000000E+005
   0.2129000000E+005
   0.2130000000E+005
   0.2131000000E+005
   0.2132000000E+005
   0.2133000000E+005
   0.2134000000E+005
   0.2135000000E+005
   0.2136000000E+005
   0.2137000000E+005
   0.2138000000E+005
   0.2139000000E+005
   0.2140000000E+005
   0.2141000000E+005
   0.2142000000E+005
   0.2143000000E+005
   0.2144000000E+005
   0.2145000000E+005
   0.2146000000E+005
   0.2147000000E+005
   0.2148000000E+005
   0.2149000000E+005
   0.2150000000E+005
   0.2151000000E+005
   0.2152000000E+005
   0.2153000000E+005
   0.2154000000E+005
   0.2155000000E+005
   0.2156000000E+005
   0.2157000000E+005
   0.2158000000E+005
   0.2159000000E+005
   0.2160000000E+005
   0.2161000000E+005
   0.2162000000E+005
   0.2163000000E+005
   0.2164000000E+005
   0.2165000000E+005
   0.2166000000E+005
   0.2167000000E+005
   0.2168000000E+005
   0.2169000000E+005
   0.2170000000E+005
   0.2171000000E+005
   0.2172000000E+005
   0.2173000000E+005
   0.2174000000E+005
   0.2175000000E+005
   0.2176000000E+005
   0.2177000000E+005
   0.2178000000E+005
   0.2179000000E+005
   0.2180000000E+005
   0.2181000000E+005
   0.2182000000E+005
   0.2183000000E+005
   0.2184000000E+005
   0.2185000000E+005
   0.2186000000E+005
   0.2187000000E+005
   0.2188000000E+005
   0.2189000000E+005
   0.2190000000E+005
   0.2191000000E+005
   0.2192000000E+005
   0.2193000000E+005
   0.2194000000E+005
   0.2195000000E+005
   0.2196000000E+005
   0.2197000000E+005
   0.2198000000E+005
   0.2199000000E+005
   0.2200000000E+005
   0.2201000000E+005
   0.2202000000E+005
   0.2203000000E+005
   0.2204000000E+005
   0.2205000000E+005
   0.2206000000E+005
   0.2207000000E+005
   0.2208000000E+005
   0.2209000000E+005
   0.2210000000E+005
   0.2211000000E+005
   0.2212000000E+005
   0.2213000000E+005
   0.2214000000E+005
   0.2215000000E+005
   0.2216000000E+005
   0.2217000000E+005
   0.2218000000E+005
   0.2219000000E+005
   0.2220000000E+005
   0.2221000000E+005
   0.2222000000E+005
   0.2223000000E+005
   0.2224000000E+005
   0.2225000000E+005
   0.2226000000E+005
   0.2227000000E+005
   0.2228000000E+005
   0.2229000000E+005
   0.2230000000E+005
   0.2231000000E+005
   0.2232000000E+005
   0.2233000000E+005
   0.2234000000E+005
   0.2235000000E+005
   0.2236000000E+005
   0.2237000000E+005
   0.2238000000E+005
   0.2239000000E+005
   0.2240000000E+005
   0.2241000000E+005
   0.2242000000E+005
   0.2243000000E+005
   0.2244000000E+005
   0.2245000000E+005
   0.2246000000E+005
   0.2247000000E+005
   0.2248000000E+005
   0.2249000000E+005
   0.2250000000E+005
   0.2251000000E+005
   0.2252000000E+005
   0.2253000000E+005
   0.2254000000E+005
   0.2255000000E+005
   0.2256000000E+005
   0.2257000000E+005
   0.2258000000E+005
   0.2259000000E+005
   0.2260000000E+005
   0.2261000000E+005
   0.2262000000E+005
   0.2263000000E+005
   0.2264000000E+005
   0.2265000000E+005
   0.2266000000E+005
   0.2267000000E+005
   0.2268000000E+005
   0.2269000000E+005
   0.2270000000E+005
   0.2271000000E+005
   0.2272000000E+005
   0.2273000000E+005
   0.2274000000E+005
   0.2275000000E+005
   0.2276000000E+005
   0.2277000000E+005
   0.2278000000E+005
   0.2279000000E+005
   0.2280000000E+005
   0.2281000000E+005
   0.2282000000E+005
   0.2283000000E+005
   0.2284000000E+005
   0.2285000000E+005
   0.2286000000E+005
   0.2287000000E+005
   0.2288000000E+005
   0.2289000000E+005
   0.2290000000E+005
   0.2291000000E+005
   0.2292000000E+005
   0.2293000000E+005
   0.2294000000E+005
   0.2295000000E+005
   0.2296000000E+005
   0.2297000000E+005
   0.2298000000E+005
   0.2299000000E+005
   0.2300000000E+005
   0.2301000000E+005
   0.2302000000E+005
   0.2303000000E+005
   0.2304000000E+005
   0.2305000000E+005
   0.2306000000E+005
   0.2307000000E+005
   0.2308000000E+005
   0.2309000000E+005
   0.2310000000E+005
   0.2311000000E+005
   0.2312000000E+005
   0.2313000000E+005
   0.2314000000E+005
   0.2315000000E+005
   0.2316000000E+005
   0.2317000000E+005
   0.2318000000E+005
   0.2319000000E+005
   0.2320000000E+005
   0.2321000000E+005
   0.2322000000E+005
   0.2323000000E+005
   0.2324000000E+005
   0.2325000000E+005
   0.2326000000E+005
   0.2327000000E+005
   0.2328000000E+005
   0.2329000000E+005
   0.2330000000E+005
   0.2331000000E+005
   0.2332000000E+005
   0.2333000000E+005
   0.2334000000E+005
   0.2335000000E+005
   0.2336000000E+005
   0.2337000000E+005
   0.2338000000E+005
   0.2339000000E+005
   0.2340000000E+005
   0.2341000000E+005
   0.2342000000E+005
   0.2343000000E+005
   0.2344000000E+005
   0.2345000000E+005
   0.2346000000E+005
   0.2347000000E+005
   0.2348000000E+005
   0.2349000000E+005
   0.2350000000E+005
   0.2351000000E+005
   0.2352000000E+005
   0.2353000000E+005
   0.2354000000E+005
   0.2355000000E+005
   0.2356000000E+005
   0.2357000000E+005
   0.2358000000E+005
   0.2359000000E+005
   0.2360000000E+005
   0.2361000000E+005
   0.2362000000E+005
   0.2363000000E+005
   0.2364000000E+005
   0.2365000000E+005
   0.2366000000E+005
   0.2367000000E+005
   0.2368000000E+005
   0.2369000000E+005
   0.2370000000E+005
   0.2371000000E+005
   0.2372000000E+005
   0.2373000000E+005
   0.2374000000E+005
   0.2375000000E+005
   0.2376000000E+005
   0.2377000000E+005
   0.2378000000E+005
   0.2379000000E+005
   0.2380000000E+005
   0.2381000000E+005
   0.2382000000E+005
   0.2383000000E+005
   0.2384000000E+005
   0.2385000000E+005
   0.2386000000E+005
   0.2387000000E+005
   0.2388000000E+005
   0.2389000000E+005
   0.2390000000E+005
   0.2391000000E+005
   0.2392000000E+005
   0.2393000000E+005
   0.2394000000E+005
   0.2395000000E+005
   0.2396000000E+005
   0.2397000000E+005
   0.2398000000E+005
   0.2399000000E+005
   0.2400000000E+005
   0.2401000000E+005
   0.2402000000E+005
   0.2403000000E+005
   0.2404000000E+005
   0.2405000000E+005
   0.2406000000E+005
   0.2407000000E+005
   0.2408000000E+005
   0.2409000000E+005
   0.2410000000E+005
   0.2411000000E+005
   0.2412000000E+005
   0.2413000000E+005
   0.2414000000E+005
   0.2415000000E+005
   0.2416000000E+005
   0.2417000000E+005
   0.2418000000E+005
   0.2419000000E+005
   0.2420000000E+005
   0.2421000000E+005
   0.2422000000E+005
   0.2423000000E+005
   0.2424000000E+005
   0.2425000000E+005
   0.2426000000E+005
   0.2427000000E+005
   0.2428000000E+005
   0.2429000000E+005
   0.2430000000E+005
   0.2431000000E+005
   0.2432000000E+005
   0.2433000000E+005
   0.2434000000E+005
   0.2435000000E+005
   0.2436000000E+005
   0.2437000000E+005
   0.2438000000E+005
   0.2439000000E+005
   0.2440000000E+005
   0.2441000000E+005
   0.2442000000E+005
   0.2443000000E+005
   0.2444000000E+005
   0.2445000000E+005
   0.2446000000E+005
   0.2447000000E+005
   0.2448000000E+005
   0.2449000000E+005
   0.2450000000E+005
   0.2451000000E+005
   0.2452000000E+005
   0.2453000000E+005
   0.2454000000E+005
   0.2455000000E+005
   0.2456000000E+005
   0.2457000000E+005
   0.2458000000E+005
   0.2459000000E+005
   0.2460000000E+005
   0.2461000000E+005
   0.2462000000E+005
   0.2463000000E+005
   0.2464000000E+005
   0.2465000000E+005
   0.2466000000E+005
   0.2467000000E+005
   0.2468000000E+005
   0.2469000000E+005
   0.2470000000E+005
   0.2471000000E+005
   0.2472000000E+005
   0.2473000000E+005
   0.2474000000E+005
   0.2475000000E+005
   0.2476000000E+005
   0.2477000000E+005
   0.2478000000E+005
   0.2479000000E+005
   0.2480000000E+005
   0.2481000000E+005
   0.2482000000E+005
   0.2483000000E+005
   0.2484000000E+005
   0.2485000000E+005
   0.2486000000E+005
   0.2487000000E+005
   0.2488000000E+005
   0.2489000000E+005
   0.2490000000E+005
   0.2491000000E+005
   0.2492000000E+005
   0.2493000000E+005
   0.2494000000E+005
   0.2495000000E+005
   0.2496000000E+005
   0.2497000000E+005
   0.2498000000E+005
   0.2499000000E+005
   0.2500000000E+005
   0.2501000000E+005
   0.2502000000E+005
   0.2503000000E+005
   0.2504000000E+005
   0.2505000000E+005
   0.2506000000E+005
   0.2507000000E+005
   0.2508000000E+005
   0.2509000000E+005
   0.2510000000E+005
   0.2511000000E+005
   0.2512000000E+005
   0.2513000000E+005
   0.2514000000E+005
   0.2515000000E+005
   0.2516000000E+005
   0.2517000000E+005
   0.2518000000E+005
   0.2519000000E+005
   0.2520000000E+005
   0.2521000000E+005
   0.2522000000E+005
   0.2523000000E+005
   0.2524000000E+005
   0.2525000000E+005
   0.2526000000E+005
   0.2527000000E+005
   0.2528000000E+005
   0.2529000000E+005
   0.2530000000E+005
   0.2531000000E+005
   0.2532000000E+005
   0.2533000000E+005
   0.2534000000E+005
   0.2535000000E+005
   0.2536000000E+005
   0.2537000000E+005
   0.2538000000E+005
   0.2539000000E+005
   0.2540000000E+005
   0.2541000000E+005
   0.2542000000E+005
   0.2543000000E+005
   0.2544000000E+005
   0.2545000000E+005
   0.2546000000E+005
   0.2547000000E+005
   0.2548000000E+005
   0.2549000000E+005
   0.2550000000E+005
   0.2551000000E+005
   0.2552000000E+005
   0.2553000000E+005
   0.2554000000E+005
   0.2555000000E+005
   0.2556000000E+005
   0.2557000000E+005
   0.2558000000E+005
   0.2559000000E+005
   0.2560000000E+005
   0.2561000000E+005
   0.2562000000E+005
   0.2563000000E+005
   0.2564000000E+005
   0.2565000000E+005
   0.2566000000E+005
   0.2567000000E+005
   0.2568000000E+005
   0.2569000000E+005
   0.2570000000E+005
   0.2571000000E+005
   0.2572000000E+005
   0.2573000000E+005
   0.2574000000E+005
   0.2575000000E+005
   0.2576000000E+005
   0.2577000000E+005
   0.2578000000E+005
   0.2579000000E+005
   0.2580000000E+005
   0.2581000000E+005
   0.2582000000E+005
   0.2583000000E+005
   0.2584000000E+005
   0.2585000000E+005
   0.2586000000E+005
   0.2587000000E+005
   0.2588000000E+005
   0.2589000000E+005
   0.2590000000E+005
   0.2591000000E+005
   0.2592000000E+005
   0.2593000000E+005
   0.2594000000E+005
   0.2595000000E+005
   0.2596000000E+005
   0.2597000000E+005
   0.2598000000E+005
   0.2599000000E+005
   0.2600000000E+005
   0.2601000000E+005
   0.2602000000E+005
   0.2603000000E+005
   0.2604000000E+005
   0.2605000000E+005
   0.2606000000E+005
   0.2607000000E+005
   0.2608000000E+005
   0.2609000000E+005
   0.2610000000E+005
   0.2611000000E+005
   0.2612000000E+005
   0.2613000000E+005
   0.2614000000E+005
   0.2615000000E+005
   0.2616000000E+005
   0.2617000000E+005
   0.2618000000E+005
   0.2619000000E+005
   0.2620000000E+005
   0.2621000000E+005
   0.2622000000E+005
   0.2623000000E+005
   0.2624000000E+005
   0.2625000000E+005
   0.2626000000E+005
   0.2627000000E+005
   0.2628000000E+005
   0.2629000000E+005
   0.2630000000E+005
   0.2631000000E+005
   0.2632000000E+005
   0.2633000000E+005
   0.2634000000E+005
   0.2635000000E+005
   0.2636000000E+005
   0.2637000000E+005
   0.2638000000E+005
   0.2639000000E+005
   0.2640000000E+005
   0.2641000000E+005
   0.2642000000E+005
   0.2643000000E+005
   0.2644000000E+005
   0.2645000000E+005
   0.2646000000E+005
   0.2647000000E+005
   0.2648000000E+005
   0.2649000000E+005
   0.2650000000E+005
   0.2651000000E+005
   0.2652000000E+005
   0.2653000000E+005
   0.2654000000E+005
   0.2655000000E+005
   0.2656000000E+005
   0.2657000000E+005
   0.2658000000E+005
   0.2659000000E+005
   0.2660000000E+005
   0.2661000000E+005
   0.2662000000E+005
   0.2663000000E+005
   0.2664000000E+005
   0.2665000000E+005
   0.2666000000E+005
   0.2667000000E+005
   0.2668000000E+005
   0.2669000000E+005
   0.2670000000E+005
   0.2671000000E+005
   0.2672000000E+005
   0.2673000000E+005
   0.2674000000E+005
   0.2675000000E+005
   0.2676000000E+005
   0.2677000000E+005
   0.2678000000E+005
   0.2679000000E+005
   0.2680000000E+005
   0.2681000000E+005
   0.2682000000E+005
   0.2683000000E+005
   0.2684000000E+005
   0.2685000000E+005
   0.2686000000E+005
   0.2687000000E+005
   0.2688000000E+005
   0.2689000000E+005
   0.2690000000E+005
   0.2691000000E+005
   0.2692000000E+005
   0.2693000000E+005
   0.2694000000E+005
   0.2695000000E+005
   0.2696000000E+005
   0.2697000000E+005
   0.2698000000E+005
   0.2699000000E+005
   0.2700000000E+005
   0.2701000000E+005
   0.2702000000E+005
   0.2703000000E+005
   0.2704000000E+005
   0.2705000000E+005
   0.2706000000E+005
   0.2707000000E+005
   0.2708000000E+005
   0.2709000000E+005
   0.2710000000E+005
   0.2711000000E+005
   0.2712000000E+005
   0.2713000000E+005
   0.2714000000E+005
   0.2715000000E+005
   0.2716000000E+005
   0.2717000000E+005
   0.2718000000E+005
   0.2719000000E+005
   0.2720000000E+005
   0.2721000000E+005
   0.2722000000E+005
   0.2723000000E+005
   0.2724000000E+005
   0.2725000000E+005
   0.2726000000E+005
   0.2727000000E+005
   0.2728000000E+005
   0.2729000000E+005
   0.2730000000E+005
   0.2731000000E+005
   0.2732000000E+005
   0.2733000000E+005
   0.2734000000E+005
   0.2735000000E+005
   0.2736000000E+005
   0.2737000000E+005
   0.2738000000E+005
   0.2739000000E+005
   0.2740000000E+005
   0.2741000000E+005
   0.2742000000E+005
   0.2743000000E+005
   0.2744000000E+005
   0.2745000000E+005
   0.2746000000E+005
   0.2747000000E+005
   0.2748000000E+005
   0.2749000000E+005
   0.2750000000E+005
   0.2751000000E+005
   0.2752000000E+005
   0.2753000000E+005
   0.2754000000E+005
   0.2755000000E+005
   0.2756000000E+005
   0.2757000000E+005
   0.2758000000E+005
   0.2759000000E+005
   0.2760000000E+005
   0.2761000000E+005
   0.2762000000E+005
   0.2763000000E+005
   0.2764000000E+005
   0.2765000000E+005
   0.2766000000E+005
   0.2767000000E+005
   0.2768000000E+005
   0.2769000000E+005
   0.2770000000E+005
   0.2771000000E+005
   0.2772000000E+005
   0.2773000000E+005
   0.2774000000E+005
   0.2775000000E+005
   0.2776000000E+005
   0.2777000000E+005
   0.2778000000E+005
   0.2779000000E+005
   0.2780000000E+005
   0.2781000000E+005
   0.2782000000E+005
   0.2783000000E+005
   0.2784000000E+005
   0.2785000000E+005
   0.2786000000E+005
   0.2787000000E+005
   0.2788000000E+005
   0.2789000000E+005
   0.2790000000E+005
   0.2791000000E+005
   0.2792000000E+005
   0.2793000000E+005
   0.2794000000E+005
   0.2795000000E+005
   0.2796000000E+005
   0.2797000000E+005
   0.2798000000E+005
   0.2799000000E+005
   0.2800000000E+005
   0.2801000000E+005
   0.2802000000E+005
   0.2803000000E+005
   0.2804000000E+005
   0.2805000000E+005
   0.2806000000E+005
   0.2807000000E+005
   0.2808000000E+005
   0.2809000000E+005
   0.2810000000E+005
   0.2811000000E+005
   0.2812000000E+005
   0.2813000000E+005
   0.2814000000E+005
   0.2815000000E+005
   0.2816000000E+005
   0.2817000000E+005
   0.2818000000E+005
   0.2819000000E+005
   0.2820000000E+005
   0.2821000000E+005
   0.2822000000E+005
   0.2823000000E+005
   0.2824000000E+005
   0.2825000000E+005
   0.2826000000E+005
   0.2827000000E+005
   0.2828000000E+005
   0.2829000000E+005
   0.2830000000E+005
   0.2831000000E+005
   0.2832000000E+005
   0.2833000000E+005
   0.2834000000E+005
   0.2835000000E+005
   0.2836000000E+005
   0.2837000000E+005
   0.2838000000E+005
   0.2839000000E+005
   0.2840000000E+005
   0.2841000000E+005
   0.2842000000E+005
   0.2843000000E+005
   0.2844000000E+005
   0.2845000000E+005
   0.2846000000E+005
   0.2847000000E+005
   0.2848000000E+005
   0.2849000000E+005
   0.2850000000E+005
   0.2851000000E+005
   0.2852000000E+005
   0.2853000000E+005
   0.2854000000E+005
   0.2855000000E+005
   0.2856000000E+005
   0.2857000000E+005
   0.2858000000E+005
   0.2859000000E+005
   0.2860000000E+005
   0.2861000000E+005
   0.2862000000E+005
   0.2863000000E+005
   0.2864000000E+005
   0.2865000000E+005
   0.2866000000E+005
   0.2867000000E+005
   0.2868000000E+005
   0.2869000000E+005
   0.2870000000E+005
   0.2871000000E+005
   0.2872000000E+005
   0.2873000000E+005
   0.2874000000E+005
   0.2875000000E+005
   0.2876000000E+005
   0.2877000000E+005
   0.2878000000E+005
   0.2879000000E+005
   0.2880000000E+005
   0.2881000000E+005
   0.2882000000E+005
   0.2883000000E+005
   0.2884000000E+005
   0.2885000000E+005
   0.2886000000E+005
   0.2887000000E+005
   0.2888000000E+005
   0.2889000000E+005
   0.2890000000E+005
   0.2891000000E+005
   0.2892000000E+005
   0.2893000000E+005
   0.2894000000E+005
   0.2895000000E+005
   0.2896000000E+005
   0.2897000000E+005
   0.2898000000E+005
   0.2899000000E+005
   0.2900000000E+005
   0.2901000000E+005
   0.2902000000E+005
   0.2903000000E+005
   0.2904000000E+005
   0.2905000000E+005
   0.2906000000E+005
   0.2907000000E+005
   0.2908000000E+005
   0.2909000000E+005
   0.2910000000E+005
   0.2911000000E+005
   0.2912000000E+005
   0.2913000000E+005
   0.2914000000E+005
   0.2915000000E+005
   0.2916000000E+005
   0.2917000000E+005
   0.2918000000E+005
   0.2919000000E+005
   0.2920000000E+005
   0.2921000000E+005
   0.2922000000E+005
   0.2923000000E+005
   0.2924000000E+005
   0.2925000000E+005
   0.2926000000E+005
   0.2927000000E+005
   0.2928000000E+005
   0.2929000000E+005
   0.2930000000E+005
   0.2931000000E+005
   0.2932000000E+005
   0.2933000000E+005
   0.2934000000E+005
   0.2935000000E+005
   0.2936000000E+005
   0.2937000000E+005
   0.2938000000E+005
   0.2939000000E+005
   0.2940000000E+005
   0.2941000000E+005
   0.2942000000E+005
   0.2943000000E+005
   0.2944000000E+005
   0.2945000000E+005
   0.2946000000E+005
   0.2947000000E+005
   0.2948000000E+005
   0.2949000000E+005
   0.2950000000E+005
   0.2951000000E+005
   0.2952000000E+005
   0.2953000000E+005
   0.2954000000E+005
   0.2955000000E+005
   0.2956000000E+005
   0.2957000000E+005
   0.2958000000E+005
   0.2959000000E+005
   0.2960000000E+005
   0.2961000000E+005
   0.2962000000E+005
   0.2963000000E+005
   0.2964000000E+005
   0.2965000000E+005
   0.2966000000E+005
   0.2967000000E+005
   0.2968000000E+005
   0.2969000000E+005
   0.2970000000E+005
   0.2971000000E+005
   0.2972000000E+005
   0.2973000000E+005
   0.2974000000E+005
   0.2975000000E+005
   0.2976000000E+005
   0.2977000000E+005
   0.2978000000E+005
   0.2979000000E+005
   0.2980000000E+005
   0.2981000000E+005
   0.2982000000E+005
   0.2983000000E+005
   0.2984000000E+005
   0.2985000000E+005
   0.2986000000E+005
   0.2987000000E+005
   0.2988000000E+005
   0.2989000000E+005
   0.2990000000E+005
   0.2991000000E+005
   0.2992000000E+005
   0.2993000000E+005
   0.2994000000E+005
   0.2995000000E+005
   0.2996000000E+005
   0.2997000000E+005
   0.2998000000E+005
   0.2999000000E+005
   0.3000000000E+005
