   0.0000000000E+000
   0.8036358066E-006
   0.2005930020E-005
   0.3802331436E-005
   0.6481321902E-005
   0.1046542866E-004
   0.1636664955E-004
   0.2505750280E-004
   0.3775504214E-004
   0.5610840822E-004
   0.8227279206E-004
   0.1189508448E-003
   0.1693961548E-003
   0.2374031516E-003
   0.3273334851E-003
   0.4322293112E-003
   0.5461313558E-003
   0.6744254824E-003
   0.8213527122E-003
   0.9909805762E-003
   0.1187555934E-002
   0.1415691120E-002
   0.1680493668E-002
   0.1987674812E-002
   0.2343649786E-002
   0.2755635268E-002
   0.3231746239E-002
   0.3781093405E-002
   0.4413881892E-002
   0.5124736609E-002
   0.5861804271E-002
   0.6650511419E-002
   0.7508113854E-002
   0.8448731125E-002
   0.9485261731E-002
   0.1000000000E-001
