   0.0000000000E+000
   0.2157922377E-011
   0.5394805942E-011
   0.1025013129E-010
   0.1753311931E-010
   0.2845760134E-010
   0.4484432439E-010
   0.6942440897E-010
   0.1062945358E-009
   0.1615997261E-009
   0.2445575115E-009
   0.3689941896E-009
   0.5556492067E-009
   0.8356317322E-009
   0.1255605520E-008
   0.1885566202E-008
   0.2830507223E-008
   0.4247918752E-008
   0.6374036040E-008
   0.9563211957E-008
   0.1434697580E-007
   0.2152262150E-007
   0.3228608989E-007
   0.4843129213E-007
   0.7264909470E-007
   0.1089757968E-006
   0.1634658459E-006
   0.2452009105E-006
   0.3678034873E-006
   0.5517073069E-006
   0.8275629337E-006
   0.1241346143E-005
   0.1862020439E-005
   0.2793030715E-005
   0.4189543503E-005
   0.6021931339E-005
   0.8073552431E-005
   0.1049929769E-004
   0.1343736611E-004
   0.1704146433E-004
   0.2149482841E-004
   0.2702155511E-004
   0.3389867796E-004
   0.4247040303E-004
   0.5316549892E-004
   0.6651882317E-004
   0.8319811077E-004
   0.1040373870E-003
   0.1300786870E-003
   0.1626241754E-003
   0.2033012762E-003
   0.2541440749E-003
   0.3176950705E-003
   0.3971323734E-003
   0.4964287255E-003
   0.6205503165E-003
   0.7757053738E-003
   0.9495585319E-003
   0.1137591263E-002
   0.1347971449E-002
   0.1587483112E-002
   0.1862835000E-002
   0.2181216225E-002
   0.2550637010E-002
   0.2980204146E-002
   0.3480386071E-002
   0.4063293290E-002
   0.4742989721E-002
   0.5535847084E-002
   0.6460953763E-002
   0.7540590255E-002
   0.8800784834E-002
   0.1000000000E-001
