   0.0000000000E+000
   0.4902102484E-005
   0.1222382726E-004
   0.2313679532E-004
   0.3935318674E-004
   0.6334491817E-004
   0.9861989843E-004
   0.1500398064E-003
   0.2241354741E-003
   0.3293470590E-003
   0.4761162676E-003
   0.6768217819E-003
   0.9456664203E-003
   0.1298704286E-002
   0.1754143281E-002
   0.2332895467E-002
   0.3017910227E-002
   0.3746189678E-002
   0.4551859929E-002
   0.5459475210E-002
   0.6490990344E-002
   0.7668062591E-002
   0.9013052589E-002
   0.1000000000E-001
