   0.3355931297E-002     0.4986671740E-006     0.6030870528E-001     0.3868550864E+002     0.5914337861E+007     0.7800695777E+012
   0.3459278872E-002     0.4986679718E-006     0.6289330947E-001     0.3790389842E+002     0.5636304152E+007     0.7178580668E+012
   0.3553338682E-002     0.4986692524E-006     0.6527442505E-001     0.3707252455E+002     0.5359101273E+007     0.6591500385E+012
   0.3637774962E-002     0.4986709957E-006     0.6745517038E-001     0.3620177294E+002     0.5085465426E+007     0.6041500365E+012
   0.3712282320E-002     0.4986731824E-006     0.6943907280E-001     0.3530074591E+002     0.4817493303E+007     0.5529154288E+012
   0.3776584298E-002     0.4986757939E-006     0.7122999552E-001     0.3437740500E+002     0.4556763366E+007     0.5054025709E+012
   0.3830431994E-002     0.4986788117E-006     0.7283207328E-001     0.3343869772E+002     0.4304434605E+007     0.4614999497E+012
   0.3873602728E-002     0.4986822193E-006     0.7424965539E-001     0.3249067045E+002     0.4061327177E+007     0.4210520284E+012
   0.3905898732E-002     0.4986860004E-006     0.7548725540E-001     0.3153856922E+002     0.3827988365E+007     0.3838763867E+012
   0.3927145878E-002     0.4986901389E-006     0.7654950684E-001     0.3058692948E+002     0.3604746562E+007     0.3497759937E+012
   0.3937192414E-002     0.4986946197E-006     0.7744112492E-001     0.2963965580E+002     0.3391755430E+007     0.3185479260E+012
   0.3935907804E-002     0.4986994290E-006     0.7816687183E-001     0.2870009440E+002     0.3189030321E+007     0.2899895208E+012
   0.3923181570E-002     0.4987045528E-006     0.7873152829E-001     0.2777109635E+002     0.2996477864E+007     0.2639025930E+012
   0.3898922183E-002     0.4987099773E-006     0.7913986848E-001     0.2685507445E+002     0.2813920266E+007     0.2400962731E+012
   0.3863055989E-002     0.4987156905E-006     0.7939663885E-001     0.2595405390E+002     0.2641115195E+007     0.2183888253E+012
   0.3815526178E-002     0.4987216805E-006     0.7950654007E-001     0.2506971758E+002     0.2477772012E+007     0.1986087238E+012
   0.3756291788E-002     0.4987279351E-006     0.7947421201E-001     0.2420344639E+002     0.2323564993E+007     0.1805951912E+012
   0.3685326749E-002     0.4987344432E-006     0.7930422131E-001     0.2335635527E+002     0.2178144070E+007     0.1641983523E+012
   0.3602618973E-002     0.4987411943E-006     0.7900105129E-001     0.2252932527E+002     0.2041143527E+007     0.1492791148E+012
   0.3508169465E-002     0.4987481784E-006     0.7856909384E-001     0.2172303212E+002     0.1912188991E+007     0.1357088637E+012
   0.3401991492E-002     0.4987553853E-006     0.7801264313E-001     0.2093797175E+002     0.1790903040E+007     0.1233690288E+012
   0.3284109770E-002     0.4987628061E-006     0.7733589093E-001     0.2017448301E+002     0.1676909643E+007     0.1121505739E+012
   0.3154559695E-002     0.4987704316E-006     0.7654292323E-001     0.1943276785E+002     0.1569837662E+007     0.1019534403E+012
   0.3013386612E-002     0.4987782533E-006     0.7563771800E-001     0.1871290931E+002     0.1469323555E+007     0.9268596968E+011
   0.2860645110E-002     0.4987862627E-006     0.7462414402E-001     0.1801488753E+002     0.1375013448E+007     0.8426432428E+011
   0.2696398357E-002     0.4987944522E-006     0.7350596052E-001     0.1733859400E+002     0.1286564670E+007     0.7661191674E+011
   0.2520717458E-002     0.4988028144E-006     0.7228681751E-001     0.1668384412E+002     0.1203646859E+007     0.6965885849E+011
   0.2333680859E-002     0.4988113416E-006     0.7097025673E-001     0.1605038846E+002     0.1125942711E+007     0.6334143237E+011
   0.2135373766E-002     0.4988200272E-006     0.6955971313E-001     0.1543792268E+002     0.1053148449E+007     0.5760159315E+011
   0.1925887601E-002     0.4988288643E-006     0.6805851661E-001     0.1484609632E+002     0.9849740569E+006     0.5238649790E+011
   0.1856817651E-002     0.4988378467E-006     0.6798020270E-001     0.1427784782E+002     0.9211433298E+006     0.4764806706E+011
   0.1889777484E-002     0.4988469684E-006     0.6894937327E-001     0.1373205944E+002     0.8613937724E+006     0.4334257629E+011
   0.1923427569E-002     0.4988562236E-006     0.6994103458E-001     0.1320599881E+002     0.8054763811E+006     0.3943027792E+011
   0.1957549266E-002     0.4988656064E-006     0.7094172739E-001     0.1269912224E+002     0.7531553477E+006     0.3587505186E+011
   0.1991924077E-002     0.4988751121E-006     0.7193904545E-001     0.1221088025E+002     0.7042076857E+006     0.3264408401E+011
   0.2026334162E-002     0.4988847349E-006     0.7292159497E-001     0.1174072075E+002     0.6584228080E+006     0.2970757076E+011
   0.2060562824E-002     0.4988944698E-006     0.7387895264E-001     0.1128809175E+002     0.6156020684E+006     0.2703844814E+011
   0.2094394968E-002     0.4989043131E-006     0.7480162279E-001     0.1085244367E+002     0.5755582800E+006     0.2461214382E+011
   0.2127617542E-002     0.4989142594E-006     0.7568099377E-001     0.1043323134E+002     0.5381152181E+006     0.2240635054E+011
   0.2160019945E-002     0.4989243045E-006     0.7650929402E-001     0.1002991570E+002     0.5031071174E+006     0.2040081917E+011
   0.2191394412E-002     0.4989344444E-006     0.7727954819E-001     0.9641965194E+001     0.4703781686E+006     0.1857717015E+011
   0.2221536372E-002     0.4989446749E-006     0.7798553339E-001     0.9268856967E+001     0.4397820198E+006     0.1691872157E+011
   0.2250244778E-002     0.4989549928E-006     0.7862173598E-001     0.8910077876E+001     0.4111812865E+006     0.1541033277E+011
   0.2277322420E-002     0.4989653940E-006     0.7918330898E-001     0.8565125276E+001     0.3844470735E+006     0.1403826200E+011
   0.2302576198E-002     0.4989758751E-006     0.7966603040E-001     0.8233507679E+001     0.3594585104E+006     0.1279003704E+011
   0.2325817383E-002     0.4989864330E-006     0.8006626254E-001     0.7914745271E+001     0.3361023031E+006     0.1165433762E+011
   0.2346861848E-002     0.4989970638E-006     0.8038091248E-001     0.7608370301E+001     0.3142723023E+006     0.1062088865E+011
   0.2365530274E-002     0.4990077652E-006     0.8060739380E-001     0.7313927377E+001     0.2938690892E+006     0.9680363227E+010
   0.2381648337E-002     0.4990185344E-006     0.8074358971E-001     0.7030973662E+001     0.2747995801E+006     0.8824294620E+010
   0.2395046868E-002     0.4990293676E-006     0.8078781757E-001     0.6759078996E+001     0.2569766483E+006     0.8044996409E+010
   0.2405561997E-002     0.4990402632E-006     0.8073879494E-001     0.6497825945E+001     0.2403187654E+006     0.7335490013E+010
   0.2413035271E-002     0.4990512181E-006     0.8059560713E-001     0.6246809797E+001     0.2247496599E+006     0.6689438960E+010
   0.2417313752E-002     0.4990622297E-006     0.8035767633E-001     0.6005638502E+001     0.2101979940E+006     0.6101089266E+010
   0.2418250104E-002     0.4990732959E-006     0.8002473227E-001     0.5773932572E+001     0.1965970574E+006     0.5565215371E+010
   0.2415702650E-002     0.4990844144E-006     0.7959678456E-001     0.5551324937E+001     0.1838844785E+006     0.5077071113E+010
   0.2409535421E-002     0.4990955830E-006     0.7907409641E-001     0.5337460783E+001     0.1720019509E+006     0.4632345277E+010
   0.2399618184E-002     0.4991067996E-006     0.7845716011E-001     0.5131997348E+001     0.1608949766E+006     0.4227121286E+010
   0.2385826460E-002     0.4991180623E-006     0.7774667380E-001     0.4934603704E+001     0.1505126229E+006     0.3857840660E+010
   0.2368041516E-002     0.4991293689E-006     0.7694351994E-001     0.4744960523E+001     0.1408072953E+006     0.3521269886E+010
   0.2346150360E-002     0.4991407180E-006     0.7604874503E-001     0.4562759823E+001     0.1317345220E+006     0.3214470372E+010
   0.2320045707E-002     0.4991521078E-006     0.7506354086E-001     0.4387704704E+001     0.1232527533E+006     0.2934771211E+010
   0.2289625946E-002     0.4991635362E-006     0.7398922710E-001     0.4219509106E+001     0.1153231718E+006     0.2679744485E+010
   0.2292438174E-002     0.4991750018E-006     0.7397210381E-001     0.4061140173E+001     0.1079095201E+006     0.2447182871E+010
   0.2318935787E-002     0.4991865034E-006     0.7473980753E-001     0.3911716806E+001     0.1009779243E+006     0.2235079324E+010
   0.2345844811E-002     0.4991980391E-006     0.7557643368E-001     0.3768928808E+001     0.9449674095E+005     0.2041608672E+010
   0.2373124403E-002     0.4992096080E-006     0.7647157398E-001     0.3632444887E+001     0.8843641547E+005     0.1865110902E+010
   0.2400731594E-002     0.4992212078E-006     0.7741514238E-001     0.3501950153E+001     0.8276934304E+005     0.1704076012E+010
   0.2428621316E-002     0.4992328384E-006     0.7839738945E-001     0.3377145447E+001     0.7746974045E+005     0.1557130264E+010
   0.2456746446E-002     0.4992444975E-006     0.7940891518E-001     0.3257746668E+001     0.7251352615E+005     0.1423023717E+010
   0.2485057854E-002     0.4992561847E-006     0.8044068026E-001     0.3143484133E+001     0.6787820813E+005     0.1300618913E+010
   0.2513504465E-002     0.4992678986E-006     0.8148401565E-001     0.3034101926E+001     0.6354277899E+005     0.1188880609E+010
   0.2542033327E-002     0.4992796376E-006     0.8253063049E-001     0.2929357282E+001     0.5948761790E+005     0.1086866461E+010
   0.2570589690E-002     0.4992914017E-006     0.8357261831E-001     0.2829019975E+001     0.5569439886E+005     0.9937185708E+009
   0.2599117093E-002     0.4993031890E-006     0.8460246154E-001     0.2732871730E+001     0.5214600505E+005     0.9086558067E+009
   0.2627557456E-002     0.4993149987E-006     0.8561303440E-001     0.2640705639E+001     0.4882644873E+005     0.8309668365E+009
   0.2655851176E-002     0.4993268303E-006     0.8659760411E-001     0.2552325617E+001     0.4572079647E+005     0.7600038006E+009
   0.2683937234E-002     0.4993386824E-006     0.8754983063E-001     0.2467545850E+001     0.4281509920E+005     0.6951765661E+009
   0.2711753304E-002     0.4993505547E-006     0.8846376487E-001     0.2386190287E+001     0.4009632703E+005     0.6359475091E+009
   0.2739235865E-002     0.4993624459E-006     0.8933384544E-001     0.2308092131E+001     0.3755230823E+005     0.5818267749E+009
   0.2766320314E-002     0.4993743554E-006     0.9015489420E-001     0.2233093365E+001     0.3517167231E+005     0.5323679724E+009
   0.2792941089E-002     0.4993862823E-006     0.9092211044E-001     0.2161044283E+001     0.3294379693E+005     0.4871642617E+009
   0.2819031790E-002     0.4993982264E-006     0.9163106403E-001     0.2091803056E+001     0.3085875820E+005     0.4458448001E+009
   0.2844525295E-002     0.4994101865E-006     0.9227768749E-001     0.2025235302E+001     0.2890728442E+005     0.4080715104E+009
   0.2869353889E-002     0.4994221624E-006     0.9285826711E-001     0.1961213688E+001     0.2708071282E+005     0.3735361450E+009
   0.2893449383E-002     0.4994341530E-006     0.9336943324E-001     0.1899617544E+001     0.2537094918E+005     0.3419576162E+009
   0.2916743237E-002     0.4994461580E-006     0.9380814991E-001     0.1840332493E+001     0.2377043013E+005     0.3130795688E+009
   0.2939166683E-002     0.4994581766E-006     0.9417170368E-001     0.1783250110E+001     0.2227208804E+005     0.2866681734E+009
   0.2960650846E-002     0.4994702085E-006     0.9445769213E-001     0.1728267586E+001     0.2086931813E+005     0.2625101185E+009
   0.2981126856E-002     0.4994822531E-006     0.9466401171E-001     0.1675287420E+001     0.1955594789E+005     0.2404107855E+009
   0.3000525974E-002     0.4994943096E-006     0.9478884541E-001     0.1624217118E+001     0.1832620840E+005     0.2201925868E+009
   0.3018779698E-002     0.4995063777E-006     0.9483065005E-001     0.1574968918E+001     0.1717470773E+005     0.2016934554E+009
   0.3035819876E-002     0.4995184577E-006     0.9478814343E-001     0.1527459520E+001     0.1609640596E+005     0.1847654687E+009
   0.3051578817E-002     0.4995305477E-006     0.9466029139E-001     0.1481609840E+001     0.1508659196E+005     0.1692735980E+009
   0.3065989389E-002     0.4995426481E-006     0.9444629479E-001     0.1437344774E+001     0.1414086165E+005     0.1550945682E+009
   0.3078985125E-002     0.4995547589E-006     0.9414557653E-001     0.1394592976E+001     0.1325509782E+005     0.1421158214E+009
   0.3090500317E-002     0.4995668786E-006     0.9375776869E-001     0.1353286649E+001     0.1242545112E+005     0.1302345720E+009
   0.3100470107E-002     0.4995790077E-006     0.9328269984E-001     0.1313361346E+001     0.1164832251E+005     0.1193569472E+009
   0.3108830579E-002     0.4995911458E-006     0.9272038245E-001     0.1274755790E+001     0.1092034671E+005     0.1093972035E+009
   0.3115518841E-002     0.4996032921E-006     0.9207100064E-001     0.1237411697E+001     0.1023837685E+005     0.1002770134E+009
   0.3120473101E-002     0.4996154465E-006     0.9133489823E-001     0.1201273615E+001     0.9599470134E+004     0.9192481554E+008
   0.3123632746E-002     0.4996276085E-006     0.9051256701E-001     0.1166288768E+001     0.9000874411E+004     0.8427522242E+008
   0.3124938413E-002     0.4996397783E-006     0.8960463542E-001     0.1132406912E+001     0.8440015675E+004     0.7726848088E+008
   0.3126085787E-002     0.4996519549E-006     0.8873785916E-001     0.1099977387E+001     0.7914486983E+004     0.7084998025E+008
   0.3147368081E-002     0.4996641386E-006     0.8937894361E-001     0.1073671371E+001     0.7422044025E+004     0.6496980411E+008
   0.3168774481E-002     0.4996763291E-006     0.9010313933E-001     0.1049046659E+001     0.6960574036E+004     0.5958232157E+008
   0.3190295435E-002     0.4996885256E-006     0.9090185139E-001     0.1025974340E+001     0.6528105967E+004     0.5464581468E+008
   0.3211920420E-002     0.4997007285E-006     0.9176660662E-001     0.1004333197E+001     0.6122795795E+004     0.5012213867E+008
   0.3233637927E-002     0.4997129370E-006     0.9268906987E-001     0.9840093894E+000     0.5742918223E+004     0.4597641207E+008
   0.3255435447E-002     0.4997251511E-006     0.9366105978E-001     0.9648961520E+000     0.5386858940E+004     0.4217673408E+008
   0.3277299457E-002     0.4997373710E-006     0.9467456387E-001     0.9468934875E+000     0.5053107384E+004     0.3869392671E+008
   0.3299215423E-002     0.4997495959E-006     0.9572175309E-001     0.9299078709E+000     0.4740249991E+004     0.3550129959E+008
   0.3321167790E-002     0.4997618257E-006     0.9679499535E-001     0.9138519567E+000     0.4446963879E+004     0.3257443526E+008
   0.3343139988E-002     0.4997740605E-006     0.9788686835E-001     0.8986442922E+000     0.4172010959E+004     0.2989099336E+008
   0.3365114442E-002     0.4997862998E-006     0.9899017127E-001     0.8842090354E+000     0.3914232428E+004     0.2743053177E+008
   0.3387072573E-002     0.4997985436E-006     0.1000979356E+000     0.8704757189E+000     0.3672543631E+004     0.2517434345E+008
   0.3408994820E-002     0.4998107915E-006     0.1012034347E+000     0.8573788984E+000     0.3445929239E+004     0.2310530746E+008
   0.3430860651E-002     0.4998230438E-006     0.1023001923E+000     0.8448579015E+000     0.3233438765E+004     0.2120775289E+008
   0.3452648587E-002     0.4998353000E-006     0.1033819900E+000     0.8328566305E+000     0.3034182380E+004     0.1946733467E+008
   0.3474336225E-002     0.4998475598E-006     0.1044428738E+000     0.8213232796E+000     0.2847326985E+004     0.1787092013E+008
   0.3495900262E-002     0.4998598234E-006     0.1054771588E+000     0.8102100914E+000     0.2672092549E+004     0.1640648537E+008
   0.3517316527E-002     0.4998720904E-006     0.1064794337E+000     0.7994731206E+000     0.2507748684E+004     0.1506302059E+008
   0.3538560014E-002     0.4998843610E-006     0.1074445634E+000     0.7890720049E+000     0.2353611444E+004     0.1383044362E+008
   0.3559604912E-002     0.4998966345E-006     0.1083676910E+000     0.7789697450E+000     0.2209040338E+004     0.1269952091E+008
   0.3580424650E-002     0.4999089114E-006     0.1092442388E+000     0.7691324905E+000     0.2073435527E+004     0.1166179531E+008
   0.3600991926E-002     0.4999211910E-006     0.1100699076E+000     0.7595293363E+000     0.1946235219E+004     0.1070952011E+008
   0.3621278757E-002     0.4999334736E-006     0.1108406761E+000     0.7501321256E+000     0.1826913220E+004     0.9835598656E+007
   0.3641256519E-002     0.4999457590E-006     0.1115527985E+000     0.7409152621E+000     0.1714976649E+004     0.9033529302E+007
   0.3660895987E-002     0.4999580470E-006     0.1122028016E+000     0.7318555307E+000     0.1609963807E+004     0.8297354946E+007
   0.3680167388E-002     0.4999703375E-006     0.1127874812E+000     0.7229319259E+000     0.1511442176E+004     0.7621616969E+007
   0.3699040445E-002     0.4999826309E-006     0.1133038974E+000     0.7141254895E+000     0.1419006554E+004     0.7001313090E+007
   0.3717484422E-002     0.4999949260E-006     0.1137493698E+000     0.7054191562E+000     0.1332277307E+004     0.6431858828E+007
   0.3735468176E-002     0.5000072240E-006     0.1141214710E+000     0.6967976074E+000     0.1250898738E+004     0.5909052256E+007
   0.3752960207E-002     0.5000195237E-006     0.1144180211E+000     0.6882471334E+000     0.1174537558E+004     0.5429041764E+007
   0.3769928705E-002     0.5000318257E-006     0.1146370800E+000     0.6797555033E+000     0.1102881457E+004     0.4988296561E+007
   0.3786341601E-002     0.5000441301E-006     0.1147769407E+000     0.6713118429E+000     0.1035637772E+004     0.4583579693E+007
   0.3802166619E-002     0.5000564360E-006     0.1148361211E+000     0.6629065200E+000     0.9725322299E+003     0.4211923358E+007
   0.3817371321E-002     0.5000687442E-006     0.1148133562E+000     0.6545310370E+000     0.9133077841E+003     0.3870606309E+007
   0.3831923162E-002     0.5000810538E-006     0.1147075897E+000     0.6461779311E+000     0.8577235175E+003     0.3557133180E+007
   0.3845789535E-002     0.5000933655E-006     0.1145179655E+000     0.6378406805E+000     0.8055536196E+003     0.3269215560E+007
   0.3858937824E-002     0.5001056790E-006     0.1142438187E+000     0.6295136179E+000     0.7565864281E+003     0.3004754672E+007
   0.3871335447E-002     0.5001179940E-006     0.1138846673E+000     0.6211918503E+000     0.7106235331E+003     0.2761825516E+007
   0.3882949907E-002     0.5001303107E-006     0.1134402026E+000     0.6128711841E+000     0.6674789376E+003     0.2538662348E+007
   0.3893748836E-002     0.5001426289E-006     0.1129102809E+000     0.6045480564E+000     0.6269782726E+003     0.2333645389E+007
   0.3903700041E-002     0.5001549485E-006     0.1122949141E+000     0.5962194721E+000     0.5889580624E+003     0.2145288651E+007
   0.3912771547E-002     0.5001672697E-006     0.1115942611E+000     0.5878829454E+000     0.5532650365E+003     0.1972228791E+007
   0.3920931643E-002     0.5001795924E-006     0.1108086187E+000     0.5795364465E+000     0.5197554858E+003     0.1813214898E+007
   0.3928148917E-002     0.5001919167E-006     0.1099384135E+000     0.5711783529E+000     0.4882946595E+003     0.1667099146E+007
   0.3934392304E-002     0.5002042421E-006     0.1089841925E+000     0.5628074048E+000     0.4587562015E+003     0.1532828221E+007
   0.3941437074E-002     0.5002165691E-006     0.1082066675E+000     0.5552781181E+000     0.4310229708E+003     0.1409435480E+007
   0.3957600316E-002     0.5002288971E-006     0.1088143095E+000     0.5526797238E+000     0.4049909189E+003     0.1296033764E+007
   0.3973788522E-002     0.5002412268E-006     0.1095096700E+000     0.5508307612E+000     0.3805497192E+003     0.1191808788E+007
   0.3989998136E-002     0.5002535574E-006     0.1102844595E+000     0.5496415725E+000     0.3576013050E+003     0.1096013125E+007
   0.4006225128E-002     0.5002658892E-006     0.1111304929E+000     0.5490282817E+000     0.3360537096E+003     0.1007960661E+007
   0.4022464977E-002     0.5002782225E-006     0.1120397030E+000     0.5489125748E+000     0.3158206834E+003     0.9270215352E+006
   0.4038712665E-002     0.5002905570E-006     0.1130041540E+000     0.5492214818E+000     0.2968213353E+003     0.8526174831E+006
   0.4054962665E-002     0.5003028924E-006     0.1140160551E+000     0.5498871619E+000     0.2789797962E+003     0.7842175810E+006
   0.4071208937E-002     0.5003152291E-006     0.1150677726E+000     0.5508466896E+000     0.2622249043E+003     0.7213343389E+006
   0.4087444925E-002     0.5003275669E-006     0.1161518426E+000     0.5520418441E+000     0.2464899103E+003     0.6635201202E+006
   0.4103663548E-002     0.5003399057E-006     0.1172609820E+000     0.5534189005E+000     0.2317122013E+003     0.6103638584E+006
   0.4119857205E-002     0.5003522460E-006     0.1183880999E+000     0.5549284230E+000     0.2178330418E+003     0.5614880470E+006
   0.4136017770E-002     0.5003645870E-006     0.1195263074E+000     0.5565250616E+000     0.2047973315E+003     0.5165459792E+006
   0.4152136597E-002     0.5003769291E-006     0.1206689267E+000     0.5581673509E+000     0.1925533776E+003     0.4752192162E+006
   0.4168204521E-002     0.5003892726E-006     0.1218095001E+000     0.5598175124E+000     0.1810526830E+003     0.4372152658E+006
   0.4184211865E-002     0.5004016167E-006     0.1229417970E+000     0.5614412600E+000     0.1702497459E+003     0.4022654523E+006
   0.4200148446E-002     0.5004139619E-006     0.1240598211E+000     0.5630076098E+000     0.1601018736E+003     0.3701229639E+006
   0.4216003581E-002     0.5004263083E-006     0.1251578159E+000     0.5644886931E+000     0.1505690071E+003     0.3405610601E+006
   0.4231766100E-002     0.5004386557E-006     0.1262302695E+000     0.5658595743E+000     0.1416135573E+003     0.3133714285E+006
   0.4247424354E-002     0.5004510040E-006     0.1272719191E+000     0.5670980737E+000     0.1332002510E+003     0.2883626762E+006
   0.4262966228E-002     0.5004633533E-006     0.1282777533E+000     0.5681845944E+000     0.1252959873E+003     0.2653589463E+006
   0.4278379156E-002     0.5004757038E-006     0.1292430149E+000     0.5691019551E+000     0.1178697018E+003     0.2441986477E+006
   0.4293650134E-002     0.5004880552E-006     0.1301632023E+000     0.5698353309E+000     0.1108922576E+003     0.2247332925E+006
   0.4308765737E-002     0.5005004076E-006     0.1310340691E+000     0.5703718498E+000     0.1043362819E+003     0.2068264188E+006
   0.4323712136E-002     0.5005127609E-006     0.1318516246E+000     0.5707005819E+000     0.9817608670E+002     0.1903526134E+006
   0.4338475114E-002     0.5005251154E-006     0.1326121320E+000     0.5708124472E+000     0.9238756686E+002     0.1751966086E+006
   0.4353040091E-002     0.5005374708E-006     0.1333121073E+000     0.5707000286E+000     0.8694809527E+002     0.1612524580E+006
   0.4367392136E-002     0.5005498271E-006     0.1339483159E+000     0.5703574388E+000     0.8183643191E+002     0.1484227794E+006
   0.4381515993E-002     0.5005621846E-006     0.1345177701E+000     0.5697801946E+000     0.7703263854E+002     0.1366180599E+006
   0.4395396103E-002     0.5005745428E-006     0.1350177243E+000     0.5689650958E+000     0.7251799855E+002     0.1257560166E+006
   0.4409016621E-002     0.5005869024E-006     0.1354456713E+000     0.5679101119E+000     0.6827494162E+002     0.1157610093E+006
   0.4422361444E-002     0.5005992623E-006     0.1357993370E+000     0.5666142731E+000     0.6428697308E+002     0.1065635019E+006
   0.4435414230E-002     0.5006116238E-006     0.1360766747E+000     0.5650775691E+000     0.6053860757E+002     0.9809956633E+005
   0.4448158427E-002     0.5006239858E-006     0.1362758593E+000     0.5633008524E+000     0.5701530675E+002     0.9031042785E+005
   0.4460577288E-002     0.5006363487E-006     0.1363952813E+000     0.5612857483E+000     0.5370342091E+002     0.8314204708E+005
   0.4472653904E-002     0.5006487125E-006     0.1364335393E+000     0.5590345707E+000     0.5059013418E+002     0.7654473608E+005
   0.4484371223E-002     0.5006610770E-006     0.1363894339E+000     0.5565502427E+000     0.4766341306E+002     0.7047280570E+005
   0.4495712075E-002     0.5006734425E-006     0.1362619600E+000     0.5538362236E+000     0.4491195825E+002     0.6488424176E+005
   0.4506659198E-002     0.5006858080E-006     0.1360502990E+000     0.5508964403E+000     0.4232515940E+002     0.5974040754E+005
   0.4517195261E-002     0.5006981745E-006     0.1357538122E+000     0.5477352246E+000     0.3989305268E+002     0.5500577052E+005
   0.4527302887E-002     0.5007105416E-006     0.1353720318E+000     0.5443572545E+000     0.3760628103E+002     0.5064765144E+005
   0.4536964678E-002     0.5007229090E-006     0.1349046540E+000     0.5407675010E+000     0.3545605679E+002     0.4663599371E+005
   0.4546163240E-002     0.5007352761E-006     0.1343515306E+000     0.5369711789E+000     0.3343412678E+002     0.4294315160E+005
   0.4554881205E-002     0.5007476441E-006     0.1337126613E+000     0.5329737017E+000     0.3153273944E+002     0.3954369569E+005
   0.4563101251E-002     0.5007600117E-006     0.1329881857E+000     0.5287806409E+000     0.2974461405E+002     0.3641423413E+005
   0.4570806132E-002     0.5007723791E-006     0.1321783755E+000     0.5243976890E+000     0.2806291191E+002     0.3353324836E+005
   0.4577978690E-002     0.5007847467E-006     0.1312836267E+000     0.5198306258E+000     0.2648120924E+002     0.3088094228E+005
   0.4584601887E-002     0.5007971139E-006     0.1303044518E+000     0.5150852888E+000     0.2499347178E+002     0.2843910353E+005
   0.4590658818E-002     0.5008094807E-006     0.1292414726E+000     0.5101675456E+000     0.2359403099E+002     0.2619097613E+005
   0.4602305414E-002     0.5008218468E-006     0.1297618730E+000     0.5107843493E+000     0.2228719360E+002     0.2412115540E+005
   0.4614141813E-002     0.5008342125E-006     0.1304280354E+000     0.5122408573E+000     0.2106114373E+002     0.2221545120E+005
   0.4625967791E-002     0.5008465774E-006     0.1311790300E+000     0.5142762905E+000     0.1991056208E+002     0.2046081029E+005
   0.4637781602E-002     0.5008589415E-006     0.1320066491E+000     0.5168084819E+000     0.1883071002E+002     0.1884522159E+005
   0.4649581245E-002     0.5008713044E-006     0.1329027972E+000     0.5197606766E+000     0.1781714755E+002     0.1735763240E+005
   0.4661364451E-002     0.5008836663E-006     0.1338595033E+000     0.5230613274E+000     0.1686571458E+002     0.1598787151E+005
   0.4673128682E-002     0.5008960267E-006     0.1348689333E+000     0.5266438935E+000     0.1597251333E+002     0.1472657867E+005
   0.4684871122E-002     0.5009083860E-006     0.1359234019E+000     0.5304466396E+000     0.1513389177E+002     0.1356513957E+005
   0.4696588679E-002     0.5009207433E-006     0.1370153842E+000     0.5344124379E+000     0.1434642816E+002     0.1249562620E+005
   0.4708277978E-002     0.5009330992E-006     0.1381375266E+000     0.5384885713E+000     0.1360691656E+002     0.1151074193E+005
   0.4719935358E-002     0.5009454533E-006     0.1392826570E+000     0.5426265385E+000     0.1291235315E+002     0.1060377103E+005
   0.4731556875E-002     0.5009578055E-006     0.1404437950E+000     0.5467818616E+000     0.1225992351E+002     0.9768532271E+004
   0.4743138298E-002     0.5009701556E-006     0.1416141607E+000     0.5509138956E+000     0.1164699062E+002     0.8999336198E+004
   0.4754675112E-002     0.5009825034E-006     0.1427871833E+000     0.5549856402E+000     0.1107108364E+002     0.8290945894E+004
   0.4766162514E-002     0.5009948491E-006     0.1439565085E+000     0.5589635556E+000     0.1052988740E+002     0.7638540855E+004
   0.4777595423E-002     0.5010071921E-006     0.1451160053E+000     0.5628173796E+000     0.1002123255E+002     0.7037683770E+004
   0.4788968475E-002     0.5010195325E-006     0.1462597723E+000     0.5665199499E+000     0.9543086267E+001     0.6484289966E+004
   0.4800276031E-002     0.5010318704E-006     0.1473821427E+000     0.5700470285E+000     0.9093543673E+001     0.5974599299E+004
   0.4811512181E-002     0.5010442058E-006     0.1484776889E+000     0.5733771313E+000     0.8670819658E+001     0.5505150293E+004
   0.4822670748E-002     0.5010565377E-006     0.1495412256E+000     0.5764913610E+000     0.8273241316E+001     0.5072756350E+004
   0.4833745293E-002     0.5010688667E-006     0.1505678132E+000     0.5793732451E+000     0.7899240816E+001     0.4674483861E+004
   0.4844729123E-002     0.5010811925E-006     0.1515527592E+000     0.5820085782E+000     0.7547348739E+001     0.4307632065E+004
   0.4855615300E-002     0.5010935148E-006     0.1524916196E+000     0.5843852694E+000     0.7216187834E+001     0.3969714525E+004
   0.4866396642E-002     0.5011058333E-006     0.1533801992E+000     0.5864931952E+000     0.6904467175E+001     0.3658442067E+004
   0.4877065739E-002     0.5011181482E-006     0.1542145511E+000     0.5883240565E+000     0.6610976689E+001     0.3371707101E+004
   0.4887614959E-002     0.5011304592E-006     0.1549909761E+000     0.5898712427E+000     0.6334582032E+001     0.3107569176E+004
   0.4898036455E-002     0.5011427658E-006     0.1557060201E+000     0.5911296998E+000     0.6074219796E+001     0.2864241696E+004
   0.4908322179E-002     0.5011550679E-006     0.1563564726E+000     0.5920958052E+000     0.5828893021E+001     0.2640079692E+004
   0.4918463890E-002     0.5011673652E-006     0.1569393628E+000     0.5927672473E+000     0.5597666995E+001     0.2433568569E+004
   0.4928453165E-002     0.5011796572E-006     0.1574519564E+000     0.5931429117E+000     0.5379665322E+001     0.2243313753E+004
   0.4938281412E-002     0.5011919437E-006     0.1578917524E+000     0.5932230534E+000     0.5174104950E+001     0.2068034746E+004
   0.4947939880E-002     0.5012042242E-006     0.1582564757E+000     0.5930084268E+000     0.4980181711E+001     0.1906548397E+004
   0.4957419669E-002     0.5012164989E-006     0.1585440740E+000     0.5925008377E+000     0.4797171582E+001     0.1757771006E+004
   0.4966711747E-002     0.5012287670E-006     0.1587527123E+000     0.5917029347E+000     0.4624400149E+001     0.1620703133E+004
   0.4975806958E-002     0.5012410288E-006     0.1588807662E+000     0.5906180759E+000     0.4461233153E+001     0.1494422849E+004
   0.4984696037E-002     0.5012532844E-006     0.1589268160E+000     0.5892502480E+000     0.4307074309E+001     0.1378079964E+004
   0.4993369622E-002     0.5012655337E-006     0.1588896401E+000     0.5876039916E+000     0.4161363226E+001     0.1270890638E+004
   0.5001818264E-002     0.5012777775E-006     0.1587682081E+000     0.5856843303E+000     0.4023573401E+001     0.1172132371E+004
   0.5010032447E-002     0.5012900158E-006     0.1585616738E+000     0.5834967060E+000     0.3893210310E+001     0.1081139331E+004
   0.5018002593E-002     0.5013022490E-006     0.1582693680E+000     0.5810469181E+000     0.3769809585E+001     0.9972980281E+003
   0.5025719079E-002     0.5013144782E-006     0.1578907912E+000     0.5783410675E+000     0.3652935277E+001     0.9200432826E+003
   0.5033172249E-002     0.5013267030E-006     0.1574256058E+000     0.5753855053E+000     0.3542178204E+001     0.8488544989E+003
   0.5040352429E-002     0.5013389248E-006     0.1568736293E+000     0.5721867856E+000     0.3437154384E+001     0.7832522044E+003
   0.5047249934E-002     0.5013511442E-006     0.1562348260E+000     0.5687516221E+000     0.3337503549E+001     0.7227948484E+003
   0.5053855087E-002     0.5013633615E-006     0.1555093000E+000     0.5650868484E+000     0.3242887735E+001     0.6670758384E+003
   0.5060158227E-002     0.5013755777E-006     0.1546972873E+000     0.5611993830E+000     0.3152989953E+001     0.6157207994E+003
   0.5066149723E-002     0.5013877934E-006     0.1537991486E+000     0.5570961964E+000     0.3067512926E+001     0.5683850423E+003
   0.5071819986E-002     0.5014000097E-006     0.1528153618E+000     0.5527842822E+000     0.2986177901E+001     0.5247512233E+003
   0.5077159481E-002     0.5014122275E-006     0.1517465147E+000     0.5482706310E+000     0.2908723528E+001     0.4845271850E+003
   0.5084351112E-002     0.5014244475E-006     0.1516590205E+000     0.5472489054E+000     0.2841097095E+001     0.4474513919E+003
   0.5092807597E-002     0.5014366709E-006     0.1522915939E+000     0.5490405008E+000     0.2783011127E+001     0.4132793905E+003
   0.5101244213E-002     0.5014488977E-006     0.1530148572E+000     0.5514550228E+000     0.2730594482E+001     0.3817793202E+003
   0.5109660201E-002     0.5014611298E-006     0.1538204759E+000     0.5544060952E+000     0.2683290534E+001     0.3527406089E+003
   0.5118054656E-002     0.5014733676E-006     0.1547002235E+000     0.5578129106E+000     0.2640589487E+001     0.3259694082E+003
   0.5126426529E-002     0.5014856121E-006     0.1556459941E+000     0.5616000259E+000     0.2602024923E+001     0.3012872609E+003
   0.5134774619E-002     0.5014978642E-006     0.1566498138E+000     0.5656971603E+000     0.2567170564E+001     0.2785298723E+003
   0.5143097570E-002     0.5015101251E-006     0.1577038528E+000     0.5700389940E+000     0.2535637243E+001     0.2575459804E+003
   0.5151393873E-002     0.5015223956E-006     0.1588004367E+000     0.5745649698E+000     0.2507070068E+001     0.2381963148E+003
   0.5159661860E-002     0.5015346763E-006     0.1599320571E+000     0.5792190958E+000     0.2481145766E+001     0.2203526391E+003
   0.5167899703E-002     0.5015469685E-006     0.1610913820E+000     0.5839497495E+000     0.2457570207E+001     0.2038968696E+003
   0.5176105414E-002     0.5015592727E-006     0.1622712658E+000     0.5887094850E+000     0.2436076085E+001     0.1887202642E+003
   0.5184276842E-002     0.5015715904E-006     0.1634647585E+000     0.5934548409E+000     0.2416420765E+001     0.1747226767E+003
   0.5192411677E-002     0.5015839222E-006     0.1646651140E+000     0.5981461515E+000     0.2398384265E+001     0.1618118701E+003
   0.5200507443E-002     0.5015962690E-006     0.1658657980E+000     0.6027473603E+000     0.2381767389E+001     0.1499028856E+003
   0.5208561507E-002     0.5016086317E-006     0.1670604950E+000     0.6072258364E+000     0.2366389986E+001     0.1389174621E+003
   0.5216571073E-002     0.5016210113E-006     0.1682431148E+000     0.6115521937E+000     0.2352089334E+001     0.1287835022E+003
   0.5224533186E-002     0.5016334091E-006     0.1694077980E+000     0.6157001141E+000     0.2338718642E+001     0.1194345807E+003
   0.5232444738E-002     0.5016458259E-006     0.1705489207E+000     0.6196461737E+000     0.2326145663E+001     0.1108094936E+003
   0.5240302461E-002     0.5016582628E-006     0.1716610984E+000     0.6233696736E+000     0.2314251412E+001     0.1028518425E+003
   0.5248102938E-002     0.5016707211E-006     0.1727391894E+000     0.6268524745E+000     0.2302928981E+001     0.9550965242E+002
   0.5255842603E-002     0.5016832012E-006     0.1737782971E+000     0.6300788361E+000     0.2292082447E+001     0.8873502084E+002
   0.5263517744E-002     0.5016957054E-006     0.1747737716E+000     0.6330352604E+000     0.2281625864E+001     0.8248379437E+002
   0.5271124507E-002     0.5017082345E-006     0.1757212107E+000     0.6357103413E+000     0.2271482336E+001     0.7671527168E+002
   0.5278658903E-002     0.5017207898E-006     0.1766164598E+000     0.6380946179E+000     0.2261583173E+001     0.7139193020E+002
   0.5286116806E-002     0.5017333732E-006     0.1774556117E+000     0.6401804337E+000     0.2251867103E+001     0.6647917466E+002
   0.5293493964E-002     0.5017459865E-006     0.1782350051E+000     0.6419618013E+000     0.2242279567E+001     0.6194510584E+002
   0.5300786004E-002     0.5017586320E-006     0.1789512225E+000     0.6434342718E+000     0.2232772057E+001     0.5776030778E+002
   0.5307988432E-002     0.5017713116E-006     0.1796010883E+000     0.6445948110E+000     0.2223301528E+001     0.5389765208E+002
   0.5315096643E-002     0.5017840276E-006     0.1801816649E+000     0.6454416798E+000     0.2213829849E+001     0.5033211773E+002
   0.5322105928E-002     0.5017967835E-006     0.1806902497E+000     0.6459743213E+000     0.2204323311E+001     0.4704062539E+002
   0.5329011476E-002     0.5018095821E-006     0.1811243704E+000     0.6461932529E+000     0.2194752177E+001     0.4400188488E+002
   0.5335808384E-002     0.5018224275E-006     0.1814817807E+000     0.6460999644E+000     0.2185090273E+001     0.4119625477E+002
   0.5342491659E-002     0.5018353236E-006     0.1817604547E+000     0.6456968216E+000     0.2175314617E+001     0.3860561316E+002
   0.5349056232E-002     0.5018482759E-006     0.1819585819E+000     0.6449869746E+000     0.2165405087E+001     0.3621323874E+002
   0.5355496956E-002     0.5018612900E-006     0.1820745611E+000     0.6439742733E+000     0.2155344114E+001     0.3400370126E+002
   0.5361808621E-002     0.5018743721E-006     0.1821069940E+000     0.6426631860E+000     0.2145116415E+001     0.3196276070E+002
   0.5367985955E-002     0.5018875301E-006     0.1820546792E+000     0.6410587251E+000     0.2134708740E+001     0.3007727440E+002
   0.5374023635E-002     0.5019007708E-006     0.1819166062E+000     0.6391667159E+000     0.2124152582E+001     0.2833842334E+002
   0.5379916291E-002     0.5019140992E-006     0.1816919466E+000     0.6369931122E+000     0.2113428034E+001     0.2672955610E+002
   0.5385658515E-002     0.5019275043E-006     0.1813800463E+000     0.6345438372E+000     0.2102486439E+001     0.2523765377E+002
   0.5391244870E-002     0.5019409790E-006     0.1809804213E+000     0.6318254488E+000     0.2091326409E+001     0.2385469460E+002
   0.5396669892E-002     0.5019545158E-006     0.1804927485E+000     0.6288447451E+000     0.2079946982E+001     0.2257311391E+002
   0.5401928103E-002     0.5019681070E-006     0.1799168590E+000     0.6256087179E+000     0.2068347587E+001     0.2138578936E+002
   0.5407014012E-002     0.5019817456E-006     0.1792527301E+000     0.6221245088E+000     0.2056528015E+001     0.2028602497E+002
   0.5411922129E-002     0.5019954249E-006     0.1785004783E+000     0.6183993705E+000     0.2044488399E+001     0.1926753428E+002
   0.5416646966E-002     0.5020091378E-006     0.1776603517E+000     0.6144406312E+000     0.2032229183E+001     0.1832442293E+002
   0.5421183047E-002     0.5020228776E-006     0.1767327225E+000     0.6102556619E+000     0.2019751108E+001     0.1745117089E+002
   0.5425524914E-002     0.5020366378E-006     0.1757180802E+000     0.6058518476E+000     0.2007055191E+001     0.1664261466E+002
   0.5429667133E-002     0.5020504125E-006     0.1746170237E+000     0.6012365616E+000     0.1994142710E+001     0.1589392941E+002
   0.5434910789E-002     0.5020641950E-006     0.1745574932E+000     0.6003978254E+000     0.1987849631E+001     0.1520901507E+002
   0.5440830602E-002     0.5020779799E-006     0.1751963878E+000     0.6023579040E+000     0.1987642989E+001     0.1458647724E+002
   0.5446729938E-002     0.5020917613E-006     0.1759283307E+000     0.6049666174E+000     0.1989854511E+001     0.1401837630E+002
   0.5452608450E-002     0.5021055330E-006     0.1767448590E+000     0.6081345643E+000     0.1994111198E+001     0.1350029441E+002
