0.09594979148543734
0.09623181042910914
0.09636303179296381
0.09632778354231618
0.09619444893683185
0.09596499700744625
0.09564687264254754
0.09521037554351901
0.09466230516602213
0.09400921196315769
0.09325735927087128
0.09245208656670993
0.0917187377393351
0.09091861601290507
0.09005695903013156
0.08928973082468221
0.08849059632324964
0.08766240238337464
0.08705554679125357
0.08651782648262055
0.08596862198682037
0.0854075406198118
0.08483380157654943
0.08424628362302333
0.08364376421235929
0.08337531805215735
0.08319447099785232
0.08322023959584739
0.08324224442184186
0.08325581425625128
0.08325776078712285
0.08325082582940742
0.08323351139138391
0.08320704690798311
0.08316049486664895
0.083089552975922
0.08302002805757774
0.08294428232533393
0.08284124355447822
0.08270795631276877
0.08254166621558263
0.08234534741637171
0.08219525477858634
0.08209045972442232
0.08194350341802994
0.08175366234783613
0.08156644562099231
0.08137137729273117
0.08113963543123134
0.08087110551840211
0.08056574176538522
0.08022355640860236
0.07991955262789217
0.07961383603445982
0.07928333279515096
0.0789759629762663
0.07876089610060852
0.07853128158358172
0.07828706750029557
0.0780280989658678
0.07775411628732565
0.07746475492734431
0.07737398735331255
0.07741954901457575
0.07747396553448584
0.0776843026948232
0.07791286334173984
0.07813933950831964
0.07835646568289253
0.07856278334245781
0.07875671354345343
0.07893657003092835
0.07910609519253649
0.079265279166882
0.0794757049503685
0.07966111450619486
0.07983271573801413
0.07998207926375422
0.08011764622863572
0.08022643641656921
0.08030709751063579
0.08043843422469785
0.08053986972639862
0.08061678853327311
0.0806841979277175
0.08072011178933183
0.08072381080289842
0.08069463974180069
0.08063200739975632
0.08053538548213213
0.08046015683571642
0.08035615401641663
0.0802223909047553
0.08005867583561585
0.07989685281716222
0.0797437520873713
0.07956830426892926
0.07937071787656566
0.07915119146962385
0.07891402741006164
0.07866077985221155
0.07850334119703364
0.07835603692497746
0.07842763720537593
0.0784989033642253
0.07866188234648516
0.07883276765499464
0.07899909651485475
0.0791604660976793
0.07931599592097417
0.07951733968036832
0.07972308679668941
0.07992085466279884
0.08010971349246467
0.08028864833258882
0.08045656455752814
0.08061427153987263
0.08076095010798502
0.08089629764618421
0.0810640306295935
0.08121251017058218
0.08135031185926912
0.08146953256323
0.08157011919400237
0.0816574322916598
0.0817283393574582
0.08177639025268194
0.08180052129544799
0.08179969020472157
0.08178509776474314
0.08179664293194669
0.08183342483836165
0.08185244013630526
0.08185742398519158
0.08183376144024299
0.08179378175136087
0.08172352933358762
0.0816315880393885
0.08154986072819018
0.0814407563244553
0.08130412031962682
0.08117328800281255
0.08104013055199814
0.08088571506081826
0.08071041862817274
0.08051422451623592
0.08029731362843821
0.08005985346934105
0.07987167356826597
0.0800417839819122
0.08020875498070251
0.0803724509189118
0.08053267534946984
0.08068917025119483
0.08084161543219806
0.08098996435757028
0.08113376740127762
0.08127232613528115
0.08140538232826072
0.08160027629804117
0.08178554643545287
0.08196398814978575
0.08216768885335912
0.08236012040442257
0.08254059650187123
0.08270828475974344
0.08286086118110236
0.08300421943086622
0.08313089250692442
0.08329798383403962
0.08347220914787756
0.0836243288401669
0.08375338457123502
0.08386260010183023
0.08395455257250062
0.08402217104808808
0.08406463039553182
0.08409038650995543
0.0841013817111177
0.08409730593180516
0.0840679151561679
0.08401276622203323
0.08393144762602746
0.08382357920264964
0.08371988588337169
0.08366211650189925
0.08357478654038641
0.08347359279373368
0.08337643887336164
0.08325316410954023
0.08310365424654469
0.08299062671280295
0.08292803567800265
0.08285352465064275
0.08276750855517802
0.08267038015353376
0.0825625049783811
0.08264755402324118
0.08273390535085896
0.08281486316712157
0.08289051637251665
0.08296238307797514
0.08304370004107449
0.08320957070294718
0.08343026676216272
0.08366395715192514
0.08388988963901652
0.08410743861260088
0.08431603946352509
0.08452188991476965
0.08472486596468305
0.08491628999650407
0.08510015189262142
0.08530773337033402
0.08550111796315352
0.08568047762586303
0.08584338228768962
0.08602469349295368
0.08621348016645258
0.08639271895815875
0.08655883143821869
0.08671183112694433
0.08684881612055177
0.08696282929449746
0.08706260982960101
0.08714153622834468
0.08719741489250121
0.08722983714752756
0.0872442047395891
0.08725540287195163
0.08725212431689605
0.08722737249070542
0.08718110182989793
0.08711329538428471
0.0870239634672122
0.08691314192496039
0.08678089037591058
0.08662729005755103
0.08647998574315532
0.08644732967838081
0.08639559145225872
0.08632495485685567
0.08626489270027639
0.08621224349740089
0.08614706311847871
0.0860697492501369
0.08613328720226061
0.08627345530898999
0.08640551190748619
0.08652966400944888
0.08665685177626728
0.08681781181108941
0.08702351985219421
0.08721899577148096
0.08740410566192983
0.0875786707444087
0.08774298399273162
0.08789742618253583
0.08804192554222708
0.08820543742592586
0.0884604678165544
0.08871718393865646
0.08896831086335984
0.08921306801072408
0.08945318924646237
0.08968275368730083
0.08989690944215652
0.090106270642977
0.09035933184786098
0.09059673661210099
0.09081062590018064
0.09100437792181144
0.09118004908985902
0.09134397435749748
0.0914855832173377
0.09160696308200834
0.09170973090107225
0.09179471134432018
0.09186474500592719
0.0919114589901225
0.09193192907477453
0.09194151550147153
0.09193587387216877
0.09191108326315894
0.09187238149272342
0.09181031874807359
0.09172500374510589
0.09161656591745988
0.09148515454434525
0.09133093568258602
0.09118555645519312
0.09105519097685252
0.0909878942951421
0.09096667347137041
0.09093200918933614
0.0909240998019044
0.091029216228788
0.09119468518403316
0.09135013323380964
0.09149584020330542