0.04305578424268309
0.042595264739555085
0.04213865762237584
0.04169437074568335
0.0412698840664917
0.040871724025454303
0.04050545524054468
0.040175688784775065
0.039886104756302505
0.03963948801193094
0.03943777468991389
0.039282108362025316
0.039172903597478444
0.03910991486105047
0.03909231002496096
0.03911874577314596
0.03918744395239838
0.03929626744656196
0.039442794208597566
0.03962438870763054
0.039838269469212026
0.04008157160909009
0.04035140589350161
0.04064490980400976
0.04095929508268794
0.04129188720792608
0.04164015996890163
0.04200176316406391
0.042374544335033404
0.04275656436303772
0.042573331746466964
0.042019570411765544
0.04148826257844607
0.040978945352235334
0.0404913105212581
0.04002519469511241
0.039580565908543155
0.039157509602278366
0.038756210241583815
0.03837693423110585
0.03802000985960795
0.037685808155029234
0.037374722946680976
0.037087152330126105
0.03682347967411275
0.03658405766578085
0.03636919170446824
0.03617912703336062
0.03601403608019988
0.03587400900657768
0.03575904600316901
0.03566905131335727
0.03560383050149799
0.03556308894156726
0.0355464324986558
0.03555337055385963
0.03558332046619145
0.03563561417124786
0.035709504981219664
0.035804177595206495
0.03591875699858577
0.03605231959618793
0.0359132762187381
0.03560129849226871
0.03530121222956167
0.035012587713186875
0.03473501098383901
0.0344680905513692
0.03421146599474085
0.03396481334670803
0.033727851212107876
0.03350034597316167
0.033282115522592554
0.03307303176982141
0.0328730230642553
0.03268207451835483
0.03250022714001806
0.03232757704881241
0.032164272316253496
0.03201050971511166
0.031866529843024155
0.03173261230765139
0.031609069476970786
0.03149623984988245
0.031394481253498724
0.03130416337238615
0.031225660342211525
0.031159343194356072
0.031105572313028136
0.031064690478225052
0.03103701534643595
0.031022833901023922
0.031022396056175534
0.0310359091940106
0.031063534443451987
0.031105382379729693
0.031161510295885524
0.031231920448838886
0.031316558704383185
0.03141531437757594
0.031528021233431
0.03165445862223986
0.031768542065764925
0.031582661176550494
0.03140324630284702
0.031230228051962784
0.0310635166077878
0.030903005436048195
0.030748575281559068
0.0306000985121981
0.030457443520805642
0.03032047895982
0.030189079085524585
0.0300631275723575
0.02994252175197288
0.02982717701040987
0.029717030264377657
0.0296120430655556
0.02951220437574869
0.029417533024427952
0.029328079140834584
0.029243924943716873
0.0291651859548436
0.0290920099296177
0.029024576284458165
0.028963095137901358
0.028907804593934595
0.028858968345869904
0.028816872934502264
0.028781823932985104
0.028754141810721567
0.0287341581076532
0.028722210488003632
0.02871863849483867
0.028723778433749816
0.028737958611640368
0.028761494599112657
0.02879468479029655
0.02883780565837382
0.02889110786151308
0.02895481240418896
0.029029107281703898
0.029114144293534504
0.02926753930804871
0.029452522149430903
0.02964435023438201
0.029843175868775804
0.030049104208483196
0.030214993508051957
0.030134506735892866
0.030055202779879598
0.029977255965527055
0.029900815123614297
0.029826005450355124
0.029752931246007915
0.02968167771524607
0.029612314968903153
0.029544899850626846
0.029479480732546005
0.029416099725578067
0.0293547971292572
0.029295613941490967
0.029238596240243334
0.029183797782581903
0.02913128326901307
0.029081131015910415
0.029033435435899386
0.02898830934732476
0.028945885521224488
0.028906317757893436
0.028869782496613903
0.028836478221103985
0.02880662611955766
0.02878046918412857
0.028758271142594136
0.028907319257673023
0.0290981758499391
0.029285640057866495
0.02947024024498848
0.029652514614969254
0.029833008354902
0.030012268949011087
0.03019084230064406
0.030369269416181927
0.030548081971140676
0.030727797688290023
0.03090891769470915
0.031091921552587904
0.03127726442586575
0.031465373525062554
0.031656644874522695
0.03185144123025607
0.032050089262980155
0.03225287803062243
0.03246005730838809
0.0326718368936425
0.03288838599805916
0.03283638265510745
0.03277444368555695
0.0327120272475256
0.03264936666997757
0.03258667186737404
0.03252412999165659
0.032461907240347046
0.032400150994862986
0.032338991724610154
0.03227854592671665
0.032218918391749944
0.032160205330804464
0.03210249709791713
0.032045881303880946
0.031990445874052
0.03193628135705788
0.031883484499460844
0.031832160378882694
0.0317824246643772
0.03173440620854276
0.03168824843981701
0.031644111156433036
0.0316021715576511
0.03156262504557186
0.031525685944789994
0.03175689732576828
0.03200238032889302
0.032241554292333836
0.032474875663613484
0.032702818880276076
0.03292587508267536
0.033144548522378414
0.03335935402047416
0.03357081348415005
0.03377945291915359
0.033985798639495475
0.034190373609285445
0.03439369422368012
0.034596266104807274
0.03479858098338625
0.03500111324787374
0.03520431635554923
0.03540861980270212
0.0356144266713579
0.0358221104888615
0.03603201346256975
0.03624444448420136
0.036459677421330945
0.03667795035984463
0.03673005303554379
0.03667730632145589
0.0366226649929193
0.036566420980356715
0.036508843274845805
0.03645017775112052
0.03639064867430799
0.03633045948339072
0.03626979463328277
0.03620882127507128
0.03614769165776415
0.03608654508746106
0.0360255105968885
0.035964709419840445
0.035904257894161476
0.03584426982496128
0.03578485942863571
0.03572614371592238
0.03566824529181269
0.03561129411735532
0.035555430378202656
0.03550080567360608
0.03544758520452414
0.03539594873770509
0.035346091666017806
0.035356316734629294
0.035649390876791
0.03593426499970642
0.0362113438862299
0.03648105442645759
0.03674384341406875
0.03700017540021152
0.03725053075584726
0.03749540292445164
0.037735295215657744
0.03797071857361727
0.03820218760818505
0.038430217754245946
0.03865532163137576
0.038878005572434815
0.0390987667488878
0.039318088824494925
0.03953643982750859
0.039754268058736525
0.03997199997134786
0.04019003670252458
0.04040875258062832
0.040628491991147736
0.04084956828786588
0.04107226208463153
0.04112441506157678
0.04107798352092518
0.041028475406153765
0.04097622602712246