   0.9867272945E+000     0.9999995013E+000     0.2163456724E+001     0.2502965858E+003     0.1552355009E+009     0.1075190147E+015
   0.9768078927E+000     0.9999995013E+000     0.2212541617E+001     0.2578715936E+003     0.1616379684E+009     0.1133385756E+015
   0.9669972119E+000     0.9999995013E+000     0.2262294633E+001     0.2651719551E+003     0.1677715139E+009     0.1189136361E+015
   0.9572943034E+000     0.9999995013E+000     0.2312720763E+001     0.2722109284E+003     0.1736474617E+009     0.1242544918E+015
   0.9476981923E+000     0.9999995013E+000     0.2363825924E+001     0.2790012764E+003     0.1792766582E+009     0.1293710037E+015
   0.9382078804E+000     0.9999995013E+000     0.2415616895E+001     0.2855552914E+003     0.1846694944E+009     0.1342726190E+015
   0.9288223488E+000     0.9999995013E+000     0.2468101249E+001     0.2918848171E+003     0.1898359251E+009     0.1389683880E+015
   0.9195405604E+000     0.9999995013E+000     0.2521287298E+001     0.2980012673E+003     0.1947854862E+009     0.1434669806E+015
   0.9103614626E+000     0.9999995013E+000     0.2575184032E+001     0.3039156467E+003     0.1995273123E+009     0.1477767018E+015
   0.9012839895E+000     0.9999995013E+000     0.2629801074E+001     0.3096385685E+003     0.2040701533E+009     0.1519055066E+015
   0.8923070639E+000     0.9999995013E+000     0.2685148629E+001     0.3151802687E+003     0.2084223853E+009     0.1558610107E+015
   0.8834295996E+000     0.9999995013E+000     0.2741237439E+001     0.3205506341E+003     0.2125920370E+009     0.1596505133E+015
   0.8746505031E+000     0.9999995013E+000     0.2798078749E+001     0.3257592146E+003     0.2165867987E+009     0.1632810067E+015
   0.8659686753E+000     0.9999995013E+000     0.2855684263E+001     0.3308152394E+003     0.2204140372E+009     0.1667591887E+015
   0.8573830133E+000     0.9999995013E+000     0.2914066120E+001     0.3357276332E+003     0.2240808092E+009     0.1700914750E+015
   0.8488924120E+000     0.9999995013E+000     0.2973236856E+001     0.3405050315E+003     0.2275938739E+009     0.1732840115E+015
   0.8404957654E+000     0.9999995013E+000     0.3033209386E+001     0.3451557951E+003     0.2309597063E+009     0.1763426851E+015
   0.8321919678E+000     0.9999995013E+000     0.3093996975E+001     0.3496880253E+003     0.2341845084E+009     0.1792731347E+015
   0.8239799153E+000     0.9999995013E+000     0.3155613219E+001     0.3541095768E+003     0.2372742212E+009     0.1820807620E+015
   0.8158585068E+000     0.9999995013E+000     0.3218072025E+001     0.3584280718E+003     0.2402345353E+009     0.1847707411E+015
   0.8078266453E+000     0.9999995012E+000     0.3281387599E+001     0.3626509126E+003     0.2430709016E+009     0.1873480281E+015
   0.7998832381E+000     0.9999995012E+000     0.3345574429E+001     0.3667852941E+003     0.2457885415E+009     0.1898173702E+015
   0.7920271988E+000     0.9999995012E+000     0.3410647277E+001     0.3708382161E+003     0.2483924561E+009     0.1921833150E+015
   0.7842574472E+000     0.9999995012E+000     0.3476621164E+001     0.3748164952E+003     0.2508874362E+009     0.1944502180E+015
   0.7765729104E+000     0.9999995012E+000     0.3543511369E+001     0.3787267757E+003     0.2532780703E+009     0.1966222516E+015
   0.7689725236E+000     0.9999995012E+000     0.3611333415E+001     0.3825755408E+003     0.2555687538E+009     0.1987034120E+015
   0.7614552303E+000     0.9999995012E+000     0.3680103074E+001     0.3863691234E+003     0.2577636968E+009     0.2006975274E+015
   0.7540199834E+000     0.9999995012E+000     0.3749836354E+001     0.3901137163E+003     0.2598669318E+009     0.2026082642E+015
   0.7466657452E+000     0.9999995012E+000     0.3820549503E+001     0.3938153823E+003     0.2618823214E+009     0.2044391346E+015
   0.7393914881E+000     0.9999995012E+000     0.3892259006E+001     0.3974800638E+003     0.2638135655E+009     0.2061935026E+015
   0.7320850790E+000     0.9999995012E+000     0.3970596694E+001     0.4012009667E+003     0.2656642091E+009     0.2078745905E+015
   0.7247767770E+000     0.9999995012E+000     0.4054484095E+001     0.4049769165E+003     0.2674376474E+009     0.2094854853E+015
   0.7175409357E+000     0.9999995011E+000     0.4140227424E+001     0.4087584334E+003     0.2691371312E+009     0.2110291431E+015
   0.7103769973E+000     0.9999995011E+000     0.4227816056E+001     0.4125511354E+003     0.2707657745E+009     0.2125083954E+015
   0.7032844045E+000     0.9999995011E+000     0.4317240310E+001     0.4163606135E+003     0.2723265602E+009     0.2139259543E+015
   0.6962626007E+000     0.9999995011E+000     0.4408491514E+001     0.4201924422E+003     0.2738223454E+009     0.2152844175E+015
   0.6893110292E+000     0.9999995011E+000     0.4501562070E+001     0.4240521888E+003     0.2752558666E+009     0.2165862732E+015
   0.6824291333E+000     0.9999995011E+000     0.4596445504E+001     0.4279454233E+003     0.2766297449E+009     0.2178339043E+015
   0.6756163564E+000     0.9999995011E+000     0.4693136509E+001     0.4318777273E+003     0.2779464909E+009     0.2190295936E+015
   0.6688721414E+000     0.9999995011E+000     0.4791630987E+001     0.4358547027E+003     0.2792085092E+009     0.2201755273E+015
   0.6621959307E+000     0.9999995011E+000     0.4891926078E+001     0.4398819803E+003     0.2804181032E+009     0.2212737995E+015
   0.6555871664E+000     0.9999995011E+000     0.4994020182E+001     0.4439652278E+003     0.2815774788E+009     0.2223264159E+015
   0.6490452900E+000     0.9999995010E+000     0.5097912980E+001     0.4481101577E+003     0.2826887491E+009     0.2233352974E+015
   0.6425697425E+000     0.9999995010E+000     0.5203605446E+001     0.4523225354E+003     0.2837539379E+009     0.2243022842E+015
   0.6361599642E+000     0.9999995010E+000     0.5311099855E+001     0.4566081863E+003     0.2847749838E+009     0.2252291384E+015
   0.6298153950E+000     0.9999995010E+000     0.5420399786E+001     0.4609730033E+003     0.2857537435E+009     0.2261175480E+015
   0.6235354743E+000     0.9999995010E+000     0.5531510121E+001     0.4654229543E+003     0.2866919954E+009     0.2269691296E+015
   0.6173196410E+000     0.9999995010E+000     0.5644437039E+001     0.4699640893E+003     0.2875914428E+009     0.2277854317E+015
   0.6111673336E+000     0.9999995010E+000     0.5759188007E+001     0.4746025469E+003     0.2884537173E+009     0.2285679374E+015
   0.6050779904E+000     0.9999995010E+000     0.5875771770E+001     0.4793445625E+003     0.2892803816E+009     0.2293180669E+015
   0.5990510495E+000     0.9999995010E+000     0.5994198335E+001     0.4841964742E+003     0.2900729324E+009     0.2300371809E+015
   0.5930859489E+000     0.9999995009E+000     0.6114478955E+001     0.4891647304E+003     0.2908328034E+009     0.2307265822E+015
   0.5871821268E+000     0.9999995009E+000     0.6236626110E+001     0.4942558968E+003     0.2915613677E+009     0.2313875189E+015
   0.5813390214E+000     0.9999995009E+000     0.6360653488E+001     0.4994766633E+003     0.2922599407E+009     0.2320211863E+015
   0.5755560712E+000     0.9999995009E+000     0.6486575959E+001     0.5048338512E+003     0.2929297821E+009     0.2326287290E+015
   0.5698327154E+000     0.9999995009E+000     0.6614409560E+001     0.5103344206E+003     0.2935720985E+009     0.2332112437E+015
   0.5641683936E+000     0.9999995009E+000     0.6744171463E+001     0.5159854774E+003     0.2941880459E+009     0.2337697803E+015
   0.5585625462E+000     0.9999995009E+000     0.6875879956E+001     0.5217942808E+003     0.2947787312E+009     0.2343053446E+015
   0.5530146147E+000     0.9999995009E+000     0.7009554419E+001     0.5277682511E+003     0.2953452150E+009     0.2348189000E+015
   0.5475240415E+000     0.9999995009E+000     0.7145215296E+001     0.5339149772E+003     0.2958885129E+009     0.2353113690E+015
   0.5420902702E+000     0.9999995008E+000     0.7282884077E+001     0.5402422241E+003     0.2964095978E+009     0.2357836353E+015
   0.5367127461E+000     0.9999995008E+000     0.7422583268E+001     0.5467579450E+003     0.2969094018E+009     0.2362365450E+015
   0.5313708672E+000     0.9999995008E+000     0.7572408663E+001     0.5538251219E+003     0.2973888302E+009     0.2366709087E+015
   0.5260696668E+000     0.9999995008E+000     0.7730903773E+001     0.5614291576E+003     0.2978487403E+009     0.2370875025E+015
   0.5208211384E+000     0.9999995008E+000     0.7893218048E+001     0.5693754340E+003     0.2982899452E+009     0.2374870699E+015
   0.5156247820E+000     0.9999995008E+000     0.8059373404E+001     0.5776750746E+003     0.2987132302E+009     0.2378703229E+015
   0.5104801028E+000     0.9999995008E+000     0.8229390604E+001     0.5863394599E+003     0.2991193477E+009     0.2382379434E+015
   0.5053866115E+000     0.9999995008E+000     0.8403289371E+001     0.5953802505E+003     0.2995090184E+009     0.2385905848E+015
   0.5003438238E+000     0.9999995008E+000     0.8581088507E+001     0.6048094087E+003     0.2998829330E+009     0.2389288723E+015
   0.4953512606E+000     0.9999995007E+000     0.8762806022E+001     0.6146392228E+003     0.3002417530E+009     0.2392534053E+015
   0.4904084476E+000     0.9999995007E+000     0.8948459254E+001     0.6248823301E+003     0.3005861125E+009     0.2395647573E+015
   0.4855149155E+000     0.9999995007E+000     0.9138065008E+001     0.6355517410E+003     0.3009166191E+009     0.2398634779E+015
   0.4806701998E+000     0.9999995007E+000     0.9331639681E+001     0.6466608636E+003     0.3012338548E+009     0.2401500933E+015
   0.4758738406E+000     0.9999995007E+000     0.9529199398E+001     0.6582235279E+003     0.3015383776E+009     0.2404251075E+015
   0.4711253825E+000     0.9999995007E+000     0.9730760142E+001     0.6702540104E+003     0.3018307221E+009     0.2406890031E+015
   0.4664243746E+000     0.9999995007E+000     0.9936337885E+001     0.6827670592E+003     0.3021114008E+009     0.2409422425E+015
   0.4617703703E+000     0.9999995007E+000     0.1014594872E+002     0.6957779188E+003     0.3023809049E+009     0.2411852681E+015
   0.4571629273E+000     0.9999995006E+000     0.1035960898E+002     0.7093023549E+003     0.3026397053E+009     0.2414185041E+015
   0.4526016073E+000     0.9999995006E+000     0.1057733537E+002     0.7233566796E+003     0.3028882536E+009     0.2416423564E+015
   0.4480859763E+000     0.9999995006E+000     0.1079914508E+002     0.7379577767E+003     0.3031269825E+009     0.2418572138E+015
   0.4436156039E+000     0.9999995006E+000     0.1102505590E+002     0.7531231263E+003     0.3033563071E+009     0.2420634487E+015
   0.4391900637E+000     0.9999995006E+000     0.1125508636E+002     0.7688708304E+003     0.3035766257E+009     0.2422614177E+015
   0.4348089331E+000     0.9999995006E+000     0.1148925577E+002     0.7852196379E+003     0.3037883202E+009     0.2424514624E+015
   0.4304717932E+000     0.9999995006E+000     0.1172758440E+002     0.8021889699E+003     0.3039917568E+009     0.2426339099E+015
   0.4261782285E+000     0.9999995006E+000     0.1197009351E+002     0.8197989453E+003     0.3041872874E+009     0.2428090736E+015
   0.4219278272E+000     0.9999995006E+000     0.1221680550E+002     0.8380704057E+003     0.3043752492E+009     0.2429772534E+015
   0.4177201808E+000     0.9999995005E+000     0.1246774392E+002     0.8570249416E+003     0.3045559664E+009     0.2431387368E+015
   0.4135548843E+000     0.9999995005E+000     0.1272293363E+002     0.8766849180E+003     0.3047297500E+009     0.2432937991E+015
   0.4094315359E+000     0.9999995005E+000     0.1298240083E+002     0.8970735000E+003     0.3048968988E+009     0.2434427040E+015
   0.4053497369E+000     0.9999995005E+000     0.1324617313E+002     0.9182146797E+003     0.3050577001E+009     0.2435857040E+015
   0.4013090921E+000     0.9999995005E+000     0.1351427960E+002     0.9401333021E+003     0.3052124296E+009     0.2437230412E+015
   0.3973092091E+000     0.9999995005E+000     0.1378675087E+002     0.9628550926E+003     0.3053613529E+009     0.2438549474E+015
   0.3933496986E+000     0.9999995005E+000     0.1406361913E+002     0.9864066838E+003     0.3055047250E+009     0.2439816446E+015
   0.3894301746E+000     0.9999995005E+000     0.1434491823E+002     0.1010815644E+004     0.3056427915E+009     0.2441033455E+015
   0.3855502536E+000     0.9999995004E+000     0.1463068366E+002     0.1036110503E+004     0.3057757890E+009     0.2442202542E+015
   0.3817095554E+000     0.9999995004E+000     0.1492095263E+002     0.1062320786E+004     0.3059039449E+009     0.2443325658E+015
   0.3779077025E+000     0.9999995004E+000     0.1521576410E+002     0.1089477039E+004     0.3060274789E+009     0.2444404676E+015
   0.3741443202E+000     0.9999995004E+000     0.1551515877E+002     0.1117610857E+004     0.3061466024E+009     0.2445441390E+015
   0.3704190368E+000     0.9999995004E+000     0.1581917916E+002     0.1146754923E+004     0.3062615196E+009     0.2446437520E+015
   0.3667314833E+000     0.9999995004E+000     0.1612786957E+002     0.1176943030E+004     0.3063724276E+009     0.2447394712E+015
   0.3630812932E+000     0.9999995004E+000     0.1644127615E+002     0.1208210123E+004     0.3064795168E+009     0.2448314547E+015
   0.3594681032E+000     0.9999995004E+000     0.1675944686E+002     0.1240592323E+004     0.3065829712E+009     0.2449198538E+015
   0.3558909262E+000     0.9999995003E+000     0.1708440875E+002     0.1274368000E+004     0.3066829923E+009     0.2450048137E+015
   0.3523422300E+000     0.9999995003E+000     0.1743979978E+002     0.1312592491E+004     0.3067800744E+009     0.2450864738E+015
   0.3488288753E+000     0.9999995003E+000     0.1780393492E+002     0.1352820735E+004     0.3068741820E+009     0.2451649674E+015
   0.3453505139E+000     0.9999995003E+000     0.1817690662E+002     0.1395113688E+004     0.3069654862E+009     0.2452404225E+015
   0.3419068014E+000     0.9999995003E+000     0.1855880436E+002     0.1439533674E+004     0.3070541544E+009     0.2453129619E+015
   0.3384973967E+000     0.9999995003E+000     0.1894971469E+002     0.1486144472E+004     0.3071403500E+009     0.2453827033E+015
   0.3351219626E+000     0.9999995003E+000     0.1934972136E+002     0.1535011411E+004     0.3072242333E+009     0.2454497596E+015
   0.3317801655E+000     0.9999995003E+000     0.1975890543E+002     0.1586201468E+004     0.3073059612E+009     0.2455142391E+015
   0.3284716751E+000     0.9999995003E+000     0.2017734544E+002     0.1639783373E+004     0.3073856882E+009     0.2455762456E+015
   0.3251961647E+000     0.9999995002E+000     0.2060511749E+002     0.1695827716E+004     0.3074635666E+009     0.2456358789E+015
   0.3219533110E+000     0.9999995002E+000     0.2104229551E+002     0.1754407061E+004     0.3075397463E+009     0.2456932346E+015
   0.3187427942E+000     0.9999995002E+000     0.2148895136E+002     0.1815596068E+004     0.3076143759E+009     0.2457484043E+015
   0.3155642977E+000     0.9999995002E+000     0.2194515506E+002     0.1879471648E+004     0.3076876029E+009     0.2458014762E+015
   0.3124175081E+000     0.9999995002E+000     0.2241097499E+002     0.1946113018E+004     0.3077595735E+009     0.2458525346E+015
   0.3093021155E+000     0.9999995002E+000     0.2288647812E+002     0.2015601832E+004     0.3078304326E+009     0.2459016606E+015
   0.3062178131E+000     0.9999995002E+000     0.2337173018E+002     0.2088022379E+004     0.3079003254E+009     0.2459489323E+015
   0.3031642971E+000     0.9999995002E+000     0.2386679594E+002     0.2163461684E+004     0.3079693972E+009     0.2459944244E+015
   0.3001412670E+000     0.9999995001E+000     0.2437173941E+002     0.2242009648E+004     0.3080377935E+009     0.2460382092E+015
   0.2971484252E+000     0.9999995001E+000     0.2488662409E+002     0.2323759189E+004     0.3081056609E+009     0.2460803562E+015
   0.2941854773E+000     0.9999995001E+000     0.2541151319E+002     0.2408806385E+004     0.3081731467E+009     0.2461209326E+015
   0.2912521316E+000     0.9999995001E+000     0.2594646988E+002     0.2497250619E+004     0.3082404001E+009     0.2461600032E+015
   0.2883480996E+000     0.9999995001E+000     0.2649155752E+002     0.2589194725E+004     0.3083075716E+009     0.2461976304E+015
   0.2854730954E+000     0.9999995001E+000     0.2704683989E+002     0.2684745141E+004     0.3083748141E+009     0.2462338744E+015
   0.2826268362E+000     0.9999995001E+000     0.2761238144E+002     0.2784012055E+004     0.3084422828E+009     0.2462687936E+015
   0.2798090418E+000     0.9999995001E+000     0.2818824750E+002     0.2887109564E+004     0.3085101357E+009     0.2463024439E+015
   0.2770194348E+000     0.9999995000E+000     0.2877450452E+002     0.2994155823E+004     0.3085785336E+009     0.2463348796E+015
   0.2742577405E+000     0.9999995000E+000     0.2937122026E+002     0.3105273206E+004     0.3086476409E+009     0.2463661526E+015
   0.2715236869E+000     0.9999995000E+000     0.2997846406E+002     0.3220588461E+004     0.3087176256E+009     0.2463963132E+015
   0.2688170045E+000     0.9999995000E+000     0.3059630697E+002     0.3340232873E+004     0.3087886598E+009     0.2464254095E+015
   0.2661374265E+000     0.9999995000E+000     0.3122482203E+002     0.3464342425E+004     0.3088609199E+009     0.2464534878E+015
   0.2634846887E+000     0.9999995000E+000     0.3186408441E+002     0.3593057963E+004     0.3089345873E+009     0.2464805926E+015
   0.2608585291E+000     0.9999995000E+000     0.3251417161E+002     0.3726525360E+004     0.3090098482E+009     0.2465067661E+015
   0.2582586885E+000     0.9999995000E+000     0.3317516362E+002     0.3864895688E+004     0.3090868948E+009     0.2465320491E+015
   0.2556849099E+000     0.9999994999E+000     0.3384714314E+002     0.4008325388E+004     0.3091659249E+009     0.2465564802E+015
   0.2531369389E+000     0.9999994999E+000     0.3453019567E+002     0.4156976443E+004     0.3092471429E+009     0.2465800962E+015
   0.2506145234E+000     0.9999994999E+000     0.3522440970E+002     0.4311016556E+004     0.3093307602E+009     0.2466029322E+015
   0.2481174134E+000     0.9999994999E+000     0.3592987686E+002     0.4470619332E+004     0.3094169953E+009     0.2466250212E+015
   0.2456453616E+000     0.9999994999E+000     0.3664669203E+002     0.4635964455E+004     0.3095060749E+009     0.2466463945E+015
   0.2431981226E+000     0.9999994999E+000     0.3737495346E+002     0.4807237884E+004     0.3095982340E+009     0.2466670817E+015
   0.2407754535E+000     0.9999994999E+000     0.3811476289E+002     0.4984632036E+004     0.3096937165E+009     0.2466871103E+015
   0.2383771134E+000     0.9999994999E+000     0.3886622570E+002     0.5168345987E+004     0.3097927761E+009     0.2467065063E+015
   0.2360028638E+000     0.9999994998E+000     0.3962945091E+002     0.5358585669E+004     0.3098956766E+009     0.2467252939E+015
   0.2336524681E+000     0.9999994998E+000     0.4040455139E+002     0.5555564077E+004     0.3100026929E+009     0.2467434954E+015
   0.2313256922E+000     0.9999994998E+000     0.4119164383E+002     0.5759501476E+004     0.3101141110E+009     0.2467611316E+015
   0.2290223036E+000     0.9999994998E+000     0.4199084889E+002     0.5970625620E+004     0.3102302298E+009     0.2467782217E+015
   0.2267420724E+000     0.9999994998E+000     0.4280229125E+002     0.6189171969E+004     0.3103513610E+009     0.2467947829E+015
   0.2244843634E+000     0.9999994998E+000     0.4363633935E+002     0.6418914536E+004     0.3104788000E+009     0.2468108317E+015
   0.2222471002E+000     0.9999994998E+000     0.4454226151E+002     0.6678141845E+004     0.3106184849E+009     0.2468263842E+015
   0.2200321284E+000     0.9999994998E+000     0.4547057255E+002     0.6951079440E+004     0.3107670510E+009     0.2468414529E+015
   0.2178392269E+000     0.9999994997E+000     0.4642153337E+002     0.7238142498E+004     0.3109250417E+009     0.2468560497E+015
   0.2156681767E+000     0.9999994997E+000     0.4739539820E+002     0.7539755366E+004     0.3110930289E+009     0.2468701850E+015
   0.2135187610E+000     0.9999994997E+000     0.4839241468E+002     0.7856352085E+004     0.3112716141E+009     0.2468838679E+015
   0.2113907652E+000     0.9999994997E+000     0.4941282397E+002     0.8188376957E+004     0.3114614311E+009     0.2468971064E+015
   0.2092839773E+000     0.9999994997E+000     0.5045686103E+002     0.8536285152E+004     0.3116631476E+009     0.2469099073E+015
   0.2071981870E+000     0.9999994997E+000     0.5152475471E+002     0.8900543339E+004     0.3118774678E+009     0.2469222764E+015
   0.2051331863E+000     0.9999994997E+000     0.5261672815E+002     0.9281630365E+004     0.3121051339E+009     0.2469342185E+015
   0.2030887696E+000     0.9999994997E+000     0.5373299898E+002     0.9680037955E+004     0.3123469294E+009     0.2469457375E+015
   0.2010647332E+000     0.9999994996E+000     0.5487377967E+002     0.1009627146E+005     0.3126036809E+009     0.2469568365E+015
   0.1990608754E+000     0.9999994996E+000     0.5603927794E+002     0.1053085060E+005     0.3128762610E+009     0.2469675178E+015
   0.1970769967E+000     0.9999994996E+000     0.5722969709E+002     0.1098431031E+005     0.3131655910E+009     0.2469777833E+015
   0.1951128996E+000     0.9999994996E+000     0.5844523648E+002     0.1145720151E+005     0.3134726437E+009     0.2469876340E+015
   0.1931683887E+000     0.9999994996E+000     0.5968609190E+002     0.1195009198E+005     0.3137984465E+009     0.2469970707E+015
   0.1912432705E+000     0.9999994996E+000     0.6095245611E+002     0.1246356724E+005     0.3141440844E+009     0.2470060939E+015
   0.1893373535E+000     0.9999994996E+000     0.6224451924E+002     0.1299823144E+005     0.3145107034E+009     0.2470147035E+015
   0.1874504481E+000     0.9999994996E+000     0.6356246935E+002     0.1355470827E+005     0.3148995137E+009     0.2470228996E+015
   0.1855823667E+000     0.9999994995E+000     0.6490649290E+002     0.1413364193E+005     0.3153117935E+009     0.2470306819E+015
   0.1837329235E+000     0.9999994995E+000     0.6627677529E+002     0.1473569805E+005     0.3157488926E+009     0.2470380506E+015
   0.1819019347E+000     0.9999994995E+000     0.6767350135E+002     0.1536156472E+005     0.3162122360E+009     0.2470450054E+015
   0.1800892182E+000     0.9999994995E+000     0.6909685594E+002     0.1601195446E+005     0.3167033761E+009     0.2470515490E+015
   0.1782945938E+000     0.9999994995E+000     0.7054702440E+002     0.1668760292E+005     0.3172238779E+009     0.2470576784E+015
   0.1765178832E+000     0.9999994995E+000     0.7202419311E+002     0.1738927109E+005     0.3177754004E+009     0.2470633875E+015
   0.1747589097E+000     0.9999994995E+000     0.7352855005E+002     0.1811774697E+005     0.3183597126E+009     0.2470686631E+015
   0.1730174985E+000     0.9999994995E+000     0.7506028528E+002     0.1887384614E+005     0.3189786779E+009     0.2470734851E+015
   0.1712934764E+000     0.9999994995E+000     0.7661959152E+002     0.1965841286E+005     0.3196342611E+009     0.2470778291E+015
   0.1695866721E+000     0.9999994994E+000     0.7820666460E+002     0.2047232114E+005     0.3203285352E+009     0.2470816670E+015
   0.1678969158E+000     0.9999994994E+000     0.7982170401E+002     0.2131647589E+005     0.3210636883E+009     0.2470849692E+015
   0.1662240395E+000     0.9999994994E+000     0.8146491334E+002     0.2219181400E+005     0.3218420314E+009     0.2470877053E+015
   0.1645678768E+000     0.9999994994E+000     0.8313650083E+002     0.2309930553E+005     0.3226660054E+009     0.2470898456E+015
   0.1629282629E+000     0.9999994994E+000     0.8483667978E+002     0.2403995484E+005     0.3235381885E+009     0.2470913617E+015
   0.1613050347E+000     0.9999994994E+000     0.8656566902E+002     0.2501480177E+005     0.3244613046E+009     0.2470922279E+015
   0.1596980307E+000     0.9999994994E+000     0.8832369333E+002     0.2602492287E+005     0.3254382309E+009     0.2470924219E+015
   0.1581070907E+000     0.9999994994E+000     0.9011098387E+002     0.2707143258E+005     0.3264720064E+009     0.2470919252E+015
   0.1565320565E+000     0.9999994993E+000     0.9192777861E+002     0.2815548446E+005     0.3275658405E+009     0.2470907243E+015
   0.1549727710E+000     0.9999994993E+000     0.9377432265E+002     0.2927827250E+005     0.3287231219E+009     0.2470888109E+015
   0.1534290790E+000     0.9999994993E+000     0.9565086863E+002     0.3044103237E+005     0.3299474277E+009     0.2470861828E+015
   0.1519008265E+000     0.9999994993E+000     0.9755767706E+002     0.3164504272E+005     0.3312425332E+009     0.2470828437E+015
   0.1503878610E+000     0.9999994993E+000     0.9949501666E+002     0.3289162653E+005     0.3326124218E+009     0.2470788043E+015
   0.1488900317E+000     0.9999994993E+000     0.1014631646E+003     0.3418215248E+005     0.3340612954E+009     0.2470740823E+015
   0.1474071890E+000     0.9999994993E+000     0.1034624070E+003     0.3551803633E+005     0.3355935851E+009     0.2470687026E+015
   0.1459391848E+000     0.9999994993E+000     0.1054930389E+003     0.3690074236E+005     0.3372139630E+009     0.2470626977E+015
   0.1444858726E+000     0.9999994992E+000     0.1075553647E+003     0.3833178481E+005     0.3389273534E+009     0.2470561077E+015
   0.1430471069E+000     0.9999994992E+000     0.1096496983E+003     0.3981272941E+005     0.3407389454E+009     0.2470489807E+015
   0.1416227439E+000     0.9999994992E+000     0.1117763636E+003     0.4134519490E+005     0.3426542058E+009     0.2470413726E+015
   0.1402126411E+000     0.9999994992E+000     0.1139356942E+003     0.4293085458E+005     0.3446788928E+009     0.2470333477E+015
   0.1388166574E+000     0.9999994992E+000     0.1161280341E+003     0.4457143799E+005     0.3468190696E+009     0.2470249779E+015
   0.1374338005E+000     0.9999994992E+000     0.1185285736E+003     0.4644399307E+005     0.3492255636E+009     0.2470164666E+015
   0.1360646934E+000     0.9999994992E+000     0.1209943117E+003     0.4842171242E+005     0.3518239259E+009     0.2470078775E+015
   0.1347092266E+000     0.9999994992E+000     0.1235205648E+003     0.5050251209E+005     0.3546210109E+009     0.2469993180E+015
   0.1333672645E+000     0.9999994991E+000     0.1261080443E+003     0.5268947954E+005     0.3576279480E+009     0.2469909075E+015
   0.1320386727E+000     0.9999994991E+000     0.1287574454E+003     0.5498577140E+005     0.3608564809E+009     0.2469827752E+015
   0.1307233184E+000     0.9999994991E+000     0.1314694471E+003     0.5739461733E+005     0.3643190042E+009     0.2469750599E+015
   0.1294210700E+000     0.9999994991E+000     0.1342447126E+003     0.5991932415E+005     0.3680286013E+009     0.2469679105E+015
   0.1281317972E+000     0.9999994991E+000     0.1370838895E+003     0.6256328026E+005     0.3719990847E+009     0.2469614858E+015
   0.1268553710E+000     0.9999994991E+000     0.1399876110E+003     0.6532996020E+005     0.3762450383E+009     0.2469559551E+015
   0.1255916640E+000     0.9999994991E+000     0.1429564957E+003     0.6822292963E+005     0.3807818620E+009     0.2469514980E+015
   0.1243405497E+000     0.9999994991E+000     0.1459911490E+003     0.7124585039E+005     0.3856258189E+009     0.2469483046E+015
   0.1231019031E+000     0.9999994990E+000     0.1490921634E+003     0.7440248585E+005     0.3907940840E+009     0.2469465761E+015
   0.1218756005E+000     0.9999994990E+000     0.1522601197E+003     0.7769670651E+005     0.3963047968E+009     0.2469465248E+015
   0.1206615193E+000     0.9999994990E+000     0.1554955878E+003     0.8113249576E+005     0.4021771155E+009     0.2469483744E+015
   0.1194595383E+000     0.9999994990E+000     0.1587991277E+003     0.8471395587E+005     0.4084312740E+009     0.2469523606E+015
   0.1182695373E+000     0.9999994990E+000     0.1621712908E+003     0.8844531413E+005     0.4150886428E+009     0.2469587311E+015
   0.1170913977E+000     0.9999994990E+000     0.1656126206E+003     0.9233092926E+005     0.4221717916E+009     0.2469677468E+015
   0.1159250017E+000     0.9999994990E+000     0.1691236544E+003     0.9637529789E+005     0.4297045555E+009     0.2469796813E+015
   0.1147702328E+000     0.9999994990E+000     0.1727049241E+003     0.1005830613E+006     0.4377121054E+009     0.2469948227E+015
   0.1136269759E+000     0.9999994989E+000     0.1763569576E+003     0.1049590122E+006     0.4462210203E+009     0.2470134731E+015
   0.1124951167E+000     0.9999994989E+000     0.1800802800E+003     0.1095081018E+006     0.4552593646E+009     0.2470359504E+015
   0.1113745423E+000     0.9999994989E+000     0.1838754153E+003     0.1142354471E+006     0.4648567684E+009     0.2470625883E+015
   0.1102651409E+000     0.9999994989E+000     0.1877428871E+003     0.1191463378E+006     0.4750445121E+009     0.2470937380E+015
   0.1091668016E+000     0.9999994989E+000     0.1916832203E+003     0.1242462442E+006     0.4858556153E+009     0.2471297686E+015
   0.1080794151E+000     0.9999994989E+000     0.1956969425E+003     0.1295408244E+006     0.4973249297E+009     0.2471710689E+015
   0.1070028726E+000     0.9999994989E+000     0.1997845851E+003     0.1350359322E+006     0.5094892376E+009     0.2472180482E+015
   0.1059370667E+000     0.9999994989E+000     0.2039466848E+003     0.1407376248E+006     0.5223873541E+009     0.2472711382E+015
   0.1048818912E+000     0.9999994988E+000     0.2081837848E+003     0.1466521709E+006     0.5360602355E+009     0.2473307942E+015
   0.1038372407E+000     0.9999994988E+000     0.2124964364E+003     0.1527860586E+006     0.5505510923E+009     0.2473974977E+015
   0.1028030108E+000     0.9999994988E+000     0.2168851998E+003     0.1591460035E+006     0.5659055090E+009     0.2474717576E+015
   0.1017790985E+000     0.9999994988E+000     0.2213506459E+003     0.1657389866E+006     0.5821752188E+009     0.2475545426E+015
   0.1007654015E+000     0.9999994988E+000     0.2258933571E+003     0.1725721856E+006     0.5994082565E+009     0.2476464335E+015
   0.9976181856E-001     0.9999994988E+000     0.2305139287E+003     0.1796530459E+006     0.6176580921E+009     0.2477488488E+015
   0.9876824954E-001     0.9999994988E+000     0.2352129700E+003     0.1869892796E+006     0.6369816137E+009     0.2478632064E+015
   0.9778459521E-001     0.9999994988E+000     0.2399911057E+003     0.1945888694E+006     0.6574386432E+009     0.2479908686E+015
   0.9681075736E-001     0.9999994987E+000     0.2448489767E+003     0.2024600774E+006     0.6790920974E+009     0.2481331505E+015
   0.9584663873E-001     0.9999994987E+000     0.2497872412E+003     0.2106114547E+006     0.7020081560E+009     0.2482913278E+015
   0.9489214300E-001     0.9999994987E+000     0.2548065760E+003     0.2190518506E+006     0.7262564380E+009     0.2484666451E+015
   0.9394717481E-001     0.9999994987E+000     0.2599076771E+003     0.2277904219E+006     0.7519101858E+009     0.2486603237E+015
   0.9301163975E-001     0.9999994987E+000     0.2650912609E+003     0.2368366431E+006     0.7790464581E+009     0.2488735707E+015
   0.9208544431E-001     0.9999994987E+000     0.2703580650E+003     0.2462003160E+006     0.8077463319E+009     0.2491075868E+015
   0.9116849590E-001     0.9999994987E+000     0.2757088490E+003     0.2558915797E+006     0.8380951135E+009     0.2493635754E+015
   0.9026070283E-001     0.9999994987E+000     0.2811443954E+003     0.2659209216E+006     0.8701825595E+009     0.2496427515E+015
   0.8936197433E-001     0.9999994986E+000     0.2866655103E+003     0.2762991871E+006     0.9041031090E+009     0.2499463508E+015
   0.8847222049E-001     0.9999994986E+000     0.2922730242E+003     0.2870375914E+006     0.9399561254E+009     0.2502756393E+015
   0.8759135228E-001     0.9999994986E+000     0.2979677923E+003     0.2981477300E+006     0.9778461504E+009     0.2506319227E+015
   0.8671928154E-001     0.9999994986E+000     0.3037506958E+003     0.3096415902E+006     0.1017883170E+010     0.2510165567E+015
   0.8585592096E-001     0.9999994986E+000     0.3096226419E+003     0.3215315630E+006     0.1060182893E+010     0.2514309575E+015
   0.8500118410E-001     0.9999994986E+000     0.3155845645E+003     0.3338304551E+006     0.1104867043E+010     0.2518766120E+015
   0.8415479988E-001     0.9999994986E+000     0.3219353374E+003     0.3473792169E+006     0.1153923921E+010     0.2523592704E+015
   0.8331673746E-001     0.9999994986E+000     0.3286192647E+003     0.3621337375E+006     0.1207820104E+010     0.2528835859E+015
   0.8248702259E-001     0.9999994986E+000     0.3354682468E+003     0.3776643484E+006     0.1265847498E+010     0.2534504718E+015
   0.8166557217E-001     0.9999994985E+000     0.3424842837E+003     0.3939942793E+006     0.1328232304E+010     0.2540626639E+015
   0.8085230395E-001     0.9999994985E+000     0.3496693327E+003     0.4111472710E+006     0.1395213090E+010     0.2547231252E+015
   0.8004713649E-001     0.9999994985E+000     0.3570253081E+003     0.4291476029E+006     0.1467041540E+010     0.2554350695E+015
   0.7924998917E-001     0.9999994985E+000     0.3645540827E+003     0.4480201230E+006     0.1543983229E+010     0.2562019863E+015
   0.7846078220E-001     0.9999994985E+000     0.3722574880E+003     0.4677902795E+006     0.1626318451E+010     0.2570276673E+015
   0.7767943659E-001     0.9999994985E+000     0.3801373156E+003     0.4884841547E+006     0.1714343091E+010     0.2579162348E+015
   0.7690587412E-001     0.9999994985E+000     0.3881953190E+003     0.5101284999E+006     0.1808369533E+010     0.2588721716E+015
   0.7614001740E-001     0.9999994985E+000     0.3964332147E+003     0.5327507735E+006     0.1908727625E+010     0.2599003539E+015
   0.7538178979E-001     0.9999994984E+000     0.4048526846E+003     0.5563791794E+006     0.2015765688E+010     0.2610060851E+015
   0.7463111543E-001     0.9999994984E+000     0.4134553776E+003     0.5810427083E+006     0.2129851577E+010     0.2621951332E+015
   0.7388791922E-001     0.9999994984E+000     0.4222429125E+003     0.6067711798E+006     0.2251373793E+010     0.2634737696E+015
   0.7315212682E-001     0.9999994984E+000     0.4312168802E+003     0.6335952865E+006     0.2380742655E+010     0.2648488115E+015
   0.7242366464E-001     0.9999994984E+000     0.4403788462E+003     0.6615466396E+006     0.2518391524E+010     0.2663276667E+015
   0.7170245982E-001     0.9999994984E+000     0.4497303539E+003     0.6906578156E+006     0.2664778089E+010     0.2679183815E+015
   0.7098844024E-001     0.9999994984E+000     0.4592729271E+003     0.7209624051E+006     0.2820385715E+010     0.2696296921E+015
   0.7028153449E-001     0.9999994984E+000     0.4690080734E+003     0.7524950618E+006     0.2985724856E+010     0.2714710795E+015
   0.6958167191E-001     0.9999994983E+000     0.4789372873E+003     0.7852915541E+006     0.3161334536E+010     0.2734528277E+015
   0.6888878250E-001     0.9999994983E+000     0.4890620537E+003     0.8193888168E+006     0.3347783900E+010     0.2755860865E+015
   0.6820279701E-001     0.9999994983E+000     0.4993838508E+003     0.8548250048E+006     0.3545673836E+010     0.2778829379E+015
   0.6752364684E-001     0.9999994983E+000     0.5099041541E+003     0.8916395472E+006     0.3755638681E+010     0.2803564677E+015
   0.6685126411E-001     0.9999994983E+000     0.5206244394E+003     0.9298732033E+006     0.3978348000E+010     0.2830208409E+015
   0.6618558161E-001     0.9999994983E+000     0.5315461869E+003     0.9695681187E+006     0.4214508454E+010     0.2858913829E+015
   0.6552653278E-001     0.9999994983E+000     0.5426708842E+003     0.1010767883E+007     0.4464865748E+010     0.2889846658E+015
   0.6487405175E-001     0.9999994983E+000     0.5540000300E+003     0.1053517590E+007     0.4730206683E+010     0.2923185997E+015
   0.6422807330E-001     0.9999994982E+000     0.5655351377E+003     0.1097863893E+007     0.5011361287E+010     0.2959125308E+015
   0.6358853286E-001     0.9999994982E+000     0.5772777392E+003     0.1143855072E+007     0.5309205064E+010     0.2997873451E+015
   0.6295536649E-001     0.9999994982E+000     0.5892293876E+003     0.1191541089E+007     0.5624661328E+010     0.3039655785E+015
   0.6232851092E-001     0.9999994982E+000     0.6013916615E+003     0.1240973654E+007     0.5958703659E+010     0.3084715337E+015
   0.6170790346E-001     0.9999994982E+000     0.6137661680E+003     0.1292206287E+007     0.6312358467E+010     0.3133314047E+015
   0.6109348209E-001     0.9999994982E+000     0.6263545456E+003     0.1345294386E+007     0.6686707671E+010     0.3185734076E+015
   0.6048518537E-001     0.9999994982E+000     0.6391584684E+003     0.1400295287E+007     0.7082891509E+010     0.3242279204E+015
   0.5988295250E-001     0.9999994982E+000     0.6521796483E+003     0.1457268333E+007     0.7502111463E+010     0.3303276288E+015
   0.5928672326E-001     0.9999994981E+000     0.6654198388E+003     0.1516274946E+007     0.7945633330E+010     0.3369076822E+015
   0.5869643804E-001     0.9999994981E+000     0.6788808374E+003     0.1577378689E+007     0.8414790423E+010     0.3440058566E+015
   0.5811203781E-001     0.9999994981E+000     0.6925644888E+003     0.1640645341E+007     0.8910986917E+010     0.3516627265E+015
   0.5753346413E-001     0.9999994981E+000     0.7064726885E+003     0.1706143320E+007     0.9435831001E+010     0.3599624787E+015
   0.5696065913E-001     0.9999994981E+000     0.7206073839E+003     0.1773943156E+007     0.9990871154E+010     0.3688895558E+015
   0.5639356552E-001     0.9999994981E+000     0.7349705765E+003     0.1844117400E+007     0.1057762970E+011     0.3784490283E+015
   0.5583212658E-001     0.9999994981E+000     0.7495643264E+003     0.1916741460E+007     0.1119784965E+011     0.3887011306E+015
   0.5527628614E-001     0.9999994980E+000     0.7643907531E+003     0.1991893332E+007     0.1185336608E+011     0.3997103233E+015
   0.5472598858E-001     0.9999994980E+000     0.7794520385E+003     0.2069653685E+007     0.1254611075E+011     0.4115456017E+015
   0.5418117883E-001     0.9999994980E+000     0.7947504284E+003     0.2150105939E+007     0.1327811697E+011     0.4242808268E+015
   0.5364180238E-001     0.9999994980E+000     0.8102882348E+003     0.2233336351E+007     0.1405152471E+011     0.4379950780E+015
   0.5310780524E-001     0.9999994980E+000     0.8260678376E+003     0.2319434097E+007     0.1486858593E+011     0.4527730303E+015
   0.5257913395E-001     0.9999994980E+000     0.8420916863E+003     0.2408491363E+007     0.1573167021E+011     0.4687053577E+015
   0.5205573557E-001     0.9999994980E+000     0.8583623018E+003     0.2500603434E+007     0.1664327058E+011     0.4858891638E+015
   0.5153755770E-001     0.9999994979E+000     0.8748822779E+003     0.2595868784E+007     0.1760600974E+011     0.5044284413E+015
   0.5102448142E-001     0.9999994979E+000     0.8925108369E+003     0.2701107665E+007     0.1866534180E+011     0.5247066009E+015
   0.5051647866E-001     0.9999994979E+000     0.9110360357E+003     0.2815522492E+007     0.1982861160E+011     0.5470100523E+015
   0.5001353464E-001     0.9999994979E+000     0.9300190641E+003     0.2935958062E+007     0.2108131561E+011     0.5714183961E+015
   0.4951559898E-001     0.9999994979E+000     0.9494655174E+003     0.3062594171E+007     0.2242834902E+011     0.5981201790E+015
