   0.2245723893E-002
   0.2245720640E-002
   0.2245715762E-002
   0.2245708444E-002
   0.2245697467E-002
   0.2245681002E-002
   0.2245656304E-002
   0.2245619259E-002
   0.2245563692E-002
   0.2245480346E-002
   0.2245355334E-002
   0.2245167834E-002
   0.2244886622E-002
   0.2244464893E-002
   0.2243832498E-002
   0.2242884350E-002
   0.2241463128E-002
   0.2239333542E-002
   0.2236144194E-002
   0.2231371434E-002
   0.2224237419E-002
   0.2213592227E-002
   0.2197747754E-002
   0.2174251022E-002
   0.2139589499E-002
   0.2088836053E-002
   0.2026700771E-002
   0.2020974944E-002
