   0.6309362488E-002
   0.6309359720E-002
   0.6309355569E-002
   0.6309349342E-002
   0.6309340002E-002
   0.6309325991E-002
   0.6309304976E-002
   0.6309273453E-002
   0.6309226170E-002
   0.6309155247E-002
   0.6309048870E-002
   0.6308889316E-002
   0.6308650014E-002
   0.6308291126E-002
   0.6307752937E-002
   0.6306945979E-002
   0.6305736273E-002
   0.6303923350E-002
   0.6301207638E-002
   0.6297142285E-002
   0.6291062585E-002
   0.6281983774E-002
   0.6268455547E-002
   0.6248360265E-002
   0.6218643431E-002
   0.6174973089E-002
   0.6121254534E-002
   0.6116290180E-002
