   0.1670584971E-001
   0.1670584741E-001
   0.1670584395E-001
   0.1670583877E-001
   0.1670583099E-001
   0.1670581932E-001
   0.1670580182E-001
   0.1670577559E-001
   0.1670573626E-001
   0.1670567729E-001
   0.1670558882E-001
   0.1670545614E-001
   0.1670525713E-001
   0.1670495867E-001
   0.1670451107E-001
   0.1670383988E-001
   0.1670283359E-001
   0.1670132633E-001
   0.1669908360E-001
   0.1669572693E-001
   0.1669070405E-001
   0.1668319666E-001
   0.1667199509E-001
   0.1665532312E-001
   0.1663059728E-001
   0.1659410815E-001
   0.1654897571E-001
   0.1654479117E-001
