   0.1783340881E-001
   0.1783340699E-001
   0.1783340426E-001
   0.1783340015E-001
   0.1783339400E-001
   0.1783338477E-001
   0.1783337093E-001
   0.1783335016E-001
   0.1783331901E-001
   0.1783327229E-001
   0.1783320221E-001
   0.1783309710E-001
   0.1783293947E-001
   0.1783270306E-001
   0.1783234851E-001
   0.1783181683E-001
   0.1783101964E-001
   0.1782982458E-001
   0.1782803406E-001
   0.1782535358E-001
   0.1782134265E-001
   0.1781534618E-001
   0.1780801860E-001
   0.1779809904E-001
   0.1778331443E-001
   0.1776133954E-001
   0.1773395426E-001
   0.1773140630E-001
