   0.0000000000E+000
   0.9635081716E-007
   0.2408768140E-006
   0.4576652942E-006
   0.7828468556E-006
   0.1270616590E-005
   0.2002265326E-005
   0.3099725231E-005
   0.4745885391E-005
   0.7215058817E-005
   0.1091866864E-004
   0.1647374522E-004
   0.2480559940E-004
   0.3730166971E-004
   0.5604192742E-004
   0.8414366309E-004
   0.1262768241E-003
   0.1894328941E-003
   0.2840689873E-003
   0.4258034375E-003
   0.6379136129E-003
   0.9549823467E-003
   0.1428149251E-002
   0.2132520089E-002
   0.3177303415E-002
   0.4719044900E-002
   0.6977712052E-002
   0.9744887203E-002
   0.1000000000E-001
