   0.0000000000E+000
   0.2945593799E-008
   0.7363981966E-008
   0.1399155852E-007
   0.2393291054E-007
   0.3884490975E-007
   0.6121284369E-007
   0.9476459866E-007
   0.1450919027E-006
   0.2205821201E-006
   0.3338157838E-006
   0.5036625395E-006
   0.7584242591E-006
   0.1140547909E-005
   0.1713690802E-005
   0.2573309358E-005
   0.3862521768E-005
   0.5795855988E-005
   0.8694768459E-005
   0.1304069071E-004
   0.1955408125E-004
   0.2931184748E-004
   0.4392090948E-004
   0.6577287123E-004
   0.9841360768E-004
   0.1470708331E-003
   0.2016657741E-003
   0.2647603528E-003
   0.3401610450E-003
   0.4317251719E-003
   0.5438437954E-003
   0.6817071023E-003
   0.8515231506E-003
   0.1060731754E-002
   0.1318225158E-002
   0.1634577226E-002
   0.2022279055E-002
   0.2495978351E-002
   0.3072722039E-002
   0.3772206435E-002
   0.4617046248E-002
   0.5633081095E-002
   0.6849743999E-002
   0.8300518214E-002
   0.1000000000E-001
