   0.0000000000E+000
   0.1000000000E+000
   0.2000000000E+000
   0.3000000000E+000
   0.4000000000E+000
   0.5000000000E+000
   0.6000000000E+000
   0.7000000000E+000
   0.8000000000E+000
   0.9000000000E+000
   0.1000000000E+001
   0.1100000000E+001
   0.1200000000E+001
   0.1300000000E+001
   0.1400000000E+001
   0.1500000000E+001
   0.1600000000E+001
   0.1700000000E+001
   0.1800000000E+001
   0.1900000000E+001
   0.2000000000E+001
   0.2100000000E+001
   0.2200000000E+001
   0.2300000000E+001
   0.2400000000E+001
   0.2500000000E+001
   0.2600000000E+001
   0.2700000000E+001
   0.2800000000E+001
   0.2900000000E+001
   0.3000000000E+001
   0.3100000000E+001
   0.3200000000E+001
   0.3300000000E+001
   0.3400000000E+001
   0.3500000000E+001
   0.3600000000E+001
   0.3700000000E+001
   0.3800000000E+001
   0.3900000000E+001
   0.4000000000E+001
   0.4100000000E+001
   0.4200000000E+001
   0.4300000000E+001
   0.4400000000E+001
   0.4500000000E+001
   0.4600000000E+001
   0.4700000000E+001
   0.4800000000E+001
   0.4900000000E+001
   0.5000000000E+001
   0.5100000000E+001
   0.5200000000E+001
   0.5300000000E+001
   0.5400000000E+001
   0.5500000000E+001
   0.5600000000E+001
   0.5700000000E+001
   0.5800000000E+001
   0.5900000000E+001
   0.6000000000E+001
   0.6100000000E+001
   0.6200000000E+001
   0.6300000000E+001
   0.6400000000E+001
   0.6500000000E+001
   0.6600000000E+001
   0.6700000000E+001
   0.6800000000E+001
   0.6900000000E+001
   0.7000000000E+001
   0.7100000000E+001
   0.7200000000E+001
   0.7300000000E+001
   0.7400000000E+001
   0.7500000000E+001
   0.7600000000E+001
   0.7700000000E+001
   0.7800000000E+001
   0.7900000000E+001
   0.8000000000E+001
   0.8100000000E+001
   0.8200000000E+001
   0.8300000000E+001
   0.8400000000E+001
   0.8500000000E+001
   0.8600000000E+001
   0.8700000000E+001
   0.8800000000E+001
   0.8900000000E+001
   0.9000000000E+001
   0.9100000000E+001
   0.9200000000E+001
   0.9300000000E+001
   0.9400000000E+001
   0.9500000000E+001
   0.9600000000E+001
   0.9700000000E+001
   0.9800000000E+001
   0.9900000000E+001
   0.1000000000E+002
   0.1010000000E+002
   0.1020000000E+002
   0.1030000000E+002
   0.1040000000E+002
   0.1050000000E+002
   0.1060000000E+002
   0.1070000000E+002
   0.1080000000E+002
   0.1090000000E+002
   0.1100000000E+002
   0.1110000000E+002
   0.1120000000E+002
   0.1130000000E+002
   0.1140000000E+002
   0.1150000000E+002
   0.1160000000E+002
   0.1170000000E+002
   0.1180000000E+002
   0.1190000000E+002
   0.1200000000E+002
   0.1210000000E+002
   0.1220000000E+002
   0.1230000000E+002
   0.1240000000E+002
   0.1250000000E+002
   0.1260000000E+002
   0.1270000000E+002
   0.1280000000E+002
   0.1290000000E+002
   0.1300000000E+002
   0.1310000000E+002
   0.1320000000E+002
   0.1330000000E+002
   0.1340000000E+002
   0.1350000000E+002
   0.1360000000E+002
   0.1370000000E+002
   0.1380000000E+002
   0.1390000000E+002
   0.1400000000E+002
   0.1410000000E+002
   0.1420000000E+002
   0.1430000000E+002
   0.1440000000E+002
   0.1450000000E+002
   0.1460000000E+002
   0.1470000000E+002
   0.1480000000E+002
   0.1490000000E+002
   0.1500000000E+002
   0.1510000000E+002
   0.1520000000E+002
   0.1530000000E+002
   0.1540000000E+002
   0.1550000000E+002
   0.1560000000E+002
   0.1570000000E+002
   0.1580000000E+002
   0.1590000000E+002
   0.1600000000E+002
   0.1610000000E+002
   0.1620000000E+002
   0.1630000000E+002
   0.1640000000E+002
   0.1650000000E+002
   0.1660000000E+002
   0.1670000000E+002
   0.1680000000E+002
   0.1690000000E+002
   0.1700000000E+002
   0.1710000000E+002
   0.1720000000E+002
   0.1730000000E+002
   0.1740000000E+002
   0.1750000000E+002
   0.1760000000E+002
   0.1770000000E+002
   0.1780000000E+002
   0.1790000000E+002
   0.1800000000E+002
   0.1810000000E+002
   0.1820000000E+002
   0.1830000000E+002
   0.1840000000E+002
   0.1850000000E+002
   0.1860000000E+002
   0.1870000000E+002
   0.1880000000E+002
   0.1890000000E+002
   0.1900000000E+002
   0.1910000000E+002
   0.1920000000E+002
   0.1930000000E+002
   0.1940000000E+002
   0.1950000000E+002
   0.1960000000E+002
   0.1970000000E+002
   0.1980000000E+002
   0.1990000000E+002
   0.2000000000E+002
   0.2010000000E+002
   0.2020000000E+002
   0.2030000000E+002
   0.2040000000E+002
   0.2050000000E+002
   0.2060000000E+002
   0.2070000000E+002
   0.2080000000E+002
   0.2090000000E+002
   0.2100000000E+002
   0.2110000000E+002
   0.2120000000E+002
   0.2130000000E+002
   0.2140000000E+002
   0.2150000000E+002
   0.2160000000E+002
   0.2170000000E+002
   0.2180000000E+002
   0.2190000000E+002
   0.2200000000E+002
   0.2210000000E+002
   0.2220000000E+002
   0.2230000000E+002
   0.2240000000E+002
   0.2250000000E+002
   0.2260000000E+002
   0.2270000000E+002
   0.2280000000E+002
   0.2290000000E+002
   0.2300000000E+002
   0.2310000000E+002
   0.2320000000E+002
   0.2330000000E+002
   0.2340000000E+002
   0.2350000000E+002
   0.2360000000E+002
   0.2370000000E+002
   0.2380000000E+002
   0.2390000000E+002
   0.2400000000E+002
   0.2410000000E+002
   0.2420000000E+002
   0.2430000000E+002
   0.2440000000E+002
   0.2450000000E+002
   0.2460000000E+002
   0.2470000000E+002
   0.2480000000E+002
   0.2490000000E+002
   0.2500000000E+002
   0.2510000000E+002
   0.2520000000E+002
   0.2530000000E+002
   0.2540000000E+002
   0.2550000000E+002
   0.2560000000E+002
   0.2570000000E+002
   0.2580000000E+002
   0.2590000000E+002
   0.2600000000E+002
   0.2610000000E+002
   0.2620000000E+002
   0.2630000000E+002
   0.2640000000E+002
   0.2650000000E+002
   0.2660000000E+002
   0.2670000000E+002
   0.2680000000E+002
   0.2690000000E+002
   0.2700000000E+002
   0.2710000000E+002
   0.2720000000E+002
   0.2730000000E+002
   0.2740000000E+002
   0.2750000000E+002
   0.2760000000E+002
   0.2770000000E+002
   0.2780000000E+002
   0.2790000000E+002
   0.2800000000E+002
   0.2810000000E+002
   0.2820000000E+002
   0.2830000000E+002
   0.2840000000E+002
   0.2850000000E+002
   0.2860000000E+002
   0.2870000000E+002
   0.2880000000E+002
   0.2890000000E+002
   0.2900000000E+002
   0.2910000000E+002
   0.2920000000E+002
   0.2930000000E+002
   0.2940000000E+002
   0.2950000000E+002
   0.2960000000E+002
   0.2970000000E+002
   0.2980000000E+002
   0.2990000000E+002
   0.3000000000E+002
   0.3010000000E+002
   0.3020000000E+002
   0.3030000000E+002
   0.3040000000E+002
   0.3050000000E+002
   0.3060000000E+002
   0.3070000000E+002
   0.3080000000E+002
   0.3090000000E+002
   0.3100000000E+002
   0.3110000000E+002
   0.3120000000E+002
   0.3130000000E+002
   0.3140000000E+002
   0.3150000000E+002
   0.3160000000E+002
   0.3170000000E+002
   0.3180000000E+002
   0.3190000000E+002
   0.3200000000E+002
   0.3210000000E+002
   0.3220000000E+002
   0.3230000000E+002
   0.3240000000E+002
   0.3250000000E+002
   0.3260000000E+002
   0.3270000000E+002
   0.3280000000E+002
   0.3290000000E+002
   0.3300000000E+002
   0.3310000000E+002
   0.3320000000E+002
   0.3330000000E+002
   0.3340000000E+002
   0.3350000000E+002
   0.3360000000E+002
   0.3370000000E+002
   0.3380000000E+002
   0.3390000000E+002
   0.3400000000E+002
   0.3410000000E+002
   0.3420000000E+002
   0.3430000000E+002
   0.3440000000E+002
   0.3450000000E+002
   0.3460000000E+002
   0.3470000000E+002
   0.3480000000E+002
   0.3490000000E+002
   0.3500000000E+002
   0.3510000000E+002
   0.3520000000E+002
   0.3530000000E+002
   0.3540000000E+002
   0.3550000000E+002
   0.3560000000E+002
   0.3570000000E+002
   0.3580000000E+002
   0.3590000000E+002
   0.3600000000E+002
   0.3610000000E+002
   0.3620000000E+002
   0.3630000000E+002
   0.3640000000E+002
   0.3650000000E+002
   0.3660000000E+002
   0.3670000000E+002
   0.3680000000E+002
   0.3690000000E+002
   0.3700000000E+002
   0.3710000000E+002
   0.3720000000E+002
   0.3730000000E+002
   0.3740000000E+002
   0.3750000000E+002
   0.3760000000E+002
   0.3770000000E+002
   0.3780000000E+002
   0.3790000000E+002
   0.3800000000E+002
   0.3810000000E+002
   0.3820000000E+002
   0.3830000000E+002
   0.3840000000E+002
   0.3850000000E+002
   0.3860000000E+002
   0.3870000000E+002
   0.3880000000E+002
   0.3890000000E+002
   0.3900000000E+002
   0.3910000000E+002
   0.3920000000E+002
   0.3930000000E+002
   0.3940000000E+002
   0.3950000000E+002
   0.3960000000E+002
   0.3970000000E+002
   0.3980000000E+002
   0.3990000000E+002
   0.4000000000E+002
   0.4010000000E+002
   0.4020000000E+002
   0.4030000000E+002
   0.4040000000E+002
   0.4050000000E+002
   0.4060000000E+002
   0.4070000000E+002
   0.4080000000E+002
   0.4090000000E+002
   0.4100000000E+002
   0.4110000000E+002
   0.4120000000E+002
   0.4130000000E+002
   0.4140000000E+002
   0.4150000000E+002
   0.4160000000E+002
   0.4170000000E+002
   0.4180000000E+002
   0.4190000000E+002
   0.4200000000E+002
   0.4210000000E+002
   0.4220000000E+002
   0.4230000000E+002
   0.4240000000E+002
   0.4250000000E+002
   0.4260000000E+002
   0.4270000000E+002
   0.4280000000E+002
   0.4290000000E+002
   0.4300000000E+002
   0.4310000000E+002
   0.4320000000E+002
   0.4330000000E+002
   0.4340000000E+002
   0.4350000000E+002
   0.4360000000E+002
   0.4370000000E+002
   0.4380000000E+002
   0.4390000000E+002
   0.4400000000E+002
   0.4410000000E+002
   0.4420000000E+002
   0.4430000000E+002
   0.4440000000E+002
   0.4450000000E+002
   0.4460000000E+002
   0.4470000000E+002
   0.4480000000E+002
   0.4490000000E+002
   0.4500000000E+002
   0.4510000000E+002
   0.4520000000E+002
   0.4530000000E+002
   0.4540000000E+002
   0.4550000000E+002
   0.4560000000E+002
   0.4570000000E+002
   0.4580000000E+002
   0.4590000000E+002
   0.4600000000E+002
   0.4610000000E+002
   0.4620000000E+002
   0.4630000000E+002
   0.4640000000E+002
   0.4650000000E+002
   0.4660000000E+002
   0.4670000000E+002
   0.4680000000E+002
   0.4690000000E+002
   0.4700000000E+002
   0.4710000000E+002
   0.4720000000E+002
   0.4730000000E+002
   0.4740000000E+002
   0.4750000000E+002
   0.4760000000E+002
   0.4770000000E+002
   0.4780000000E+002
   0.4790000000E+002
   0.4800000000E+002
   0.4810000000E+002
   0.4820000000E+002
   0.4830000000E+002
   0.4840000000E+002
   0.4850000000E+002
   0.4860000000E+002
   0.4870000000E+002
   0.4880000000E+002
   0.4890000000E+002
   0.4900000000E+002
   0.4910000000E+002
   0.4920000000E+002
   0.4930000000E+002
   0.4940000000E+002
   0.4950000000E+002
   0.4960000000E+002
   0.4970000000E+002
   0.4980000000E+002
   0.4990000000E+002
   0.5000000000E+002
   0.5010000000E+002
   0.5020000000E+002
   0.5030000000E+002
   0.5040000000E+002
   0.5050000000E+002
   0.5060000000E+002
   0.5070000000E+002
   0.5080000000E+002
   0.5090000000E+002
   0.5100000000E+002
   0.5110000000E+002
   0.5120000000E+002
   0.5130000000E+002
   0.5140000000E+002
   0.5150000000E+002
   0.5160000000E+002
   0.5170000000E+002
   0.5180000000E+002
   0.5190000000E+002
   0.5200000000E+002
   0.5210000000E+002
   0.5220000000E+002
   0.5230000000E+002
   0.5240000000E+002
   0.5250000000E+002
   0.5260000000E+002
   0.5270000000E+002
   0.5280000000E+002
   0.5290000000E+002
   0.5300000000E+002
   0.5310000000E+002
   0.5320000000E+002
   0.5330000000E+002
   0.5340000000E+002
   0.5350000000E+002
   0.5360000000E+002
   0.5370000000E+002
   0.5380000000E+002
   0.5390000000E+002
   0.5400000000E+002
   0.5410000000E+002
   0.5420000000E+002
   0.5430000000E+002
   0.5440000000E+002
   0.5450000000E+002
   0.5460000000E+002
   0.5470000000E+002
   0.5480000000E+002
   0.5490000000E+002
   0.5500000000E+002
   0.5510000000E+002
   0.5520000000E+002
   0.5530000000E+002
   0.5540000000E+002
   0.5550000000E+002
   0.5560000000E+002
   0.5570000000E+002
   0.5580000000E+002
   0.5590000000E+002
   0.5600000000E+002
   0.5610000000E+002
   0.5620000000E+002
   0.5630000000E+002
   0.5640000000E+002
   0.5650000000E+002
   0.5660000000E+002
   0.5670000000E+002
   0.5680000000E+002
   0.5690000000E+002
   0.5700000000E+002
   0.5710000000E+002
   0.5720000000E+002
   0.5730000000E+002
   0.5740000000E+002
   0.5750000000E+002
   0.5760000000E+002
   0.5770000000E+002
   0.5780000000E+002
   0.5790000000E+002
   0.5800000000E+002
   0.5810000000E+002
   0.5820000000E+002
   0.5830000000E+002
   0.5840000000E+002
   0.5850000000E+002
   0.5860000000E+002
   0.5870000000E+002
   0.5880000000E+002
   0.5890000000E+002
   0.5900000000E+002
   0.5910000000E+002
   0.5920000000E+002
   0.5930000000E+002
   0.5940000000E+002
   0.5950000000E+002
   0.5960000000E+002
   0.5970000000E+002
   0.5980000000E+002
   0.5990000000E+002
   0.6000000000E+002
   0.6010000000E+002
   0.6020000000E+002
   0.6030000000E+002
   0.6040000000E+002
   0.6050000000E+002
   0.6060000000E+002
   0.6070000000E+002
   0.6080000000E+002
   0.6090000000E+002
   0.6100000000E+002
   0.6110000000E+002
   0.6120000000E+002
   0.6130000000E+002
   0.6140000000E+002
   0.6150000000E+002
   0.6160000000E+002
   0.6170000000E+002
   0.6180000000E+002
   0.6190000000E+002
   0.6200000000E+002
   0.6210000000E+002
   0.6220000000E+002
   0.6230000000E+002
   0.6240000000E+002
   0.6250000000E+002
   0.6260000000E+002
   0.6270000000E+002
   0.6280000000E+002
   0.6290000000E+002
   0.6300000000E+002
   0.6310000000E+002
   0.6320000000E+002
   0.6330000000E+002
   0.6340000000E+002
   0.6350000000E+002
   0.6360000000E+002
   0.6370000000E+002
   0.6380000000E+002
   0.6390000000E+002
   0.6400000000E+002
   0.6410000000E+002
   0.6420000000E+002
   0.6430000000E+002
   0.6440000000E+002
   0.6450000000E+002
   0.6460000000E+002
   0.6470000000E+002
   0.6480000000E+002
   0.6490000000E+002
   0.6500000000E+002
   0.6510000000E+002
   0.6520000000E+002
   0.6530000000E+002
   0.6540000000E+002
   0.6550000000E+002
   0.6560000000E+002
   0.6570000000E+002
   0.6580000000E+002
   0.6590000000E+002
   0.6600000000E+002
   0.6610000000E+002
   0.6620000000E+002
   0.6630000000E+002
   0.6640000000E+002
   0.6650000000E+002
   0.6660000000E+002
   0.6670000000E+002
   0.6680000000E+002
   0.6690000000E+002
   0.6700000000E+002
   0.6710000000E+002
   0.6720000000E+002
   0.6730000000E+002
   0.6740000000E+002
   0.6750000000E+002
   0.6760000000E+002
   0.6770000000E+002
   0.6780000000E+002
   0.6790000000E+002
   0.6800000000E+002
   0.6810000000E+002
   0.6820000000E+002
   0.6830000000E+002
   0.6840000000E+002
   0.6850000000E+002
   0.6860000000E+002
   0.6870000000E+002
   0.6880000000E+002
   0.6890000000E+002
   0.6900000000E+002
   0.6910000000E+002
   0.6920000000E+002
   0.6930000000E+002
   0.6940000000E+002
   0.6950000000E+002
   0.6960000000E+002
   0.6970000000E+002
   0.6980000000E+002
   0.6990000000E+002
   0.7000000000E+002
   0.7010000000E+002
   0.7020000000E+002
   0.7030000000E+002
   0.7040000000E+002
   0.7050000000E+002
   0.7060000000E+002
   0.7070000000E+002
   0.7080000000E+002
   0.7090000000E+002
   0.7100000000E+002
   0.7110000000E+002
   0.7120000000E+002
   0.7130000000E+002
   0.7140000000E+002
   0.7150000000E+002
   0.7160000000E+002
   0.7170000000E+002
   0.7180000000E+002
   0.7190000000E+002
   0.7200000000E+002
   0.7210000000E+002
   0.7220000000E+002
   0.7230000000E+002
   0.7240000000E+002
   0.7250000000E+002
   0.7260000000E+002
   0.7270000000E+002
   0.7280000000E+002
   0.7290000000E+002
   0.7300000000E+002
   0.7310000000E+002
   0.7320000000E+002
   0.7330000000E+002
   0.7340000000E+002
   0.7350000000E+002
   0.7360000000E+002
   0.7370000000E+002
   0.7380000000E+002
   0.7390000000E+002
   0.7400000000E+002
   0.7410000000E+002
   0.7420000000E+002
   0.7430000000E+002
   0.7440000000E+002
   0.7450000000E+002
   0.7460000000E+002
   0.7470000000E+002
   0.7480000000E+002
   0.7490000000E+002
   0.7500000000E+002
   0.7510000000E+002
   0.7520000000E+002
   0.7530000000E+002
   0.7540000000E+002
   0.7550000000E+002
   0.7560000000E+002
   0.7570000000E+002
   0.7580000000E+002
   0.7590000000E+002
   0.7600000000E+002
   0.7610000000E+002
   0.7620000000E+002
   0.7630000000E+002
   0.7640000000E+002
   0.7650000000E+002
   0.7660000000E+002
   0.7670000000E+002
   0.7680000000E+002
   0.7690000000E+002
   0.7700000000E+002
   0.7710000000E+002
   0.7720000000E+002
   0.7730000000E+002
   0.7740000000E+002
   0.7750000000E+002
   0.7760000000E+002
   0.7770000000E+002
   0.7780000000E+002
   0.7790000000E+002
   0.7800000000E+002
   0.7810000000E+002
   0.7820000000E+002
   0.7830000000E+002
   0.7840000000E+002
   0.7850000000E+002
   0.7860000000E+002
   0.7870000000E+002
   0.7880000000E+002
   0.7890000000E+002
   0.7900000000E+002
   0.7910000000E+002
   0.7920000000E+002
   0.7930000000E+002
   0.7940000000E+002
   0.7950000000E+002
   0.7960000000E+002
   0.7970000000E+002
   0.7980000000E+002
   0.7990000000E+002
   0.8000000000E+002
   0.8010000000E+002
   0.8020000000E+002
   0.8030000000E+002
   0.8040000000E+002
   0.8050000000E+002
   0.8060000000E+002
   0.8070000000E+002
   0.8080000000E+002
   0.8090000000E+002
   0.8100000000E+002
   0.8110000000E+002
   0.8120000000E+002
   0.8130000000E+002
   0.8140000000E+002
   0.8150000000E+002
   0.8160000000E+002
   0.8170000000E+002
   0.8180000000E+002
   0.8190000000E+002
   0.8200000000E+002
   0.8210000000E+002
   0.8220000000E+002
   0.8230000000E+002
   0.8240000000E+002
   0.8250000000E+002
   0.8260000000E+002
   0.8270000000E+002
   0.8280000000E+002
   0.8290000000E+002
   0.8300000000E+002
   0.8310000000E+002
   0.8320000000E+002
   0.8330000000E+002
   0.8340000000E+002
   0.8350000000E+002
   0.8360000000E+002
   0.8370000000E+002
   0.8380000000E+002
   0.8390000000E+002
   0.8400000000E+002
   0.8410000000E+002
   0.8420000000E+002
   0.8430000000E+002
   0.8440000000E+002
   0.8450000000E+002
   0.8460000000E+002
   0.8470000000E+002
   0.8480000000E+002
   0.8490000000E+002
   0.8500000000E+002
   0.8510000000E+002
   0.8520000000E+002
   0.8530000000E+002
   0.8540000000E+002
   0.8550000000E+002
   0.8560000000E+002
   0.8570000000E+002
   0.8580000000E+002
   0.8590000000E+002
   0.8600000000E+002
   0.8610000000E+002
   0.8620000000E+002
   0.8630000000E+002
   0.8640000000E+002
   0.8650000000E+002
   0.8660000000E+002
   0.8670000000E+002
   0.8680000000E+002
   0.8690000000E+002
   0.8700000000E+002
   0.8710000000E+002
   0.8720000000E+002
   0.8730000000E+002
   0.8740000000E+002
   0.8750000000E+002
   0.8760000000E+002
   0.8770000000E+002
   0.8780000000E+002
   0.8790000000E+002
   0.8800000000E+002
   0.8810000000E+002
   0.8820000000E+002
   0.8830000000E+002
   0.8840000000E+002
   0.8850000000E+002
   0.8860000000E+002
   0.8870000000E+002
   0.8880000000E+002
   0.8890000000E+002
   0.8900000000E+002
   0.8910000000E+002
   0.8920000000E+002
   0.8930000000E+002
   0.8940000000E+002
   0.8950000000E+002
   0.8960000000E+002
   0.8970000000E+002
   0.8980000000E+002
   0.8990000000E+002
   0.9000000000E+002
   0.9010000000E+002
   0.9020000000E+002
   0.9030000000E+002
   0.9040000000E+002
   0.9050000000E+002
   0.9060000000E+002
   0.9070000000E+002
   0.9080000000E+002
   0.9090000000E+002
   0.9100000000E+002
   0.9110000000E+002
   0.9120000000E+002
   0.9130000000E+002
   0.9140000000E+002
   0.9150000000E+002
   0.9160000000E+002
   0.9170000000E+002
   0.9180000000E+002
   0.9190000000E+002
   0.9200000000E+002
   0.9210000000E+002
   0.9220000000E+002
   0.9230000000E+002
   0.9240000000E+002
   0.9250000000E+002
   0.9260000000E+002
   0.9270000000E+002
   0.9280000000E+002
   0.9290000000E+002
   0.9300000000E+002
   0.9310000000E+002
   0.9320000000E+002
   0.9330000000E+002
   0.9340000000E+002
   0.9350000000E+002
   0.9360000000E+002
   0.9370000000E+002
   0.9380000000E+002
   0.9390000000E+002
   0.9400000000E+002
   0.9410000000E+002
   0.9420000000E+002
   0.9430000000E+002
   0.9440000000E+002
   0.9450000000E+002
   0.9460000000E+002
   0.9470000000E+002
   0.9480000000E+002
   0.9490000000E+002
   0.9500000000E+002
   0.9510000000E+002
   0.9520000000E+002
   0.9530000000E+002
   0.9540000000E+002
   0.9550000000E+002
   0.9560000000E+002
   0.9570000000E+002
   0.9580000000E+002
   0.9590000000E+002
   0.9600000000E+002
   0.9610000000E+002
   0.9620000000E+002
   0.9630000000E+002
   0.9640000000E+002
   0.9650000000E+002
   0.9660000000E+002
   0.9670000000E+002
   0.9680000000E+002
   0.9690000000E+002
   0.9700000000E+002
   0.9710000000E+002
   0.9720000000E+002
   0.9730000000E+002
   0.9740000000E+002
   0.9750000000E+002
   0.9760000000E+002
   0.9770000000E+002
   0.9780000000E+002
   0.9790000000E+002
   0.9800000000E+002
   0.9810000000E+002
   0.9820000000E+002
   0.9830000000E+002
   0.9840000000E+002
   0.9850000000E+002
   0.9860000000E+002
   0.9870000000E+002
   0.9880000000E+002
   0.9890000000E+002
   0.9900000000E+002
   0.9910000000E+002
   0.9920000000E+002
   0.9930000000E+002
   0.9940000000E+002
   0.9950000000E+002
   0.9960000000E+002
   0.9970000000E+002
   0.9980000000E+002
   0.9990000000E+002
   0.1000000000E+003
