   0.0000000000E+000
   0.1056973880E-008
   0.2642433130E-008
   0.5020618475E-008
   0.8587888545E-008
   0.1393877577E-007
   0.2196506639E-007
   0.3400441182E-007
   0.5206322634E-007
   0.7915098999E-007
   0.1197816047E-006
   0.1807252079E-006
   0.2721353959E-006
   0.4092389426E-006
   0.6148678668E-006
   0.9232518915E-006
   0.1385694462E-005
   0.2079058346E-005
   0.3118430340E-005
   0.4675975928E-005
   0.7008903876E-005
   0.1050070912E-004
   0.1572148643E-004
   0.2351502143E-004
   0.3512217742E-004
   0.4876977725E-004
   0.6437339517E-004
   0.8292349088E-004
   0.1053788888E-003
   0.1328127956E-003
   0.1664830284E-003
   0.2078853767E-003
   0.2588035246E-003
   0.3213592794E-003
   0.3980639960E-003
   0.4918712355E-003
   0.6062308212E-003
   0.7451452983E-003
   0.9132312029E-003
   0.1115789210E-002
   0.1358888715E-002
   0.1649473255E-002
   0.1995493118E-002
   0.2382990909E-002
   0.2791651205E-002
   0.3236508126E-002
   0.3728556980E-002
   0.4277497313E-002
   0.4892797493E-002
   0.5584236375E-002
   0.6362247031E-002
   0.7238177673E-002
   0.8224517861E-002
   0.9335112994E-002
   0.1000000000E-001
