   0.0000000000E+000
   0.2534460207E-011
   0.6336150517E-011
   0.1203868598E-010
   0.2059248918E-010
   0.3342319397E-010
   0.5266925116E-010
   0.8153833694E-010
   0.1248419656E-009
   0.1897974086E-009
   0.2872305729E-009
   0.4333803194E-009
   0.6526049387E-009
   0.9814418671E-009
   0.1474697258E-008
   0.2214580341E-008
   0.3324404959E-008
   0.4989141867E-008
   0.7486247192E-008
   0.1123190509E-007
   0.1685039175E-007
   0.2527812129E-007
   0.3791971463E-007
   0.5688210241E-007
   0.8532567909E-007
   0.1279910329E-006
   0.1919890383E-006
   0.2879859896E-006
   0.4319812886E-006
   0.6479739493E-006
   0.9719622928E-006
   0.1457943351E-005
   0.2186911660E-005
   0.3280356748E-005
   0.4920507785E-005
   0.7380697004E-005
   0.1007719451E-004
   0.1321997780E-004
   0.1700018229E-004
   0.2161968970E-004
   0.2731501087E-004
   0.3437342955E-004
   0.4314900969E-004
   0.5408098708E-004
   0.6771602390E-004
   0.8473564732E-004
   0.1059903249E-003
   0.1325419058E-003
   0.1657165456E-003
   0.2071707322E-003
   0.2589736596E-003
   0.3237099810E-003
   0.4046079356E-003
   0.5056990364E-003
   0.6320169586E-003
   0.7898450419E-003
   0.9870239527E-003
   0.1233333617E-002
   0.1495662910E-002
   0.1783321370E-002
   0.2107262852E-002
   0.2477254744E-002
   0.2903253119E-002
   0.3396060827E-002
   0.3967765841E-002
   0.4632111791E-002
   0.5404859590E-002
   0.6304168258E-002
   0.7351011398E-002
   0.8569641134E-002
   0.9988109280E-002
   0.1000000000E-001
