   0.0000000000E+000
   0.5061701721E-010
   0.1265425430E-009
   0.2404308317E-009
   0.4112632647E-009
   0.6675119140E-009
   0.1051884888E-008
   0.1628444348E-008
   0.2493283537E-008
   0.3790542317E-008
   0.5736430480E-008
   0.8655262711E-008
   0.1303351102E-007
   0.1960088342E-007
   0.2945194184E-007
   0.4422852908E-007
   0.6639340909E-007
   0.9964072717E-007
   0.1495116999E-006
   0.2243181493E-006
   0.3365278012E-006
   0.5048422295E-006
   0.7573137602E-006
   0.1136020805E-005
   0.1704080807E-005
   0.2556169538E-005
   0.3834299773E-005
   0.5751488686E-005
   0.8627257568E-005
   0.1294087829E-004
   0.1941123605E-004
   0.2911660768E-004
   0.4367429393E-004
   0.6550998826E-004
   0.9826165138E-004
   0.1415297136E-003
   0.1898962894E-003
   0.2470464885E-003
   0.3162445195E-003
   0.4011130150E-003
   0.5059671289E-003
   0.6360823143E-003
   0.7979787233E-003
   0.9997559688E-003
   0.1251501699E-002
   0.1565797012E-002
   0.1958344863E-002
   0.2448753166E-002
   0.3061511503E-002
   0.3827209666E-002
   0.4784057884E-002
   0.5979783106E-002
   0.7473993704E-002
   0.9341127258E-002
   0.1000000000E-001
