   0.1103994138E+000
   0.1103994139E+000
   0.1103994140E+000
   0.1103994141E+000
   0.1103994143E+000
   0.1103994146E+000
   0.1103994150E+000
   0.1103994157E+000
   0.1103994167E+000
   0.1103994182E+000
   0.1103994204E+000
   0.1103994237E+000
   0.1103994287E+000
   0.1103994362E+000
   0.1103994474E+000
   0.1103994643E+000
   0.1103994896E+000
   0.1103995275E+000
   0.1103995843E+000
   0.1103996697E+000
   0.1103997976E+000
   0.1103999896E+000
   0.1104002775E+000
   0.1104007094E+000
   0.1104013572E+000
   0.1104023289E+000
   0.1104037864E+000
   0.1104059728E+000
   0.1104092522E+000
   0.1104141712E+000
   0.1104215494E+000
   0.1104326161E+000
   0.1104492148E+000
   0.1104741098E+000
   0.1105114451E+000
   0.1105674323E+000
   0.1106513775E+000
   0.1107578585E+000
   0.1108779642E+000
   0.1110203391E+000
   0.1111929438E+000
   0.1114046960E+000
   0.1116662285E+000
   0.1119905118E+000
   0.1123935124E+000
   0.1128949545E+000
   0.1135192284E+000
   0.1142964775E+000
   0.1149239280E+000
