   0.4935183737E+000
   0.4935183737E+000
   0.4935183737E+000
   0.4935183737E+000
   0.4935183737E+000
   0.4935183737E+000
   0.4935183737E+000
   0.4935183737E+000
   0.4935183737E+000
   0.4935183737E+000
   0.4935183737E+000
   0.4935183737E+000
   0.4935183737E+000
   0.4935183737E+000
   0.4935183738E+000
   0.4935183738E+000
   0.4935183739E+000
   0.4935183741E+000
   0.4935183743E+000
   0.4935183746E+000
   0.4935183750E+000
   0.4935183757E+000
   0.4935183767E+000
   0.4935183783E+000
   0.4935183806E+000
   0.4935183840E+000
   0.4935183892E+000
   0.4935183969E+000
   0.4935184085E+000
   0.4935184259E+000
   0.4935184519E+000
   0.4935184908E+000
   0.4935185486E+000
   0.4935186347E+000
   0.4935187618E+000
   0.4935189485E+000
   0.4935192191E+000
   0.4935195465E+000
   0.4935198945E+000
   0.4935202777E+000
   0.4935206996E+000
   0.4935211534E+000
   0.4935216167E+000
   0.4935220419E+000
   0.4935223399E+000
   0.4935223535E+000
   0.4935218163E+000
   0.4935202868E+000
   0.4935183542E+000
