   0.4944199055E+000
   0.4944199055E+000
   0.4944199055E+000
   0.4944199054E+000
   0.4944199054E+000
   0.4944199054E+000
   0.4944199053E+000
   0.4944199053E+000
   0.4944199052E+000
   0.4944199050E+000
   0.4944199048E+000
   0.4944199045E+000
   0.4944199040E+000
   0.4944199032E+000
   0.4944199021E+000
   0.4944199004E+000
   0.4944198978E+000
   0.4944198940E+000
   0.4944198883E+000
   0.4944198796E+000
   0.4944198667E+000
   0.4944198474E+000
   0.4944198183E+000
   0.4944197747E+000
   0.4944197093E+000
   0.4944196113E+000
   0.4944194642E+000
   0.4944192435E+000
   0.4944189125E+000
   0.4944184161E+000
   0.4944176715E+000
   0.4944165548E+000
   0.4944148799E+000
   0.4944123683E+000
   0.4944086021E+000
   0.4944029560E+000
   0.4943944937E+000
   0.4943837654E+000
   0.4943716720E+000
   0.4943573469E+000
   0.4943399957E+000
   0.4943187323E+000
   0.4942925053E+000
   0.4942600397E+000
   0.4942197771E+000
   0.4941698096E+000
   0.4941078044E+000
   0.4940309204E+000
   0.4939691105E+000
