   0.0000000000E+000
   0.8453534007E-010
   0.2113383501E-009
   0.4015428652E-009
   0.6868496377E-009
   0.1114809796E-008
   0.1756750034E-008
   0.2719660388E-008
   0.4164025918E-008
   0.6330574206E-008
   0.9580396624E-008
   0.1445513022E-007
   0.2176723055E-007
   0.3273538089E-007
   0.4918760605E-007
   0.7386594301E-007
   0.1108834467E-006
   0.1664096983E-006
   0.2496990668E-006
   0.3746330996E-006
   0.5620341040E-006
   0.8431355094E-006
   0.1264787390E-005
   0.1897264700E-005
   0.2845979514E-005
   0.4269049144E-005
   0.6403647764E-005
   0.9605532584E-005
   0.1440833032E-004
   0.2161246055E-004
   0.3241850659E-004
   0.4862723971E-004
   0.7293958358E-004
   0.1094063991E-003
   0.1641027973E-003
   0.2461387907E-003
   0.3691734305E-003
   0.5536818799E-003
   0.7877830019E-003
   0.1051918888E-002
   0.1365139651E-002
   0.1745026059E-002
   0.2211313496E-002
   0.2787586643E-002
   0.3502692333E-002
   0.4392256648E-002
   0.5500469186E-002
   0.6882248159E-002
   0.8605895029E-002
   0.1000000000E-001
