   0.0000000000E+000
   0.5360905156E-006
   0.1340225231E-005
   0.2546424925E-005
   0.4355719111E-005
   0.7069648341E-005
   0.1114051508E-004
   0.1724675419E-004
   0.2640597564E-004
   0.4014449907E-004
   0.6075158957E-004
   0.9166066255E-004
   0.1380207563E-003
   0.2075529883E-003
   0.3118335479E-003
   0.4682143829E-003
   0.7026956931E-003
   0.1054215514E-002
   0.1581041181E-002
   0.2370260598E-002
   0.3551805384E-002
   0.5319011620E-002
   0.7958417577E-002
   0.1000000000E-001
